#rbin[i] Nr[i] lbin[i] Nl[i]
 0.000000 0.000000 0.000000 0.000005 
 0.000030 0.000000 0.000030 0.000020 
 0.000060 0.000000 0.000060 0.000031 
 0.000090 0.000000 0.000090 0.000042 
 0.000120 0.000000 0.000120 0.000057 
 0.000150 0.000000 0.000150 0.000072 
 0.000180 0.000000 0.000180 0.000085 
 0.000210 0.000000 0.000210 0.000100 
 0.000240 0.000000 0.000240 0.000112 
 0.000270 0.000000 0.000270 0.000130 
 0.000300 0.000000 0.000300 0.000146 
 0.000330 0.000000 0.000330 0.000164 
 0.000360 0.000000 0.000360 0.000180 
 0.000390 0.000000 0.000390 0.000198 
 0.000420 0.000000 0.000420 0.000219 
 0.000450 0.000000 0.000450 0.000245 
 0.000480 0.000000 0.000480 0.000261 
 0.000510 0.000000 0.000510 0.000285 
 0.000540 0.000000 0.000540 0.000327 
 0.000570 0.000000 0.000570 0.000352 
 0.000600 0.000000 0.000600 0.000391 
 0.000630 0.000000 0.000630 0.000422 
 0.000660 0.000000 0.000660 0.000473 
 0.000690 0.000000 0.000690 0.000506 
 0.000720 0.000000 0.000720 0.000544 
 0.000750 0.000000 0.000750 0.000599 
 0.000780 0.000000 0.000780 0.000633 
 0.000810 0.000000 0.000810 0.000681 
 0.000840 0.000000 0.000840 0.000718 
 0.000870 0.000000 0.000870 0.000785 
 0.000900 0.000000 0.000900 0.000834 
 0.000930 0.000000 0.000930 0.000884 
 0.000960 0.000000 0.000960 0.000919 
 0.000990 0.000000 0.000990 0.000985 
 0.001020 0.000000 0.001020 0.001027 
 0.001050 0.000000 0.001050 0.001091 
 0.001080 0.000000 0.001080 0.001151 
 0.001110 0.000000 0.001110 0.001208 
 0.001140 0.000000 0.001140 0.001252 
 0.001170 0.000000 0.001170 0.001310 
 0.001200 0.000000 0.001200 0.001376 
 0.001230 0.000000 0.001230 0.001419 
 0.001260 0.000000 0.001260 0.001498 
 0.001290 0.000000 0.001290 0.001554 
 0.001320 0.000000 0.001320 0.001624 
 0.001350 0.000000 0.001350 0.001685 
 0.001380 0.000000 0.001380 0.001758 
 0.001410 0.000000 0.001410 0.001821 
 0.001440 0.000000 0.001440 0.001876 
 0.001470 0.000000 0.001470 0.001959 
 0.001500 0.000000 0.001500 0.002028 
 0.001530 0.000000 0.001530 0.002083 
 0.001560 0.000000 0.001560 0.002158 
 0.001590 0.000000 0.001590 0.002219 
 0.001620 0.000000 0.001620 0.002290 
 0.001650 0.000000 0.001650 0.002332 
 0.001680 0.000000 0.001680 0.002411 
 0.001710 0.000000 0.001710 0.002474 
 0.001740 0.000000 0.001740 0.002521 
 0.001770 0.000000 0.001770 0.002590 
 0.001800 0.000000 0.001800 0.002635 
 0.001830 0.000000 0.001830 0.002666 
 0.001860 0.000000 0.001860 0.002697 
 0.001890 0.000000 0.001890 0.002731 
 0.001920 0.000000 0.001920 0.002776 
 0.001950 0.000000 0.001950 0.002776 
 0.001980 0.000000 0.001980 0.002806 
 0.002010 0.000000 0.002010 0.002826 
 0.002040 0.000000 0.002040 0.002840 
 0.002070 0.000000 0.002070 0.002842 
 0.002100 0.000000 0.002100 0.002851 
 0.002130 0.000000 0.002130 0.002866 
 0.002160 0.000000 0.002160 0.002852 
 0.002190 0.000000 0.002190 0.002845 
 0.002220 0.000000 0.002220 0.002849 
 0.002250 0.000000 0.002250 0.002837 
 0.002280 0.000000 0.002280 0.002814 
 0.002310 0.000000 0.002310 0.002831 
 0.002340 0.000000 0.002340 0.002805 
 0.002370 0.000000 0.002370 0.002788 
 0.002400 0.000000 0.002400 0.002776 
 0.002430 0.000000 0.002430 0.002768 
 0.002460 0.000000 0.002460 0.002743 
 0.002490 0.000000 0.002490 0.002727 
 0.002520 0.000000 0.002520 0.002684 
 0.002550 0.000000 0.002550 0.002667 
 0.002580 0.000000 0.002580 0.002645 
 0.002610 0.000000 0.002610 0.002607 
 0.002640 0.000000 0.002640 0.002574 
 0.002670 0.000000 0.002670 0.002543 
 0.002700 0.000000 0.002700 0.002514 
 0.002730 0.000000 0.002730 0.002490 
 0.002760 0.000000 0.002760 0.002469 
 0.002790 0.000000 0.002790 0.002428 
 0.002820 0.000000 0.002820 0.002422 
 0.002850 0.000000 0.002850 0.002373 
 0.002880 0.000000 0.002880 0.002354 
 0.002910 0.000000 0.002910 0.002327 
 0.002940 0.000000 0.002940 0.002305 
 0.002970 0.000000 0.002970 0.002283 
 0.003000 0.000000 0.003000 0.002250 
 0.003030 0.000000 0.003030 0.002215 
 0.003060 0.000000 0.003060 0.002205 
 0.003090 0.000000 0.003090 0.002160 
 0.003120 0.000001 0.003120 0.002147 
 0.003150 0.000000 0.003150 0.002110 
 0.003180 0.000000 0.003180 0.002101 
 0.003210 0.000000 0.003210 0.002071 
 0.003240 0.000000 0.003240 0.002043 
 0.003270 0.000001 0.003270 0.002003 
 0.003300 0.000001 0.003300 0.001990 
 0.003330 0.000000 0.003330 0.001966 
 0.003360 0.000000 0.003360 0.001945 
 0.003390 0.000000 0.003390 0.001921 
 0.003420 0.000001 0.003420 0.001902 
 0.003450 0.000001 0.003450 0.001877 
 0.003480 0.000000 0.003480 0.001835 
 0.003510 0.000000 0.003510 0.001831 
 0.003540 0.000001 0.003540 0.001814 
 0.003570 0.000000 0.003570 0.001791 
 0.003600 0.000000 0.003600 0.001785 
 0.003630 0.000000 0.003630 0.001755 
 0.003660 0.000001 0.003660 0.001757 
 0.003690 0.000000 0.003690 0.001743 
 0.003720 0.000001 0.003720 0.001730 
 0.003750 0.000000 0.003750 0.001714 
 0.003780 0.000001 0.003780 0.001714 
 0.003810 0.000001 0.003810 0.001707 
 0.003840 0.000000 0.003840 0.001716 
 0.003870 0.000001 0.003870 0.001715 
 0.003900 0.000001 0.003900 0.001733 
 0.003930 0.000001 0.003930 0.001734 
 0.003960 0.000001 0.003960 0.001748 
 0.003990 0.000001 0.003990 0.001748 
 0.004020 0.000001 0.004020 0.001746 
 0.004050 0.000000 0.004050 0.001771 
 0.004080 0.000001 0.004080 0.001779 
 0.004110 0.000001 0.004110 0.001774 
 0.004140 0.000001 0.004140 0.001777 
 0.004170 0.000000 0.004170 0.001787 
 0.004200 0.000001 0.004200 0.001795 
 0.004230 0.000001 0.004230 0.001788 
 0.004260 0.000001 0.004260 0.001810 
 0.004290 0.000000 0.004290 0.001802 
 0.004320 0.000000 0.004320 0.001792 
 0.004350 0.000000 0.004350 0.001792 
 0.004380 0.000000 0.004380 0.001804 
 0.004410 0.000001 0.004410 0.001793 
 0.004440 0.000001 0.004440 0.001793 
 0.004470 0.000001 0.004470 0.001796 
 0.004500 0.000001 0.004500 0.001797 
 0.004530 0.000001 0.004530 0.001793 
 0.004560 0.000001 0.004560 0.001781 
 0.004590 0.000001 0.004590 0.001772 
 0.004620 0.000001 0.004620 0.001770 
 0.004650 0.000001 0.004650 0.001751 
 0.004680 0.000001 0.004680 0.001746 
 0.004710 0.000001 0.004710 0.001735 
 0.004740 0.000001 0.004740 0.001714 
 0.004770 0.000001 0.004770 0.001693 
 0.004800 0.000001 0.004800 0.001674 
 0.004830 0.000000 0.004830 0.001661 
 0.004860 0.000000 0.004860 0.001632 
 0.004890 0.000001 0.004890 0.001612 
 0.004920 0.000000 0.004920 0.001592 
 0.004950 0.000000 0.004950 0.001560 
 0.004980 0.000001 0.004980 0.001526 
 0.005010 0.000001 0.005010 0.001492 
 0.005040 0.000001 0.005040 0.001468 
 0.005070 0.000001 0.005070 0.001440 
 0.005100 0.000002 0.005100 0.001398 
 0.005130 0.000001 0.005130 0.001358 
 0.005160 0.000001 0.005160 0.001332 
 0.005190 0.000001 0.005190 0.001282 
 0.005220 0.000001 0.005220 0.001253 
 0.005250 0.000001 0.005250 0.001232 
 0.005280 0.000001 0.005280 0.001171 
 0.005310 0.000001 0.005310 0.001132 
 0.005340 0.000001 0.005340 0.001098 
 0.005370 0.000001 0.005370 0.001065 
 0.005400 0.000001 0.005400 0.001018 
 0.005430 0.000001 0.005430 0.000982 
 0.005460 0.000001 0.005460 0.000952 
 0.005490 0.000001 0.005490 0.000918 
 0.005520 0.000001 0.005520 0.000898 
 0.005550 0.000001 0.005550 0.000872 
 0.005580 0.000002 0.005580 0.000840 
 0.005610 0.000002 0.005610 0.000835 
 0.005640 0.000002 0.005640 0.000808 
 0.005670 0.000001 0.005670 0.000790 
 0.005700 0.000001 0.005700 0.000766 
 0.005730 0.000001 0.005730 0.000760 
 0.005760 0.000001 0.005760 0.000745 
 0.005790 0.000002 0.005790 0.000723 
 0.005820 0.000002 0.005820 0.000717 
 0.005850 0.000002 0.005850 0.000696 
 0.005880 0.000001 0.005880 0.000698 
 0.005910 0.000002 0.005910 0.000674 
 0.005940 0.000002 0.005940 0.000669 
 0.005970 0.000001 0.005970 0.000661 
 0.006000 0.000002 0.006000 0.000659 
 0.006030 0.000002 0.006030 0.000650 
 0.006060 0.000001 0.006060 0.000649 
 0.006090 0.000002 0.006090 0.000644 
 0.006120 0.000002 0.006120 0.000632 
 0.006150 0.000002 0.006150 0.000630 
 0.006180 0.000001 0.006180 0.000631 
 0.006210 0.000001 0.006210 0.000621 
 0.006240 0.000001 0.006240 0.000621 
 0.006270 0.000001 0.006270 0.000623 
 0.006300 0.000002 0.006300 0.000613 
 0.006330 0.000002 0.006330 0.000626 
 0.006360 0.000002 0.006360 0.000622 
 0.006390 0.000003 0.006390 0.000619 
 0.006420 0.000002 0.006420 0.000622 
 0.006450 0.000001 0.006450 0.000620 
 0.006480 0.000001 0.006480 0.000633 
 0.006510 0.000002 0.006510 0.000624 
 0.006540 0.000002 0.006540 0.000635 
 0.006570 0.000002 0.006570 0.000650 
 0.006600 0.000002 0.006600 0.000644 
 0.006630 0.000002 0.006630 0.000641 
 0.006660 0.000001 0.006660 0.000659 
 0.006690 0.000002 0.006690 0.000659 
 0.006720 0.000002 0.006720 0.000669 
 0.006750 0.000002 0.006750 0.000675 
 0.006780 0.000002 0.006780 0.000679 
 0.006810 0.000001 0.006810 0.000696 
 0.006840 0.000002 0.006840 0.000704 
 0.006870 0.000001 0.006870 0.000701 
 0.006900 0.000002 0.006900 0.000723 
 0.006930 0.000002 0.006930 0.000730 
 0.006960 0.000002 0.006960 0.000745 
 0.006990 0.000002 0.006990 0.000753 
 0.007020 0.000002 0.007020 0.000777 
 0.007050 0.000002 0.007050 0.000778 
 0.007080 0.000002 0.007080 0.000802 
 0.007110 0.000002 0.007110 0.000821 
 0.007140 0.000002 0.007140 0.000840 
 0.007170 0.000002 0.007170 0.000856 
 0.007200 0.000003 0.007200 0.000888 
 0.007230 0.000003 0.007230 0.000906 
 0.007260 0.000002 0.007260 0.000931 
 0.007290 0.000002 0.007290 0.000963 
 0.007320 0.000002 0.007320 0.000981 
 0.007350 0.000002 0.007350 0.001016 
 0.007380 0.000003 0.007380 0.001036 
 0.007410 0.000003 0.007410 0.001072 
 0.007440 0.000003 0.007440 0.001116 
 0.007470 0.000004 0.007470 0.001128 
 0.007500 0.000004 0.007500 0.001161 
 0.007530 0.000004 0.007530 0.001190 
 0.007560 0.000004 0.007560 0.001232 
 0.007590 0.000003 0.007590 0.001264 
 0.007620 0.000002 0.007620 0.001298 
 0.007650 0.000003 0.007650 0.001319 
 0.007680 0.000003 0.007680 0.001350 
 0.007710 0.000005 0.007710 0.001381 
 0.007740 0.000004 0.007740 0.001410 
 0.007770 0.000004 0.007770 0.001436 
 0.007800 0.000004 0.007800 0.001465 
 0.007830 0.000004 0.007830 0.001493 
 0.007860 0.000004 0.007860 0.001522 
 0.007890 0.000005 0.007890 0.001548 
 0.007920 0.000005 0.007920 0.001585 
 0.007950 0.000004 0.007950 0.001625 
 0.007980 0.000005 0.007980 0.001636 
 0.008010 0.000005 0.008010 0.001707 
 0.008040 0.000006 0.008040 0.001740 
 0.008070 0.000007 0.008070 0.001790 
 0.008100 0.000005 0.008100 0.001840 
 0.008130 0.000004 0.008130 0.001888 
 0.008160 0.000007 0.008160 0.001928 
 0.008190 0.000006 0.008190 0.001990 
 0.008220 0.000005 0.008220 0.002038 
 0.008250 0.000005 0.008250 0.002081 
 0.008280 0.000007 0.008280 0.002131 
 0.008310 0.000009 0.008310 0.002163 
 0.008340 0.000008 0.008340 0.002202 
 0.008370 0.000008 0.008370 0.002260 
 0.008400 0.000009 0.008400 0.002302 
 0.008430 0.000007 0.008430 0.002341 
 0.008460 0.000009 0.008460 0.002370 
 0.008490 0.000010 0.008490 0.002408 
 0.008520 0.000009 0.008520 0.002454 
 0.008550 0.000009 0.008550 0.002472 
 0.008580 0.000011 0.008580 0.002509 
 0.008610 0.000011 0.008610 0.002555 
 0.008640 0.000013 0.008640 0.002565 
 0.008670 0.000010 0.008670 0.002598 
 0.008700 0.000011 0.008700 0.002603 
 0.008730 0.000011 0.008730 0.002615 
 0.008760 0.000013 0.008760 0.002600 
 0.008790 0.000013 0.008790 0.002617 
 0.008820 0.000014 0.008820 0.002617 
 0.008850 0.000013 0.008850 0.002625 
 0.008880 0.000012 0.008880 0.002621 
 0.008910 0.000014 0.008910 0.002618 
 0.008940 0.000016 0.008940 0.002605 
 0.008970 0.000013 0.008970 0.002602 
 0.009000 0.000015 0.009000 0.002595 
 0.009030 0.000014 0.009030 0.002588 
 0.009060 0.000017 0.009060 0.002575 
 0.009090 0.000016 0.009090 0.002538 
 0.009120 0.000016 0.009120 0.002518 
 0.009150 0.000018 0.009150 0.002476 
 0.009180 0.000018 0.009180 0.002410 
 0.009210 0.000014 0.009210 0.002361 
 0.009240 0.000016 0.009240 0.002291 
 0.009270 0.000017 0.009270 0.002258 
 0.009300 0.000015 0.009300 0.002189 
 0.009330 0.000016 0.009330 0.002129 
 0.009360 0.000017 0.009360 0.002076 
 0.009390 0.000013 0.009390 0.002012 
 0.009420 0.000014 0.009420 0.001954 
 0.009450 0.000016 0.009450 0.001886 
 0.009480 0.000014 0.009480 0.001834 
 0.009510 0.000014 0.009510 0.001754 
 0.009540 0.000014 0.009540 0.001693 
 0.009570 0.000014 0.009570 0.001608 
 0.009600 0.000015 0.009600 0.001547 
 0.009630 0.000013 0.009630 0.001493 
 0.009660 0.000013 0.009660 0.001417 
 0.009690 0.000014 0.009690 0.001367 
 0.009720 0.000013 0.009720 0.001303 
 0.009750 0.000014 0.009750 0.001254 
 0.009780 0.000014 0.009780 0.001197 
 0.009810 0.000014 0.009810 0.001132 
 0.009840 0.000014 0.009840 0.001084 
 0.009870 0.000012 0.009870 0.001051 
 0.009900 0.000014 0.009900 0.001015 
 0.009930 0.000011 0.009930 0.000948 
 0.009960 0.000012 0.009960 0.000918 
 0.009990 0.000014 0.009990 0.000883 
 0.010020 0.000012 0.010020 0.000854 
 0.010050 0.000014 0.010050 0.000823 
 0.010080 0.000014 0.010080 0.000799 
 0.010110 0.000012 0.010110 0.000790 
 0.010140 0.000014 0.010140 0.000753 
 0.010170 0.000014 0.010170 0.000748 
 0.010200 0.000014 0.010200 0.000723 
 0.010230 0.000018 0.010230 0.000701 
 0.010260 0.000016 0.010260 0.000697 
 0.010290 0.000018 0.010290 0.000675 
 0.010320 0.000018 0.010320 0.000676 
 0.010350 0.000019 0.010350 0.000652 
 0.010380 0.000022 0.010380 0.000641 
 0.010410 0.000021 0.010410 0.000641 
 0.010440 0.000022 0.010440 0.000632 
 0.010470 0.000024 0.010470 0.000632 
 0.010500 0.000025 0.010500 0.000623 
 0.010530 0.000030 0.010530 0.000629 
 0.010560 0.000030 0.010560 0.000615 
 0.010590 0.000029 0.010590 0.000634 
 0.010620 0.000037 0.010620 0.000618 
 0.010650 0.000036 0.010650 0.000625 
 0.010680 0.000041 0.010680 0.000626 
 0.010710 0.000038 0.010710 0.000622 
 0.010740 0.000044 0.010740 0.000631 
 0.010770 0.000043 0.010770 0.000623 
 0.010800 0.000043 0.010800 0.000641 
 0.010830 0.000046 0.010830 0.000641 
 0.010860 0.000045 0.010860 0.000644 
 0.010890 0.000040 0.010890 0.000651 
 0.010920 0.000040 0.010920 0.000656 
 0.010950 0.000038 0.010950 0.000677 
 0.010980 0.000034 0.010980 0.000670 
 0.011010 0.000039 0.011010 0.000674 
 0.011040 0.000033 0.011040 0.000693 
 0.011070 0.000035 0.011070 0.000690 
 0.011100 0.000030 0.011100 0.000714 
 0.011130 0.000026 0.011130 0.000712 
 0.011160 0.000026 0.011160 0.000738 
 0.011190 0.000024 0.011190 0.000749 
 0.011220 0.000024 0.011220 0.000769 
 0.011250 0.000024 0.011250 0.000762 
 0.011280 0.000021 0.011280 0.000805 
 0.011310 0.000019 0.011310 0.000809 
 0.011340 0.000020 0.011340 0.000832 
 0.011370 0.000017 0.011370 0.000860 
 0.011400 0.000018 0.011400 0.000877 
 0.011430 0.000014 0.011430 0.000888 
 0.011460 0.000013 0.011460 0.000921 
 0.011490 0.000013 0.011490 0.000936 
 0.011520 0.000014 0.011520 0.000965 
 0.011550 0.000013 0.011550 0.000991 
 0.011580 0.000013 0.011580 0.001012 
 0.011610 0.000011 0.011610 0.001030 
 0.011640 0.000010 0.011640 0.001055 
 0.011670 0.000011 0.011670 0.001054 
 0.011700 0.000012 0.011700 0.001094 
 0.011730 0.000013 0.011730 0.001097 
 0.011760 0.000010 0.011760 0.001117 
 0.011790 0.000013 0.011790 0.001129 
 0.011820 0.000015 0.011820 0.001153 
 0.011850 0.000012 0.011850 0.001151 
 0.011880 0.000013 0.011880 0.001161 
 0.011910 0.000012 0.011910 0.001161 
 0.011940 0.000014 0.011940 0.001164 
 0.011970 0.000014 0.011970 0.001165 
 0.012000 0.000015 0.012000 0.001176 
 0.012030 0.000018 0.012030 0.001157 
 0.012060 0.000016 0.012060 0.001162 
 0.012090 0.000018 0.012090 0.001162 
 0.012120 0.000017 0.012120 0.001153 
 0.012150 0.000014 0.012150 0.001154 
 0.012180 0.000016 0.012180 0.001144 
 0.012210 0.000017 0.012210 0.001135 
 0.012240 0.000017 0.012240 0.001128 
 0.012270 0.000018 0.012270 0.001108 
 0.012300 0.000020 0.012300 0.001109 
 0.012330 0.000020 0.012330 0.001104 
 0.012360 0.000018 0.012360 0.001093 
 0.012390 0.000025 0.012390 0.001080 
 0.012420 0.000021 0.012420 0.001060 
 0.012450 0.000021 0.012450 0.001062 
 0.012480 0.000023 0.012480 0.001032 
 0.012510 0.000021 0.012510 0.001031 
 0.012540 0.000024 0.012540 0.001022 
 0.012570 0.000022 0.012570 0.001003 
 0.012600 0.000024 0.012600 0.000989 
 0.012630 0.000023 0.012630 0.000985 
 0.012660 0.000022 0.012660 0.000959 
 0.012690 0.000025 0.012690 0.000957 
 0.012720 0.000025 0.012720 0.000938 
 0.012750 0.000023 0.012750 0.000931 
 0.012780 0.000026 0.012780 0.000914 
 0.012810 0.000028 0.012810 0.000903 
 0.012840 0.000024 0.012840 0.000896 
 0.012870 0.000024 0.012870 0.000891 
 0.012900 0.000023 0.012900 0.000874 
 0.012930 0.000024 0.012930 0.000885 
 0.012960 0.000024 0.012960 0.000880 
 0.012990 0.000022 0.012990 0.000874 
 0.013020 0.000021 0.013020 0.000890 
 0.013050 0.000021 0.013050 0.000895 
 0.013080 0.000019 0.013080 0.000903 
 0.013110 0.000019 0.013110 0.000931 
 0.013140 0.000022 0.013140 0.000949 
 0.013170 0.000019 0.013170 0.000963 
 0.013200 0.000018 0.013200 0.000995 
 0.013230 0.000020 0.013230 0.001030 
 0.013260 0.000017 0.013260 0.001049 
 0.013290 0.000014 0.013290 0.001086 
 0.013320 0.000017 0.013320 0.001131 
 0.013350 0.000013 0.013350 0.001168 
 0.013380 0.000016 0.013380 0.001198 
 0.013410 0.000012 0.013410 0.001273 
 0.013440 0.000013 0.013440 0.001305 
 0.013470 0.000013 0.013470 0.001368 
 0.013500 0.000011 0.013500 0.001438 
 0.013530 0.000011 0.013530 0.001467 
 0.013560 0.000011 0.013560 0.001499 
 0.013590 0.000013 0.013590 0.001507 
 0.013620 0.000008 0.013620 0.001523 
 0.013650 0.000010 0.013650 0.001533 
 0.013680 0.000009 0.013680 0.001555 
 0.013710 0.000007 0.013710 0.001572 
 0.013740 0.000008 0.013740 0.001633 
 0.013770 0.000009 0.013770 0.001683 
 0.013800 0.000008 0.013800 0.001746 
 0.013830 0.000008 0.013830 0.001819 
 0.013860 0.000008 0.013860 0.001879 
 0.013890 0.000008 0.013890 0.001909 
 0.013920 0.000009 0.013920 0.001979 
 0.013950 0.000012 0.013950 0.001993 
 0.013980 0.000012 0.013980 0.002014 
 0.014010 0.000013 0.014010 0.001984 
 0.014040 0.000020 0.014040 0.001963 
 0.014070 0.000025 0.014070 0.001935 
 0.014100 0.000037 0.014100 0.001857 
 0.014130 0.000039 0.014130 0.001810 
 0.014160 0.000060 0.014160 0.001761 
 0.014190 0.000075 0.014190 0.001709 
 0.014220 0.000103 0.014220 0.001663 
 0.014250 0.000124 0.014250 0.001615 
 0.014280 0.000165 0.014280 0.001590 
 0.014310 0.000200 0.014310 0.001566 
 0.014340 0.000254 0.014340 0.001527 
 0.014370 0.000300 0.014370 0.001542 
 0.014400 0.000345 0.014400 0.001532 
 0.014430 0.000397 0.014430 0.001517 
 0.014460 0.000465 0.014460 0.001526 
 0.014490 0.000531 0.014490 0.001542 
 0.014520 0.000617 0.014520 0.001560 
 0.014550 0.000721 0.014550 0.001601 
 0.014580 0.000854 0.014580 0.001614 
 0.014610 0.000998 0.014610 0.001667 
 0.014640 0.001141 0.014640 0.001700 
 0.014670 0.001295 0.014670 0.001752 
 0.014700 0.001452 0.014700 0.001796 
 0.014730 0.001600 0.014730 0.001879 
 0.014760 0.001764 0.014760 0.001923 
 0.014790 0.001881 0.014790 0.001989 
 0.014820 0.002006 0.014820 0.002073 
 0.014850 0.002098 0.014850 0.002171 
 0.014880 0.002184 0.014880 0.002259 
 0.014910 0.002259 0.014910 0.002371 
 0.014940 0.002323 0.014940 0.002489 
 0.014970 0.002403 0.014970 0.002612 
 0.015000 0.002443 0.015000 0.002743 
 0.015030 0.002532 0.015030 0.002874 
 0.015060 0.002617 0.015060 0.002990 
 0.015090 0.002680 0.015090 0.003115 
 0.015120 0.002795 0.015120 0.003269 
 0.015150 0.002861 0.015150 0.003403 
 0.015180 0.002950 0.015180 0.003517 
 0.015210 0.003062 0.015210 0.003671 
 0.015240 0.003170 0.015240 0.003765 
 0.015270 0.003301 0.015270 0.003927 
 0.015300 0.003459 0.015300 0.004072 
 0.015330 0.003646 0.015330 0.004223 
 0.015360 0.003935 0.015360 0.004381 
 0.015390 0.004208 0.015390 0.004500 
 0.015420 0.004458 0.015420 0.004670 
 0.015450 0.004725 0.015450 0.004743 
 0.015480 0.005008 0.015480 0.004862 
 0.015510 0.005294 0.015510 0.004927 
 0.015540 0.005676 0.015540 0.004998 
 0.015570 0.006058 0.015570 0.005045 
 0.015600 0.006480 0.015600 0.005098 
 0.015630 0.007000 0.015630 0.005126 
 0.015660 0.007571 0.015660 0.005131 
 0.015690 0.008217 0.015690 0.005154 
 0.015720 0.008969 0.015720 0.005160 
 0.015750 0.009815 0.015750 0.005192 
 0.015780 0.010803 0.015780 0.005193 
 0.015810 0.011855 0.015810 0.005278 
 0.015840 0.012965 0.015840 0.005375 
 0.015870 0.014046 0.015870 0.005504 
 0.015900 0.015134 0.015900 0.005749 
 0.015930 0.016405 0.015930 0.006008 
 0.015960 0.017677 0.015960 0.006424 
 0.015990 0.018974 0.015990 0.006854 
 0.016020 0.020223 0.016020 0.007278 
 0.016050 0.021440 0.016050 0.007476 
 0.016080 0.022552 0.016080 0.007420 
 0.016110 0.023726 0.016110 0.007179 
 0.016140 0.024951 0.016140 0.006959 
 0.016170 0.025785 0.016170 0.006834 
 0.016200 0.026557 0.016200 0.006724 
 0.016230 0.027262 0.016230 0.006656 
 0.016260 0.027868 0.016260 0.006527 
 0.016290 0.028294 0.016290 0.006314 
 0.016320 0.028620 0.016320 0.006097 
 0.016350 0.028472 0.016350 0.005817 
 0.016380 0.028138 0.016380 0.005505 
 0.016410 0.027529 0.016410 0.005168 
 0.016440 0.026747 0.016440 0.004775 
 0.016470 0.025798 0.016470 0.004379 
 0.016500 0.024653 0.016500 0.003958 
 0.016530 0.023347 0.016530 0.003502 
 0.016560 0.021981 0.016560 0.003108 
 0.016590 0.020533 0.016590 0.002728 
 0.016620 0.019041 0.016620 0.002402 
 0.016650 0.017699 0.016650 0.002080 
 0.016680 0.016421 0.016680 0.001804 
 0.016710 0.015083 0.016710 0.001535 
 0.016740 0.013879 0.016740 0.001310 
 0.016770 0.012629 0.016770 0.001100 
 0.016800 0.011416 0.016800 0.000910 
 0.016830 0.010220 0.016830 0.000768 
 0.016860 0.009089 0.016860 0.000651 
 0.016890 0.008043 0.016890 0.000562 
 0.016920 0.007050 0.016920 0.000458 
 0.016950 0.006148 0.016950 0.000403 
 0.016980 0.005353 0.016980 0.000338 
 0.017010 0.004668 0.017010 0.000294 
 0.017040 0.004112 0.017040 0.000242 
 0.017070 0.003673 0.017070 0.000212 
 0.017100 0.003277 0.017100 0.000182 
 0.017130 0.002975 0.017130 0.000150 
 0.017160 0.002709 0.017160 0.000129 
 0.017190 0.002507 0.017190 0.000108 
 0.017220 0.002376 0.017220 0.000090 
 0.017250 0.002278 0.017250 0.000078 
 0.017280 0.002191 0.017280 0.000059 
 0.017310 0.002159 0.017310 0.000057 
 0.017340 0.002130 0.017340 0.000041 
 0.017370 0.002134 0.017370 0.000035 
 0.017400 0.002128 0.017400 0.000032 
 0.017430 0.002137 0.017430 0.000023 
 0.017460 0.002132 0.017460 0.000022 
 0.017490 0.002117 0.017490 0.000019 
 0.017520 0.002124 0.017520 0.000015 
 0.017550 0.002089 0.017550 0.000012 
 0.017580 0.002033 0.017580 0.000010 
 0.017610 0.001995 0.017610 0.000008 
 0.017640 0.001924 0.017640 0.000005 
 0.017670 0.001862 0.017670 0.000005 
 0.017700 0.001750 0.017700 0.000005 
 0.017730 0.001642 0.017730 0.000004 
 0.017760 0.001483 0.017760 0.000003 
 0.017790 0.001344 0.017790 0.000001 
 0.017820 0.001183 0.017820 0.000002 
 0.017850 0.001023 0.017850 0.000001 
 0.017880 0.000855 0.017880 0.000002 
 0.017910 0.000700 0.017910 0.000001 
 0.017940 0.000560 0.017940 0.000001 
 0.017970 0.000444 0.017970 0.000000 
 0.018000 0.000346 0.018000 0.000000 
 0.018030 0.000262 0.018030 0.000000 
 0.018060 0.000202 0.018060 0.000000 
 0.018090 0.000152 0.018090 0.000000 
 0.018120 0.000121 0.018120 0.000000 
 0.018150 0.000089 0.018150 0.000000 
 0.018180 0.000067 0.018180 0.000000 
 0.018210 0.000050 0.018210 0.000000 
 0.018240 0.000036 0.018240 0.000000 
 0.018270 0.000027 0.018270 0.000000 
 0.018300 0.000023 0.018300 0.000000 
 0.018330 0.000015 0.018330 0.000000 
 0.018360 0.000011 0.018360 0.000000 
 0.018390 0.000010 0.018390 0.000000 
 0.018420 0.000007 0.018420 0.000000 
 0.018450 0.000005 0.018450 0.000000 
 0.018480 0.000005 0.018480 0.000000 
 0.018510 0.000003 0.018510 0.000000 
 0.018540 0.000003 0.018540 0.000000 
 0.018570 0.000002 0.018570 0.000000 
 0.018600 0.000001 0.018600 0.000000 
 0.018630 0.000002 0.018630 0.000000 
 0.018660 0.000002 0.018660 0.000000 
 0.018690 0.000001 0.018690 0.000000 
 0.018720 0.000001 0.018720 0.000000 
 0.018750 0.000001 0.018750 0.000000 
 0.018780 0.000001 0.018780 0.000000 
 0.018810 0.000000 0.018810 0.000000 
 0.018840 0.000001 0.018840 0.000000 
 0.018870 0.000000 0.018870 0.000000 
 0.018900 0.000000 0.018900 0.000000 
 0.018930 0.000001 0.018930 0.000000 
 0.018960 0.000000 0.018960 0.000000 
 0.018990 0.000000 0.018990 0.000000 
 0.019020 0.000000 0.019020 0.000000 
 0.019050 0.000000 0.019050 0.000000 
 0.019080 0.000000 0.019080 0.000000 
 0.019110 0.000000 0.019110 0.000000 
 0.019140 0.000000 0.019140 0.000000 
 0.019170 0.000000 0.019170 0.000000 
 0.019200 0.000000 0.019200 0.000000 
 0.019230 0.000000 0.019230 0.000000 
 0.019260 0.000000 0.019260 0.000000 
 0.019290 0.000000 0.019290 0.000000 
 0.019320 0.000000 0.019320 0.000000 
 0.019350 0.000000 0.019350 0.000000 
 0.019380 0.000000 0.019380 0.000000 
 0.019410 0.000000 0.019410 0.000000 
 0.019440 0.000000 0.019440 0.000000 
 0.019470 0.000000 0.019470 0.000000 
 0.019500 0.000000 0.019500 0.000000 
 0.019530 0.000000 0.019530 0.000000 
 0.019560 0.000000 0.019560 0.000000 
 0.019590 0.000000 0.019590 0.000000 
 0.019620 0.000000 0.019620 0.000000 
 0.019650 0.000000 0.019650 0.000000 
 0.019680 0.000000 0.019680 0.000000 
 0.019710 0.000000 0.019710 0.000000 
 0.019740 0.000000 0.019740 0.000000 
 0.019770 0.000000 0.019770 0.000000 
 0.019800 0.000000 0.019800 0.000000 
 0.019830 0.000000 0.019830 0.000000 
 0.019860 0.000000 0.019860 0.000000 
 0.019890 0.000000 0.019890 0.000000 
 0.019920 0.000000 0.019920 0.000000 
 0.019950 0.000000 0.019950 0.000000 
 0.019980 0.000000 0.019980 0.000000 
 0.020010 0.000000 0.020010 0.000000 
 0.020040 0.000000 0.020040 0.000000 
 0.020070 0.000000 0.020070 0.000000 
 0.020100 0.000000 0.020100 0.000000 
 0.020130 0.000000 0.020130 0.000000 
 0.020160 0.000000 0.020160 0.000000 
 0.020190 0.000000 0.020190 0.000000 
 0.020220 0.000000 0.020220 0.000000 
 0.020250 0.000000 0.020250 0.000000 
 0.020280 0.000000 0.020280 0.000000 
 0.020310 0.000000 0.020310 0.000000 
 0.020340 0.000000 0.020340 0.000000 
 0.020370 0.000000 0.020370 0.000000 
 0.020400 0.000000 0.020400 0.000000 
 0.020430 0.000000 0.020430 0.000000 
 0.020460 0.000000 0.020460 0.000000 
 0.020490 0.000000 0.020490 0.000000 
 0.020520 0.000000 0.020520 0.000000 
 0.020550 0.000000 0.020550 0.000000 
 0.020580 0.000000 0.020580 0.000000 
 0.020610 0.000000 0.020610 0.000000 
 0.020640 0.000000 0.020640 0.000000 
 0.020670 0.000000 0.020670 0.000000 
 0.020700 0.000000 0.020700 0.000000 
 0.020730 0.000000 0.020730 0.000000 
 0.020760 0.000000 0.020760 0.000000 
 0.020790 0.000000 0.020790 0.000000 
 0.020820 0.000000 0.020820 0.000000 
 0.020850 0.000000 0.020850 0.000000 
 0.020880 0.000000 0.020880 0.000000 
 0.020910 0.000000 0.020910 0.000000 
 0.020940 0.000000 0.020940 0.000000 
 0.020970 0.000000 0.020970 0.000000 
 0.021000 0.000000 0.021000 0.000000 
 0.021030 0.000000 0.021030 0.000000 
 0.021060 0.000000 0.021060 0.000000 
 0.021090 0.000000 0.021090 0.000000 
 0.021120 0.000000 0.021120 0.000000 
 0.021150 0.000000 0.021150 0.000000 
 0.021180 0.000000 0.021180 0.000000 
 0.021210 0.000000 0.021210 0.000000 
 0.021240 0.000000 0.021240 0.000000 
 0.021270 0.000000 0.021270 0.000000 
 0.021300 0.000000 0.021300 0.000000 
 0.021330 0.000000 0.021330 0.000000 
 0.021360 0.000000 0.021360 0.000000 
 0.021390 0.000000 0.021390 0.000000 
 0.021420 0.000000 0.021420 0.000000 
 0.021450 0.000000 0.021450 0.000000 
 0.021480 0.000000 0.021480 0.000000 
 0.021510 0.000000 0.021510 0.000000 
 0.021540 0.000000 0.021540 0.000000 
 0.021570 0.000000 0.021570 0.000000 
 0.021600 0.000000 0.021600 0.000000 
 0.021630 0.000000 0.021630 0.000000 
 0.021660 0.000000 0.021660 0.000000 
 0.021690 0.000000 0.021690 0.000000 
 0.021720 0.000000 0.021720 0.000000 
 0.021750 0.000000 0.021750 0.000000 
 0.021780 0.000000 0.021780 0.000000 
 0.021810 0.000000 0.021810 0.000000 
 0.021840 0.000000 0.021840 0.000000 
 0.021870 0.000000 0.021870 0.000000 
 0.021900 0.000000 0.021900 0.000000 
 0.021930 0.000000 0.021930 0.000000 
 0.021960 0.000000 0.021960 0.000000 
 0.021990 0.000000 0.021990 0.000000 
 0.022020 0.000000 0.022020 0.000000 
 0.022050 0.000000 0.022050 0.000000 
 0.022080 0.000000 0.022080 0.000000 
 0.022110 0.000000 0.022110 0.000000 
 0.022140 0.000000 0.022140 0.000000 
 0.022170 0.000000 0.022170 0.000000 
 0.022200 0.000000 0.022200 0.000000 
 0.022230 0.000000 0.022230 0.000000 
 0.022260 0.000000 0.022260 0.000000 
 0.022290 0.000000 0.022290 0.000000 
 0.022320 0.000000 0.022320 0.000000 
 0.022350 0.000000 0.022350 0.000000 
 0.022380 0.000000 0.022380 0.000000 
 0.022410 0.000000 0.022410 0.000000 
 0.022440 0.000000 0.022440 0.000000 
 0.022470 0.000000 0.022470 0.000000 
 0.022500 0.000000 0.022500 0.000000 
 0.022530 0.000000 0.022530 0.000000 
 0.022560 0.000000 0.022560 0.000000 
 0.022590 0.000000 0.022590 0.000000 
 0.022620 0.000000 0.022620 0.000000 
 0.022650 0.000000 0.022650 0.000000 
 0.022680 0.000000 0.022680 0.000000 
 0.022710 0.000000 0.022710 0.000000 
 0.022740 0.000000 0.022740 0.000000 
 0.022770 0.000000 0.022770 0.000000 
 0.022800 0.000000 0.022800 0.000000 
 0.022830 0.000000 0.022830 0.000000 
 0.022860 0.000000 0.022860 0.000000 
 0.022890 0.000000 0.022890 0.000000 
 0.022920 0.000000 0.022920 0.000000 
 0.022950 0.000000 0.022950 0.000000 
 0.022980 0.000000 0.022980 0.000000 
 0.023010 0.000000 0.023010 0.000000 
 0.023040 0.000000 0.023040 0.000000 
 0.023070 0.000000 0.023070 0.000000 
 0.023100 0.000000 0.023100 0.000000 
 0.023130 0.000000 0.023130 0.000000 
 0.023160 0.000000 0.023160 0.000000 
 0.023190 0.000000 0.023190 0.000000 
 0.023220 0.000000 0.023220 0.000000 
 0.023250 0.000000 0.023250 0.000000 
 0.023280 0.000000 0.023280 0.000000 
 0.023310 0.000000 0.023310 0.000000 
 0.023340 0.000000 0.023340 0.000000 
 0.023370 0.000000 0.023370 0.000000 
 0.023400 0.000000 0.023400 0.000000 
 0.023430 0.000000 0.023430 0.000000 
 0.023460 0.000000 0.023460 0.000000 
 0.023490 0.000000 0.023490 0.000000 
 0.023520 0.000000 0.023520 0.000000 
 0.023550 0.000000 0.023550 0.000000 
 0.023580 0.000000 0.023580 0.000000 
 0.023610 0.000000 0.023610 0.000000 
 0.023640 0.000000 0.023640 0.000000 
 0.023670 0.000000 0.023670 0.000000 
 0.023700 0.000000 0.023700 0.000000 
 0.023730 0.000000 0.023730 0.000000 
 0.023760 0.000000 0.023760 0.000000 
 0.023790 0.000000 0.023790 0.000000 
 0.023820 0.000000 0.023820 0.000000 
 0.023850 0.000000 0.023850 0.000000 
 0.023880 0.000000 0.023880 0.000000 
 0.023910 0.000000 0.023910 0.000000 
 0.023940 0.000000 0.023940 0.000000 
 0.023970 0.000000 0.023970 0.000000 
 0.024000 0.000000 0.024000 0.000000 
 0.024030 0.000000 0.024030 0.000000 
 0.024060 0.000000 0.024060 0.000000 
 0.024090 0.000000 0.024090 0.000000 
 0.024120 0.000000 0.024120 0.000000 
 0.024150 0.000000 0.024150 0.000000 
 0.024180 0.000000 0.024180 0.000000 
 0.024210 0.000000 0.024210 0.000000 
 0.024240 0.000000 0.024240 0.000000 
 0.024270 0.000000 0.024270 0.000000 
 0.024300 0.000000 0.024300 0.000000 
 0.024330 0.000000 0.024330 0.000000 
 0.024360 0.000000 0.024360 0.000000 
 0.024390 0.000000 0.024390 0.000000 
 0.024420 0.000000 0.024420 0.000000 
 0.024450 0.000000 0.024450 0.000000 
 0.024480 0.000000 0.024480 0.000000 
 0.024510 0.000000 0.024510 0.000000 
 0.024540 0.000000 0.024540 0.000000 
 0.024570 0.000000 0.024570 0.000000 
 0.024600 0.000000 0.024600 0.000000 
 0.024630 0.000000 0.024630 0.000000 
 0.024660 0.000000 0.024660 0.000000 
 0.024690 0.000000 0.024690 0.000000 
 0.024720 0.000000 0.024720 0.000000 
 0.024750 0.000000 0.024750 0.000000 
 0.024780 0.000000 0.024780 0.000000 
 0.024810 0.000000 0.024810 0.000000 
 0.024840 0.000000 0.024840 0.000000 
 0.024870 0.000000 0.024870 0.000000 
 0.024900 0.000000 0.024900 0.000000 
 0.024930 0.000000 0.024930 0.000000 
 0.024960 0.000000 0.024960 0.000000 
 0.024990 0.000000 0.024990 0.000000 
 0.025020 0.000000 0.025020 0.000000 
 0.025050 0.000000 0.025050 0.000000 
 0.025080 0.000000 0.025080 0.000000 
 0.025110 0.000000 0.025110 0.000000 
 0.025140 0.000000 0.025140 0.000000 
 0.025170 0.000000 0.025170 0.000000 
 0.025200 0.000000 0.025200 0.000000 
 0.025230 0.000000 0.025230 0.000000 
 0.025260 0.000000 0.025260 0.000000 
 0.025290 0.000000 0.025290 0.000000 
 0.025320 0.000000 0.025320 0.000000 
 0.025350 0.000000 0.025350 0.000000 
 0.025380 0.000000 0.025380 0.000000 
 0.025410 0.000000 0.025410 0.000000 
 0.025440 0.000000 0.025440 0.000000 
 0.025470 0.000000 0.025470 0.000000 
 0.025500 0.000000 0.025500 0.000000 
 0.025530 0.000000 0.025530 0.000000 
 0.025560 0.000000 0.025560 0.000000 
 0.025590 0.000000 0.025590 0.000000 
 0.025620 0.000000 0.025620 0.000000 
 0.025650 0.000000 0.025650 0.000000 
 0.025680 0.000000 0.025680 0.000000 
 0.025710 0.000000 0.025710 0.000000 
 0.025740 0.000000 0.025740 0.000000 
 0.025770 0.000000 0.025770 0.000000 
 0.025800 0.000000 0.025800 0.000000 
 0.025830 0.000000 0.025830 0.000000 
 0.025860 0.000000 0.025860 0.000000 
 0.025890 0.000000 0.025890 0.000000 
 0.025920 0.000000 0.025920 0.000000 
 0.025950 0.000000 0.025950 0.000000 
 0.025980 0.000000 0.025980 0.000000 
 0.026010 0.000000 0.026010 0.000000 
 0.026040 0.000000 0.026040 0.000000 
 0.026070 0.000000 0.026070 0.000000 
 0.026100 0.000000 0.026100 0.000000 
 0.026130 0.000000 0.026130 0.000000 
 0.026160 0.000000 0.026160 0.000000 
 0.026190 0.000000 0.026190 0.000000 
 0.026220 0.000000 0.026220 0.000000 
 0.026250 0.000000 0.026250 0.000000 
 0.026280 0.000000 0.026280 0.000000 
 0.026310 0.000000 0.026310 0.000000 
 0.026340 0.000000 0.026340 0.000000 
 0.026370 0.000000 0.026370 0.000000 
 0.026400 0.000000 0.026400 0.000000 
 0.026430 0.000000 0.026430 0.000000 
 0.026460 0.000000 0.026460 0.000000 
 0.026490 0.000000 0.026490 0.000000 
 0.026520 0.000000 0.026520 0.000000 
 0.026550 0.000000 0.026550 0.000000 
 0.026580 0.000000 0.026580 0.000000 
 0.026610 0.000000 0.026610 0.000000 
 0.026640 0.000000 0.026640 0.000000 
 0.026670 0.000000 0.026670 0.000000 
 0.026700 0.000000 0.026700 0.000000 
 0.026730 0.000000 0.026730 0.000000 
 0.026760 0.000000 0.026760 0.000000 
 0.026790 0.000000 0.026790 0.000000 
 0.026820 0.000000 0.026820 0.000000 
 0.026850 0.000000 0.026850 0.000000 
 0.026880 0.000000 0.026880 0.000000 
 0.026910 0.000000 0.026910 0.000000 
 0.026940 0.000000 0.026940 0.000000 
 0.026970 0.000000 0.026970 0.000000 
 0.027000 0.000000 0.027000 0.000000 
 0.027030 0.000000 0.027030 0.000000 
 0.027060 0.000000 0.027060 0.000000 
 0.027090 0.000000 0.027090 0.000000 
 0.027120 0.000000 0.027120 0.000000 
 0.027150 0.000000 0.027150 0.000000 
 0.027180 0.000000 0.027180 0.000000 
 0.027210 0.000000 0.027210 0.000000 
 0.027240 0.000000 0.027240 0.000000 
 0.027270 0.000000 0.027270 0.000000 
 0.027300 0.000000 0.027300 0.000000 
 0.027330 0.000000 0.027330 0.000000 
 0.027360 0.000000 0.027360 0.000000 
 0.027390 0.000000 0.027390 0.000000 
 0.027420 0.000000 0.027420 0.000000 
 0.027450 0.000000 0.027450 0.000000 
 0.027480 0.000000 0.027480 0.000000 
 0.027510 0.000000 0.027510 0.000000 
 0.027540 0.000000 0.027540 0.000000 
 0.027570 0.000000 0.027570 0.000000 
 0.027600 0.000000 0.027600 0.000000 
 0.027630 0.000000 0.027630 0.000000 
 0.027660 0.000000 0.027660 0.000000 
 0.027690 0.000000 0.027690 0.000000 
 0.027720 0.000000 0.027720 0.000000 
 0.027750 0.000000 0.027750 0.000000 
 0.027780 0.000000 0.027780 0.000000 
 0.027810 0.000000 0.027810 0.000000 
 0.027840 0.000000 0.027840 0.000000 
 0.027870 0.000000 0.027870 0.000000 
 0.027900 0.000000 0.027900 0.000000 
 0.027930 0.000000 0.027930 0.000000 
 0.027960 0.000000 0.027960 0.000000 
 0.027990 0.000000 0.027990 0.000000 
 0.028020 0.000000 0.028020 0.000000 
 0.028050 0.000000 0.028050 0.000000 
 0.028080 0.000000 0.028080 0.000000 
 0.028110 0.000000 0.028110 0.000000 
 0.028140 0.000000 0.028140 0.000000 
 0.028170 0.000000 0.028170 0.000000 
 0.028200 0.000000 0.028200 0.000000 
 0.028230 0.000000 0.028230 0.000000 
 0.028260 0.000000 0.028260 0.000000 
 0.028290 0.000000 0.028290 0.000000 
 0.028320 0.000000 0.028320 0.000000 
 0.028350 0.000000 0.028350 0.000000 
 0.028380 0.000000 0.028380 0.000000 
 0.028410 0.000000 0.028410 0.000000 
 0.028440 0.000000 0.028440 0.000000 
 0.028470 0.000000 0.028470 0.000000 
 0.028500 0.000000 0.028500 0.000000 
 0.028530 0.000000 0.028530 0.000000 
 0.028560 0.000000 0.028560 0.000000 
 0.028590 0.000000 0.028590 0.000000 
 0.028620 0.000000 0.028620 0.000000 
 0.028650 0.000000 0.028650 0.000000 
 0.028680 0.000000 0.028680 0.000000 
 0.028710 0.000000 0.028710 0.000000 
 0.028740 0.000000 0.028740 0.000000 
 0.028770 0.000000 0.028770 0.000000 
 0.028800 0.000000 0.028800 0.000000 
 0.028830 0.000000 0.028830 0.000000 
 0.028860 0.000000 0.028860 0.000000 
 0.028890 0.000000 0.028890 0.000000 
 0.028920 0.000000 0.028920 0.000000 
 0.028950 0.000000 0.028950 0.000000 
 0.028980 0.000000 0.028980 0.000000 
 0.029010 0.000000 0.029010 0.000000 
 0.029040 0.000000 0.029040 0.000000 
 0.029070 0.000000 0.029070 0.000000 
 0.029100 0.000000 0.029100 0.000000 
 0.029130 0.000000 0.029130 0.000000 
 0.029160 0.000000 0.029160 0.000000 
 0.029190 0.000000 0.029190 0.000000 
 0.029220 0.000000 0.029220 0.000000 
 0.029250 0.000000 0.029250 0.000000 
 0.029280 0.000000 0.029280 0.000000 
 0.029310 0.000000 0.029310 0.000000 
 0.029340 0.000000 0.029340 0.000000 
 0.029370 0.000000 0.029370 0.000000 
 0.029400 0.000000 0.029400 0.000000 
 0.029430 0.000000 0.029430 0.000000 
 0.029460 0.000000 0.029460 0.000000 
 0.029490 0.000000 0.029490 0.000000 
 0.029520 0.000000 0.029520 0.000000 
 0.029550 0.000000 0.029550 0.000000 
 0.029580 0.000000 0.029580 0.000000 
 0.029610 0.000000 0.029610 0.000000 
 0.029640 0.000000 0.029640 0.000000 
 0.029670 0.000000 0.029670 0.000000 
 0.029700 0.000000 0.029700 0.000000 
 0.029730 0.000000 0.029730 0.000000 
 0.029760 0.000000 0.029760 0.000000 
 0.029790 0.000000 0.029790 0.000000 
 0.029820 0.000000 0.029820 0.000000 
 0.029850 0.000000 0.029850 0.000000 
 0.029880 0.000000 0.029880 0.000000 
 0.029910 0.000000 0.029910 0.000000 
 0.029940 0.000000 0.029940 0.000000 
 0.029970 0.000000 0.029970 0.000000 
