0.034271 250051.0 1.0
0.039215 250050.0 0.99999
0.040497 250049.0 0.99999
0.040558 250048.0 0.99998
0.043762 250047.0 0.99998
0.04538 250046.0 0.99998
0.04718 250045.0 0.99997
0.048065 250044.0 0.99997
0.049561 250043.0 0.99996
0.050659 250042.0 0.99996
0.052246 250041.0 0.99996
0.053101 250040.0 0.99995
0.054108 250039.0 0.99995
0.054474 250038.0 0.99994
0.055817 250037.0 0.99994
0.055969 250036.0 0.99994
0.05722 250035.0 0.99993
0.058136 250034.0 0.99993
0.058167 250033.0 0.99992
0.059784 250032.0 0.99992
0.060394 250031.0 0.99992
0.060608 250030.0 0.99991
0.062225 250029.0 0.99991
0.062378 250028.0 0.9999
0.063293 250027.0 0.9999
0.06369 250026.0 0.9999
0.06424 250025.0 0.99989
0.06485 250024.0 0.99989
0.065002 250023.0 0.99988
0.067871 250022.0 0.99988
0.069672 250021.0 0.99988
0.071899 250020.0 0.99987
0.073914 250019.0 0.99987
0.075226 250018.0 0.99986
0.075317 250017.0 0.99986
0.075348 250016.0 0.99986
0.075684 250015.0 0.99985
0.07782 250014.0 0.99985
0.077972 250013.0 0.99984
0.078918 250012.0 0.99984
0.079376 250011.0 0.99984
0.084686 250010.0 0.99983
0.087982 250009.0 0.99983
0.089935 250008.0 0.99982
0.09436 250007.0 0.99982
0.095642 250006.0 0.99982
0.097015 250005.0 0.99981
0.097168 250004.0 0.99981
0.098969 250003.0 0.9998
0.10071 250002.0 0.9998
0.10327 250001.0 0.9998
0.10672 250000.0 0.99979
0.10785 249999.0 0.99979
0.11243 249998.0 0.99978
0.11377 249997.0 0.99978
0.11456 249996.0 0.99978
0.11853 249995.0 0.99977
0.1217 249994.0 0.99977
0.12244 249993.0 0.99976
0.13162 249992.0 0.99976
0.13879 249991.0 0.99976
0.14304 249990.0 0.99975
0.14493 249989.0 0.99975
0.14594 249988.0 0.99974
0.14871 249987.0 0.99974
0.15048 249986.0 0.99974
0.15887 249985.0 0.99973
0.15912 249984.0 0.99973
0.16223 249983.0 0.99972
0.16275 249982.0 0.99972
0.16339 249981.0 0.99972
0.16727 249980.0 0.99971
0.17459 249979.0 0.99971
0.18701 249978.0 0.9997
0.18887 249977.0 0.9997
0.19061 249976.0 0.9997
0.1907 249975.0 0.99969
0.1972 249974.0 0.99969
0.20657 249973.0 0.99968
0.20941 249972.0 0.99968
0.21561 249971.0 0.99968
0.21646 249970.0 0.99967
0.22095 249969.0 0.99967
0.22165 249968.0 0.99966
0.22433 249967.0 0.99966
0.2269 249966.0 0.99966
0.23953 249965.0 0.99965
0.23975 249964.0 0.99965
0.24399 249963.0 0.99964
0.2468 249962.0 0.99964
0.24957 249961.0 0.99964
0.25726 249960.0 0.99963
0.25964 249959.0 0.99963
0.26257 249958.0 0.99962
0.27289 249957.0 0.99962
0.27307 249956.0 0.99962
0.27524 249955.0 0.99961
0.28751 249954.0 0.99961
0.29007 249953.0 0.9996
0.29721 249952.0 0.9996
0.29865 249951.0 0.9996
0.30005 249950.0 0.99959
0.3002 249949.0 0.99959
0.30093 249948.0 0.99958
0.3201 249947.0 0.99958
0.3302 249946.0 0.99958
0.336 249945.0 0.99957
0.33646 249944.0 0.99957
0.3385 249943.0 0.99956
0.34143 249942.0 0.99956
0.34555 249941.0 0.99956
0.36249 249940.0 0.99955
0.3649 249939.0 0.99955
0.3653 249938.0 0.99954
0.36688 249937.0 0.99954
0.37186 249936.0 0.99954
0.39014 249935.0 0.99953
0.3912 249934.0 0.99953
0.40408 249933.0 0.99952
0.40692 249932.0 0.99952
0.41171 249931.0 0.99952
0.42264 249930.0 0.99951
0.43338 249929.0 0.99951
0.44745 249928.0 0.9995
0.44839 249927.0 0.9995
0.45184 249926.0 0.9995
0.4588 249925.0 0.99949
0.47198 249924.0 0.99949
0.48505 249923.0 0.99948
0.48636 249922.0 0.99948
0.48779 249921.0 0.99948
0.49301 249920.0 0.99947
0.49539 249919.0 0.99947
0.49979 249918.0 0.99946
