0.037834 99981.0 0.99999
0.042221 99980.0 0.99998
0.044609 99979.0 0.99997
0.051414 99978.0 0.99996
0.051491 99977.0 0.99995
0.056023 99976.0 0.99994
0.062668 99975.0 0.99993
0.066154 99974.0 0.99992
0.067841 99973.0 0.99991
0.071213 99972.0 0.9999
0.076279 99971.0 0.99989
0.0839 99970.0 0.99988
0.092102 99969.0 0.99987
0.096558 99968.0 0.99986
0.1013 99967.0 0.99985
0.10426 99966.0 0.99984
0.11374 99965.0 0.99983
0.11749 99964.0 0.99982
0.13009 99963.0 0.99981
0.1319 99962.0 0.9998
0.13895 99961.0 0.99979
0.14853 99960.0 0.99978
0.15868 99959.0 0.99977
0.173 99958.0 0.99976
0.1745 99957.0 0.99975
0.17805 99956.0 0.99974
0.19173 99955.0 0.99973
0.20408 99954.0 0.99972
0.20515 99953.0 0.99971
0.22146 99952.0 0.9997
0.22174 99951.0 0.99969
0.23698 99950.0 0.99968
0.24886 99949.0 0.99967
0.25256 99948.0 0.99966
0.26105 99947.0 0.99965
0.2801 99946.0 0.99964
0.28917 99945.0 0.99963
0.29641 99944.0 0.99962
0.31684 99943.0 0.99961
0.32468 99942.0 0.9996
0.32684 99941.0 0.99959
0.33804 99940.0 0.99958
0.34895 99939.0 0.99957
0.363 99938.0 0.99956
0.37869 99937.0 0.99955
0.39373 99936.0 0.99954
0.40767 99935.0 0.99953
0.41872 99934.0 0.99952
0.43345 99933.0 0.99951
0.4339 99932.0 0.9995
0.45319 99931.0 0.99949
0.46867 99930.0 0.99948
0.47648 99929.0 0.99947
0.49329 99928.0 0.99946
