0.056519 2000210.0 1.0
0.06781 2000209.0 1.0
0.07135 2000208.0 1.0
0.085602 2000207.0 1.0
0.087036 2000206.0 1.0
0.088379 2000205.0 1.0
0.11292 2000204.0 1.0
0.11426 2000203.0 1.0
0.11588 2000202.0 1.0
0.11755 2000201.0 0.99999
0.12988 2000200.0 0.99999
0.14282 2000199.0 0.99999
0.15259 2000198.0 0.99999
0.15332 2000197.0 0.99999
0.16077 2000196.0 0.99999
0.20105 2000195.0 0.99999
0.20593 2000194.0 0.99999
0.20636 2000193.0 0.99999
0.21393 2000192.0 0.99999
0.21814 2000191.0 0.99999
0.23706 2000190.0 0.99999
0.26105 2000189.0 0.99999
0.26501 2000188.0 0.99999
0.31702 2000187.0 0.99999
0.32605 2000186.0 0.99999
0.33057 2000185.0 0.99999
0.35895 2000184.0 0.99999
0.35974 2000183.0 0.99999
0.36194 2000182.0 0.99999
0.36426 2000181.0 0.99998
0.38147 2000180.0 0.99998
0.38568 2000179.0 0.99998
0.40918 2000178.0 0.99998
0.4306 2000177.0 0.99998
0.46161 2000176.0 0.99998
0.46307 2000175.0 0.99998
0.49298 2000174.0 0.99998
