0.033112 499930.0 0.99999
0.033127 499928.0 0.99999
0.033142 499920.0 0.99997
0.033157 499919.0 0.99997
0.033173 499915.0 0.99996
0.033188 499912.0 0.99996
0.033203 499906.0 0.99995
0.033218 499901.0 0.99994
0.033234 499892.0 0.99992
0.033249 499891.0 0.99992
0.033264 499878.0 0.99989
0.033279 499874.0 0.99988
0.033295 499867.0 0.99987
0.03331 499862.0 0.99986
0.033325 499853.0 0.99984
0.03334 499850.0 0.99983
0.033356 499844.0 0.99982
0.033371 499841.0 0.99982
0.033386 499830.0 0.99979
0.033401 499826.0 0.99979
0.033417 499822.0 0.99978
0.033432 499818.0 0.99977
0.033447 499811.0 0.99976
0.033463 499806.0 0.99975
0.033478 499800.0 0.99973
0.033493 499797.0 0.99973
0.033508 499788.0 0.99971
0.033524 499784.0 0.9997
0.033539 499778.0 0.99969
0.033554 499774.0 0.99968
0.033569 499768.0 0.99967
0.033585 499761.0 0.99966
0.0336 499756.0 0.99965
0.033615 499755.0 0.99964
0.03363 499751.0 0.99964
0.033646 499748.0 0.99963
0.033661 499741.0 0.99962
0.033676 499739.0 0.99961
0.033691 499732.0 0.9996
0.033707 499731.0 0.9996
0.033722 499725.0 0.99958
0.033737 499719.0 0.99957
0.033752 499716.0 0.99957
0.033768 499713.0 0.99956
0.033783 499705.0 0.99954
0.033798 499702.0 0.99954
0.033813 499698.0 0.99953
0.033829 499695.0 0.99952
0.033844 499688.0 0.99951
0.033859 499682.0 0.9995
0.033875 499672.0 0.99948
0.03389 499667.0 0.99947
0.033905 499662.0 0.99946
0.03392 499657.0 0.99945
0.033936 499652.0 0.99944
0.033951 499646.0 0.99943
0.033966 499641.0 0.99942
0.033981 499638.0 0.99941
0.033997 499634.0 0.9994
0.034012 499630.0 0.99939
0.034027 499623.0 0.99938
0.034042 499618.0 0.99937
0.034058 499611.0 0.99936
0.034073 499606.0 0.99935
0.034088 499601.0 0.99934
0.034103 499596.0 0.99933
0.034119 499591.0 0.99932
0.034134 499583.0 0.9993
0.034149 499580.0 0.99929
0.034164 499576.0 0.99929
0.03418 499575.0 0.99928
0.034195 499573.0 0.99928
0.03421 499570.0 0.99927
0.034225 499567.0 0.99927
0.034241 499561.0 0.99926
0.034256 499558.0 0.99925
0.034271 499549.0 0.99923
0.034286 499546.0 0.99923
0.034302 499543.0 0.99922
0.034317 499539.0 0.99921
0.034332 499536.0 0.99921
0.034348 499534.0 0.9992
0.034355 499533.0 0.9992
0.034363 499527.0 0.99919
0.034378 499521.0 0.99918
0.034393 499515.0 0.99916
0.034409 499511.0 0.99916
0.034424 499504.0 0.99914
0.034439 499503.0 0.99914
0.034454 499498.0 0.99913
0.03447 499496.0 0.99913
0.034485 499490.0 0.99911
0.0345 499488.0 0.99911
0.034515 499481.0 0.9991
0.034531 499478.0 0.99909
0.034538 499477.0 0.99909
0.034546 499470.0 0.99907
0.034561 499466.0 0.99907
0.034576 499458.0 0.99905
0.034592 499457.0 0.99905
0.034599 499456.0 0.99905
0.034607 499451.0 0.99904
0.034622 499447.0 0.99903
0.034637 499445.0 0.99902
0.034653 499438.0 0.99901
0.034668 499431.0 0.999
0.034676 499430.0 0.99899
0.034683 499428.0 0.99899
0.034698 499423.0 0.99898
0.034729 499418.0 0.99897
0.034744 499414.0 0.99896
0.03476 499408.0 0.99895
0.034775 499403.0 0.99894
0.03479 499398.0 0.99893
0.034813 499397.0 0.99893
0.034821 499394.0 0.99892
0.034836 499387.0 0.99891
0.034843 499386.0 0.99891
0.034851 499382.0 0.9989
0.034866 499377.0 0.99889
0.034882 499374.0 0.99888
0.034897 499370.0 0.99887
0.034912 499363.0 0.99886
0.034927 499359.0 0.99885
0.034943 499357.0 0.99885
0.034958 499354.0 0.99884
0.034973 499349.0 0.99883
0.034988 499342.0 0.99882
0.034996 499341.0 0.99882
0.035004 499337.0 0.99881
0.035019 499335.0 0.9988
0.035034 499331.0 0.9988
0.035049 499328.0 0.99879
0.035065 499325.0 0.99878
0.035072 499324.0 0.99878
0.03508 499321.0 0.99878
0.035095 499314.0 0.99876
0.03511 499311.0 0.99876
0.035126 499307.0 0.99875
0.035141 499304.0 0.99874
0.035156 499296.0 0.99873
0.035164 499295.0 0.99872
0.035172 499291.0 0.99872
0.035187 499282.0 0.9987
0.035194 499281.0 0.9987
0.035202 499276.0 0.99869
0.03521 499275.0 0.99868
0.035217 499267.0 0.99867
0.035233 499262.0 0.99866
0.035248 499253.0 0.99864
0.035255 499252.0 0.99864
0.035263 499247.0 0.99863
0.035278 499240.0 0.99861
0.035286 499238.0 0.99861
0.035294 499233.0 0.9986
0.035309 499231.0 0.9986
0.035324 499229.0 0.99859
0.035332 499228.0 0.99859
0.035339 499221.0 0.99858
0.035347 499220.0 0.99857
0.035355 499215.0 0.99856
0.035362 499214.0 0.99856
0.03537 499210.0 0.99855
0.035378 499209.0 0.99855
0.035385 499208.0 0.99855
0.0354 499207.0 0.99855
0.035416 499202.0 0.99854
0.035431 499200.0 0.99853
0.035446 499197.0 0.99853
0.035454 499196.0 0.99853
0.035461 499189.0 0.99851
0.035477 499183.0 0.9985
0.035492 499181.0 0.9985
0.0355 499180.0 0.99849
0.035507 499177.0 0.99849
0.035538 499173.0 0.99848
0.035545 499172.0 0.99848
0.035553 499167.0 0.99847
0.035568 499162.0 0.99846
0.035576 499159.0 0.99845
0.035583 499157.0 0.99845
0.035591 499155.0 0.99844
0.035599 499152.0 0.99844
0.035614 499150.0 0.99843
0.035629 499144.0 0.99842
0.035645 499141.0 0.99842
0.03566 499139.0 0.99841
0.035667 499138.0 0.99841
0.035675 499133.0 0.9984
0.03569 499129.0 0.99839
0.035706 499128.0 0.99839
0.035713 499127.0 0.99839
0.035721 499122.0 0.99838
0.035728 499121.0 0.99838
0.035736 499118.0 0.99837
0.035744 499117.0 0.99837
0.035751 499115.0 0.99836
0.035759 499114.0 0.99836
0.035767 499108.0 0.99835
0.035774 499107.0 0.99835
0.035782 499102.0 0.99834
0.035797 499099.0 0.99833
0.035812 499096.0 0.99833
0.03582 499095.0 0.99832
0.035828 499092.0 0.99832
0.035835 499091.0 0.99832
0.035843 499088.0 0.99831
0.035858 499085.0 0.9983
0.035873 499084.0 0.9983
0.035889 499079.0 0.99829
0.035904 499075.0 0.99828
0.035912 499073.0 0.99828
0.035919 499067.0 0.99827
0.035927 499066.0 0.99827
0.035934 499058.0 0.99825
0.03595 499054.0 0.99824
0.035965 499048.0 0.99823
0.035973 499046.0 0.99823
0.03598 499042.0 0.99822
0.035995 499041.0 0.99822
0.036011 499035.0 0.9982
0.036018 499032.0 0.9982
0.036026 499029.0 0.99819
0.036041 499026.0 0.99819
0.036049 499025.0 0.99818
0.036057 499018.0 0.99817
0.036064 499016.0 0.99817
0.036072 499012.0 0.99816
0.036087 499009.0 0.99815
0.036102 499006.0 0.99815
0.03611 499005.0 0.99814
0.036118 499002.0 0.99814
0.036125 499000.0 0.99813
0.036133 498997.0 0.99813
0.036148 498989.0 0.99811
0.036156 498988.0 0.99811
0.036163 498985.0 0.9981
0.036171 498984.0 0.9981
0.036179 498981.0 0.9981
0.036186 498980.0 0.99809
0.036194 498978.0 0.99809
0.036201 498977.0 0.99809
0.036209 498975.0 0.99808
0.036217 498974.0 0.99808
0.036224 498970.0 0.99807
0.036232 498969.0 0.99807
0.03624 498962.0 0.99806
0.036247 498961.0 0.99806
0.036255 498956.0 0.99805
0.036263 498954.0 0.99804
0.03627 498947.0 0.99803
0.036285 498944.0 0.99802
0.036293 498943.0 0.99802
0.036301 498940.0 0.99801
0.036308 498939.0 0.99801
0.036316 498934.0 0.998
0.036331 498931.0 0.998
0.036346 498927.0 0.99799
0.036354 498926.0 0.99799
0.036362 498923.0 0.99798
0.036377 498916.0 0.99797
0.036385 498915.0 0.99796
0.036392 498911.0 0.99796
0.036407 498907.0 0.99795
0.036415 498904.0 0.99794
0.036423 498902.0 0.99794
0.03643 498901.0 0.99794
0.036438 498899.0 0.99793
0.036446 498898.0 0.99793
0.036453 498892.0 0.99792
0.036469 498889.0 0.99791
0.036484 498886.0 0.99791
0.036499 498883.0 0.9979
0.036507 498882.0 0.9979
0.036514 498878.0 0.99789
0.03653 498873.0 0.99788
0.036545 498869.0 0.99787
0.036552 498867.0 0.99787
0.03656 498863.0 0.99786
0.036568 498862.0 0.99786
0.036575 498858.0 0.99785
0.036591 498854.0 0.99784
0.036598 498852.0 0.99784
0.036606 498848.0 0.99783
0.036621 498846.0 0.99783
0.036629 498844.0 0.99782
0.036636 498836.0 0.99781
0.036644 498835.0 0.9978
0.036652 498831.0 0.9978
0.036659 498829.0 0.99779
0.036667 498826.0 0.99779
0.036674 498825.0 0.99778
0.036682 498823.0 0.99778
0.036697 498822.0 0.99778
0.036705 498820.0 0.99777
0.036728 498817.0 0.99777
0.036736 498816.0 0.99777
0.036743 498808.0 0.99775
0.036758 498802.0 0.99774
0.036774 498800.0 0.99773
0.036789 498794.0 0.99772
0.036804 498792.0 0.99772
0.036819 498790.0 0.99771
0.036827 498789.0 0.99771
0.036835 498784.0 0.9977
0.036842 498783.0 0.9977
0.03685 498776.0 0.99769
0.036865 498773.0 0.99768
0.036873 498772.0 0.99768
0.03688 498769.0 0.99767
0.036888 498767.0 0.99767
0.036896 498765.0 0.99766
0.036903 498764.0 0.99766
0.036911 498762.0 0.99766
0.036919 498760.0 0.99765
0.036926 498757.0 0.99765
0.036934 498755.0 0.99764
0.036942 498751.0 0.99764
0.036957 498750.0 0.99763
0.036964 498749.0 0.99763
0.036972 498746.0 0.99763
0.03698 498745.0 0.99762
0.036987 498741.0 0.99762
0.036995 498738.0 0.99761
0.037003 498735.0 0.9976
0.037018 498732.0 0.9976
0.037025 498731.0 0.9976
0.037033 498726.0 0.99759
0.037041 498725.0 0.99758
0.037048 498721.0 0.99758
0.037056 498720.0 0.99757
0.037064 498716.0 0.99757
0.037071 498714.0 0.99756
0.037079 498708.0 0.99755
0.037094 498705.0 0.99754
0.037102 498704.0 0.99754
0.037109 498699.0 0.99753
0.037117 498698.0 0.99753
0.037125 498693.0 0.99752
0.03714 498688.0 0.99751
0.037155 498686.0 0.99751
0.037163 498685.0 0.9975
0.03717 498681.0 0.9975
0.037186 498676.0 0.99749
0.037201 498674.0 0.99748
0.037216 498672.0 0.99748
0.037224 498669.0 0.99747
0.037231 498664.0 0.99746
0.037247 498662.0 0.99746
0.037262 498658.0 0.99745
0.03727 498657.0 0.99745
0.037277 498653.0 0.99744
0.037285 498652.0 0.99744
0.037292 498650.0 0.99743
0.037308 498646.0 0.99743
0.037315 498645.0 0.99742
0.037323 498643.0 0.99742
0.037331 498642.0 0.99742
0.037338 498641.0 0.99742
0.037346 498638.0 0.99741
0.037354 498635.0 0.9974
0.037361 498634.0 0.9974
0.037369 498631.0 0.9974
0.037384 498626.0 0.99739
0.037392 498625.0 0.99738
0.037399 498624.0 0.99738
0.037407 498623.0 0.99738
0.037415 498621.0 0.99738
0.037422 498620.0 0.99737
0.03743 498617.0 0.99737
0.037437 498615.0 0.99736
0.037445 498613.0 0.99736
0.037453 498612.0 0.99736
0.03746 498606.0 0.99735
0.037476 498600.0 0.99733
0.037483 498598.0 0.99733
0.037491 498595.0 0.99732
0.037498 498593.0 0.99732
0.037506 498588.0 0.99731
0.037521 498587.0 0.99731
0.037537 498586.0 0.99731
0.037552 498581.0 0.9973
0.03756 498580.0 0.99729
0.037567 498577.0 0.99729
0.037582 498571.0 0.99728
0.037598 498564.0 0.99726
0.037605 498563.0 0.99726
0.037613 498558.0 0.99725
0.037621 498557.0 0.99725
0.037628 498555.0 0.99724
0.037643 498548.0 0.99723
0.037651 498547.0 0.99723
0.037659 498546.0 0.99723
0.037666 498544.0 0.99722
0.037689 498540.0 0.99721
0.037697 498539.0 0.99721
0.037704 498536.0 0.99721
0.037712 498535.0 0.9972
0.03772 498529.0 0.99719
0.037735 498527.0 0.99719
0.03775 498523.0 0.99718
0.037758 498521.0 0.99718
0.037766 498519.0 0.99717
0.037781 498516.0 0.99717
0.037796 498510.0 0.99715
0.037804 498509.0 0.99715
0.037811 498505.0 0.99714
0.037827 498500.0 0.99713
0.037842 498495.0 0.99712
0.037857 498493.0 0.99712
0.037865 498492.0 0.99712
0.037872 498490.0 0.99711
0.037888 498487.0 0.99711
0.037903 498478.0 0.99709
0.03791 498476.0 0.99709
0.037918 498474.0 0.99708
0.037926 498473.0 0.99708
0.037933 498470.0 0.99707
0.037949 498465.0 0.99706
0.037964 498460.0 0.99705
0.037979 498459.0 0.99705
0.037987 498458.0 0.99705
0.037994 498456.0 0.99705
0.03801 498452.0 0.99704
0.038017 498450.0 0.99703
0.038025 498449.0 0.99703
0.038033 498448.0 0.99703
0.03804 498447.0 0.99703
0.038055 498442.0 0.99702
0.038071 498435.0 0.997
0.038078 498434.0 0.997
0.038086 498432.0 0.997
0.038094 498430.0 0.99699
0.038101 498425.0 0.99698
0.038109 498424.0 0.99698
0.038116 498421.0 0.99698
0.038124 498420.0 0.99697
0.038132 498417.0 0.99697
0.038139 498413.0 0.99696
0.038147 498411.0 0.99696
0.038162 498407.0 0.99695
0.03817 498404.0 0.99694
0.038177 498400.0 0.99693
0.038185 498399.0 0.99693
0.038193 498388.0 0.99691
0.0382 498384.0 0.9969
0.038208 498377.0 0.99689
0.038216 498376.0 0.99689
0.038223 498374.0 0.99688
0.038231 498373.0 0.99688
0.038239 498371.0 0.99688
0.038246 498368.0 0.99687
0.038254 498364.0 0.99686
0.038269 498359.0 0.99685
0.038277 498358.0 0.99685
0.038284 498356.0 0.99685
0.038307 498354.0 0.99684
0.038315 498351.0 0.99684
0.03833 498348.0 0.99683
0.038345 498345.0 0.99682
0.038361 498341.0 0.99682
0.038368 498340.0 0.99681
0.038376 498336.0 0.99681
0.038391 498333.0 0.9968
0.038399 498332.0 0.9968
0.038406 498330.0 0.99679
0.038422 498322.0 0.99678
0.038437 498317.0 0.99677
0.038445 498315.0 0.99676
0.038452 498309.0 0.99675
0.038467 498306.0 0.99675
0.038483 498300.0 0.99673
0.03849 498299.0 0.99673
0.038498 498298.0 0.99673
0.038513 498292.0 0.99672
0.038521 498291.0 0.99672
0.038528 498285.0 0.9967
0.038544 498281.0 0.9967
0.038551 498279.0 0.99669
0.038567 498277.0 0.99669
0.038574 498272.0 0.99668
0.038582 498271.0 0.99668
0.038589 498268.0 0.99667
0.038597 498267.0 0.99667
0.038605 498265.0 0.99666
0.03862 498260.0 0.99665
0.038628 498259.0 0.99665
0.038635 498257.0 0.99665
0.038651 498254.0 0.99664
0.038658 498253.0 0.99664
0.038666 498251.0 0.99664
0.038673 498250.0 0.99663
0.038681 498247.0 0.99663
0.038696 498246.0 0.99663
0.038712 498245.0 0.99662
0.038727 498241.0 0.99662
0.038734 498240.0 0.99661
0.038757 498238.0 0.99661
0.038765 498237.0 0.99661
0.038773 498233.0 0.9966
0.038788 498230.0 0.99659
0.038803 498226.0 0.99659
0.038811 498225.0 0.99658
0.038818 498222.0 0.99658
0.038826 498221.0 0.99658
0.038834 498214.0 0.99656
0.038849 498213.0 0.99656
0.038864 498209.0 0.99655
0.038879 498207.0 0.99655
0.038887 498206.0 0.99655
0.038895 498204.0 0.99654
0.03891 498200.0 0.99653
0.038925 498198.0 0.99653
0.03894 498194.0 0.99652
0.038956 498193.0 0.99652
0.038971 498191.0 0.99652
0.038979 498188.0 0.99651
0.038986 498186.0 0.99651
0.038994 498185.0 0.9965
0.039001 498182.0 0.9965
0.039009 498181.0 0.9965
0.039017 498179.0 0.99649
0.039024 498178.0 0.99649
0.039032 498176.0 0.99649
0.039047 498175.0 0.99648
0.039062 498172.0 0.99648
0.03907 498169.0 0.99647
0.039093 498168.0 0.99647
0.039101 498166.0 0.99647
0.039108 498165.0 0.99646
0.039116 498164.0 0.99646
0.039124 498162.0 0.99646
0.039139 498160.0 0.99645
0.039154 498157.0 0.99645
0.039169 498156.0 0.99645
0.039177 498154.0 0.99644
0.039185 498152.0 0.99644
0.039192 498150.0 0.99643
0.0392 498146.0 0.99643
0.039215 498145.0 0.99642
0.03923 498140.0 0.99641
0.039246 498137.0 0.99641
0.039261 498134.0 0.9964
0.039268 498133.0 0.9964
0.039276 498132.0 0.9964
0.039284 498131.0 0.9964
0.039291 498129.0 0.99639
0.039299 498128.0 0.99639
0.039307 498124.0 0.99638
0.039314 498123.0 0.99638
0.039322 498121.0 0.99638
0.03933 498120.0 0.99637
0.039337 498117.0 0.99637
0.039345 498115.0 0.99636
0.039352 498113.0 0.99636
0.03936 498111.0 0.99636
0.039375 498109.0 0.99635
0.039383 498105.0 0.99634
0.039398 498102.0 0.99634
0.039413 498100.0 0.99633
0.039421 498099.0 0.99633
0.039429 498097.0 0.99633
0.039436 498096.0 0.99633
0.039444 498095.0 0.99632
0.039459 498093.0 0.99632
0.039467 498092.0 0.99632
0.039474 498089.0 0.99631
0.039482 498088.0 0.99631
0.03949 498085.0 0.9963
0.039497 498082.0 0.9963
0.039505 498079.0 0.99629
0.03952 498078.0 0.99629
0.039528 498077.0 0.99629
0.039536 498075.0 0.99628
0.039551 498072.0 0.99628
0.039558 498071.0 0.99628
0.039566 498069.0 0.99627
0.039574 498068.0 0.99627
0.039581 498067.0 0.99627
0.039597 498066.0 0.99627
0.039612 498064.0 0.99626
0.039619 498063.0 0.99626
0.039627 498061.0 0.99626
0.039642 498060.0 0.99625
0.03965 498059.0 0.99625
0.039658 498054.0 0.99624
0.039673 498052.0 0.99624
0.039688 498051.0 0.99624
0.039696 498050.0 0.99623
0.039703 498049.0 0.99623
0.039719 498047.0 0.99623
0.039734 498044.0 0.99622
0.039749 498042.0 0.99622
0.039757 498041.0 0.99622
0.039764 498036.0 0.99621
0.03978 498030.0 0.99619
0.039787 498029.0 0.99619
0.039795 498027.0 0.99619
0.039803 498025.0 0.99618
0.03981 498020.0 0.99617
0.039825 498019.0 0.99617
0.039833 498018.0 0.99617
0.039841 498015.0 0.99616
0.039848 498014.0 0.99616
0.039856 498013.0 0.99616
0.039864 498012.0 0.99616
0.039871 498009.0 0.99615
0.039879 498008.0 0.99615
0.039886 498007.0 0.99615
0.039902 498005.0 0.99614
0.039917 498004.0 0.99614
0.039925 498003.0 0.99614
0.039948 498001.0 0.99614
0.039955 498000.0 0.99613
0.039963 497997.0 0.99613
0.039986 497996.0 0.99613
0.039993 497993.0 0.99612
0.040009 497990.0 0.99611
0.040024 497989.0 0.99611
0.040039 497987.0 0.99611
0.040054 497986.0 0.99611
0.040085 497983.0 0.9961
0.0401 497980.0 0.99609
0.040108 497978.0 0.99609
0.040115 497976.0 0.99609
0.040131 497975.0 0.99608
0.040138 497974.0 0.99608
0.040146 497973.0 0.99608
0.040154 497972.0 0.99608
0.040161 497971.0 0.99608
0.040176 497970.0 0.99607
0.040184 497969.0 0.99607
0.040192 497967.0 0.99607
0.040199 497966.0 0.99607
0.040207 497965.0 0.99606
0.040222 497963.0 0.99606
0.04023 497962.0 0.99606
0.040237 497960.0 0.99605
0.040253 497957.0 0.99605
0.040268 497955.0 0.99604
0.040276 497954.0 0.99604
0.040306 497953.0 0.99604
0.040314 497951.0 0.99604
0.040321 497950.0 0.99603
0.040352 497949.0 0.99603
0.040359 497948.0 0.99603
0.040375 497947.0 0.99603
0.040382 497946.0 0.99603
0.040405 497945.0 0.99602
0.040421 497944.0 0.99602
0.040428 497943.0 0.99602
0.040436 497942.0 0.99602
0.040459 497941.0 0.99602
0.040482 497939.0 0.99601
0.040497 497937.0 0.99601
0.040504 497936.0 0.99601
0.040512 497933.0 0.996
0.04052 497932.0 0.996
0.040535 497930.0 0.99599
0.040543 497929.0 0.99599
0.040558 497928.0 0.99599
0.040565 497927.0 0.99599
0.040596 497926.0 0.99599
0.040604 497924.0 0.99598
0.040619 497923.0 0.99598
0.040634 497922.0 0.99598
0.04068 497920.0 0.99597
0.040695 497918.0 0.99597
0.04071 497917.0 0.99597
0.040726 497916.0 0.99597
0.040756 497915.0 0.99596
0.040771 497914.0 0.99596
0.040779 497913.0 0.99596
0.040787 497911.0 0.99596
0.040802 497909.0 0.99595
0.040817 497907.0 0.99595
0.040833 497906.0 0.99595
0.04084 497904.0 0.99594
0.040848 497903.0 0.99594
0.040863 497901.0 0.99594
0.040947 497900.0 0.99593
0.040977 497898.0 0.99593
0.041 497895.0 0.99592
0.041016 497894.0 0.99592
0.041023 497893.0 0.99592
0.041046 497892.0 0.99592
0.041061 497891.0 0.99592
0.041077 497890.0 0.99591
0.041084 497889.0 0.99591
0.041092 497887.0 0.99591
0.0411 497886.0 0.99591
0.041122 497884.0 0.9959
0.041153 497882.0 0.9959
0.041168 497881.0 0.9959
0.041183 497879.0 0.99589
0.041199 497878.0 0.99589
0.041214 497877.0 0.99589
0.041229 497876.0 0.99589
0.041237 497874.0 0.99588
0.041245 497873.0 0.99588
0.041252 497872.0 0.99588
0.04126 497871.0 0.99588
0.041267 497870.0 0.99587
0.04129 497869.0 0.99587
0.041298 497868.0 0.99587
0.041306 497866.0 0.99587
0.041313 497864.0 0.99586
0.041321 497863.0 0.99586
0.041328 497862.0 0.99586
0.041336 497861.0 0.99586
0.041351 497860.0 0.99585
0.041382 497858.0 0.99585
0.041389 497856.0 0.99585
0.041397 497854.0 0.99584
0.041412 497852.0 0.99584
0.041428 497851.0 0.99584
0.041466 497850.0 0.99583
0.041473 497849.0 0.99583
0.041489 497848.0 0.99583
0.041504 497847.0 0.99583
0.041534 497846.0 0.99583
0.04155 497845.0 0.99582
0.041565 497844.0 0.99582
0.04158 497843.0 0.99582
0.041603 497842.0 0.99582
0.041611 497840.0 0.99581
0.041626 497839.0 0.99581
0.041634 497838.0 0.99581
0.041641 497837.0 0.99581
0.041656 497836.0 0.99581
0.041672 497835.0 0.9958
0.041687 497834.0 0.9958
0.041702 497833.0 0.9958
0.04171 497831.0 0.9958
0.041725 497830.0 0.99579
0.041733 497829.0 0.99579
0.041748 497827.0 0.99579
0.041771 497826.0 0.99579
0.041779 497825.0 0.99578
0.041794 497824.0 0.99578
0.041801 497823.0 0.99578
0.041809 497820.0 0.99577
0.041824 497819.0 0.99577
0.04184 497818.0 0.99577
0.041847 497817.0 0.99577
0.04187 497815.0 0.99576
0.041878 497814.0 0.99576
0.041885 497813.0 0.99576
0.041901 497811.0 0.99576
0.041946 497810.0 0.99575
0.041969 497809.0 0.99575
0.042007 497808.0 0.99575
0.042023 497807.0 0.99575
0.042053 497806.0 0.99575
0.042084 497804.0 0.99574
0.042099 497803.0 0.99574
0.042107 497802.0 0.99574
0.042114 497801.0 0.99574
0.042236 497799.0 0.99573
0.042267 497798.0 0.99573
0.042282 497796.0 0.99573
0.042297 497795.0 0.99572
0.042328 497794.0 0.99572
0.042351 497793.0 0.99572
0.042358 497790.0 0.99571
0.042389 497788.0 0.99571
0.042397 497787.0 0.99571
0.042404 497786.0 0.99571
0.042435 497785.0 0.9957
0.042465 497784.0 0.9957
0.042511 497783.0 0.9957
0.042557 497781.0 0.9957
0.042564 497780.0 0.99569
0.042587 497779.0 0.99569
0.042603 497777.0 0.99569
0.042671 497776.0 0.99569
0.042679 497774.0 0.99568
0.042694 497773.0 0.99568
0.042709 497772.0 0.99568
0.042725 497771.0 0.99568
0.042755 497770.0 0.99567
0.04277 497769.0 0.99567
0.042786 497767.0 0.99567
0.042801 497766.0 0.99567
0.042831 497765.0 0.99566
0.042847 497764.0 0.99566
0.042877 497763.0 0.99566
0.042946 497762.0 0.99566
0.042953 497760.0 0.99565
0.042999 497759.0 0.99565
0.043091 497757.0 0.99565
0.043106 497756.0 0.99565
0.043198 497755.0 0.99564
0.043213 497753.0 0.99564
0.043259 497752.0 0.99564
0.04332 497751.0 0.99564
0.043388 497750.0 0.99563
0.043442 497748.0 0.99563
0.04348 497747.0 0.99563
0.043503 497746.0 0.99563
0.043518 497745.0 0.99562
0.043533 497744.0 0.99562
0.043549 497743.0 0.99562
0.04361 497740.0 0.99561
0.04364 497739.0 0.99561
0.043671 497737.0 0.99561
0.043686 497736.0 0.99561
0.043701 497734.0 0.9956
0.043716 497733.0 0.9956
0.043732 497732.0 0.9956
0.043762 497731.0 0.9956
0.043777 497730.0 0.99559
0.043808 497728.0 0.99559
0.043823 497727.0 0.99559
0.043839 497726.0 0.99559
0.043915 497725.0 0.99558
0.04393 497724.0 0.99558
0.043976 497723.0 0.99558
0.043991 497722.0 0.99558
0.044006 497721.0 0.99558
0.044067 497718.0 0.99557
0.044098 497717.0 0.99557
0.044128 497715.0 0.99556
0.044144 497714.0 0.99556
0.044205 497712.0 0.99556
0.04425 497711.0 0.99556
0.044312 497710.0 0.99555
0.044319 497709.0 0.99555
0.044342 497708.0 0.99555
0.044388 497707.0 0.99555
0.044403 497706.0 0.99555
0.044449 497703.0 0.99554
0.044525 497701.0 0.99554
0.044556 497700.0 0.99553
0.044563 497699.0 0.99553
0.044571 497698.0 0.99553
0.044586 497697.0 0.99553
0.044617 497696.0 0.99553
0.044632 497695.0 0.99552
0.044662 497694.0 0.99552
0.044678 497693.0 0.99552
0.044708 497692.0 0.99552
0.044724 497691.0 0.99552
0.044739 497690.0 0.99551
0.044754 497688.0 0.99551
0.044769 497687.0 0.99551
0.0448 497686.0 0.99551
0.044815 497685.0 0.9955
0.044861 497684.0 0.9955
0.044922 497682.0 0.9955
0.044983 497681.0 0.9955
0.045013 497679.0 0.99549
0.045044 497677.0 0.99549
0.045074 497675.0 0.99548
0.04509 497674.0 0.99548
0.045105 497673.0 0.99548
0.04512 497672.0 0.99548
0.045135 497670.0 0.99547
0.045166 497668.0 0.99547
0.045197 497667.0 0.99547
0.045258 497666.0 0.99547
0.045334 497665.0 0.99546
0.04538 497664.0 0.99546
0.045395 497663.0 0.99546
0.04541 497661.0 0.99546
0.045441 497659.0 0.99545
0.045471 497657.0 0.99545
0.045486 497656.0 0.99545
0.045578 497655.0 0.99544
0.045609 497654.0 0.99544
0.045654 497653.0 0.99544
0.045746 497652.0 0.99544
0.045776 497648.0 0.99543
0.045799 497647.0 0.99543
0.045807 497646.0 0.99543
0.045837 497644.0 0.99542
0.045868 497643.0 0.99542
0.045883 497641.0 0.99542
0.045898 497640.0 0.99541
0.045959 497638.0 0.99541
0.045967 497637.0 0.99541
0.046021 497636.0 0.99541
0.046097 497635.0 0.9954
0.046143 497634.0 0.9954
0.046173 497633.0 0.9954
0.046234 497631.0 0.9954
0.046265 497629.0 0.99539
0.04628 497628.0 0.99539
0.046326 497626.0 0.99539
0.046356 497625.0 0.99538
0.046448 497624.0 0.99538
0.046478 497622.0 0.99538
0.046539 497620.0 0.99537
0.04657 497617.0 0.99537
0.046631 497616.0 0.99537
0.046661 497615.0 0.99536
0.046692 497614.0 0.99536
0.046722 497613.0 0.99536
0.046753 497611.0 0.99536
0.046768 497610.0 0.99535
0.046783 497609.0 0.99535
0.046936 497607.0 0.99535
0.046967 497605.0 0.99534
0.046997 497604.0 0.99534
0.047028 497601.0 0.99534
0.047058 497599.0 0.99533
0.047073 497598.0 0.99533
0.047119 497597.0 0.99533
0.04715 497596.0 0.99533
0.04718 497595.0 0.99532
0.047211 497591.0 0.99532
0.047241 497589.0 0.99531
0.047302 497588.0 0.99531
0.047333 497586.0 0.99531
0.047348 497585.0 0.9953
0.047363 497584.0 0.9953
0.047394 497583.0 0.9953
0.047424 497580.0 0.99529
0.047455 497578.0 0.99529
0.047485 497577.0 0.99529
0.047516 497576.0 0.99529
0.047546 497574.0 0.99528
0.047577 497573.0 0.99528
0.047607 497572.0 0.99528
0.047638 497570.0 0.99527
0.047668 497568.0 0.99527
0.047699 497566.0 0.99527
0.047729 497562.0 0.99526
0.04776 497561.0 0.99526
0.047821 497560.0 0.99525
0.047852 497557.0 0.99525
0.047882 497556.0 0.99525
0.047913 497555.0 0.99524
0.047943 497554.0 0.99524
0.047974 497551.0 0.99524
0.048096 497546.0 0.99523
0.048126 497544.0 0.99522
0.048157 497543.0 0.99522
0.048187 497542.0 0.99522
0.048218 497539.0 0.99521
0.048279 497536.0 0.99521
0.04834 497534.0 0.9952
0.04837 497532.0 0.9952
0.048401 497529.0 0.99519
0.048431 497527.0 0.99519
0.048462 497523.0 0.99518
0.048553 497522.0 0.99518
0.048584 497520.0 0.99517
0.048615 497519.0 0.99517
0.048645 497517.0 0.99517
0.048676 497516.0 0.99517
0.048706 497511.0 0.99516
0.048767 497508.0 0.99515
0.048828 497505.0 0.99514
0.048889 497500.0 0.99513
0.048904 497499.0 0.99513
0.04895 497496.0 0.99513
0.049011 497495.0 0.99512
0.049042 497494.0 0.99512
0.049072 497489.0 0.99511
0.049103 497487.0 0.99511
0.049133 497482.0 0.9951
0.049194 497481.0 0.9951
0.049225 497480.0 0.99509
0.049255 497474.0 0.99508
0.049286 497473.0 0.99508
0.049316 497471.0 0.99508
0.049347 497470.0 0.99507
0.049377 497469.0 0.99507
0.049408 497468.0 0.99507
0.049438 497464.0 0.99506
0.049469 497463.0 0.99506
0.0495 497460.0 0.99505
0.049561 497458.0 0.99505
0.049622 497457.0 0.99505
0.049652 497456.0 0.99505
0.049713 497455.0 0.99504
0.049774 497454.0 0.99504
0.049805 497450.0 0.99503
0.049866 497448.0 0.99503
0.049896 497447.0 0.99503
0.049927 497446.0 0.99503
0.049957 497445.0 0.99502
0.049988 497443.0 0.99502
0.050018 497441.0 0.99502
0.050049 497436.0 0.99501
0.05011 497434.0 0.995
0.050171 497433.0 0.995
0.050201 497432.0 0.995
0.050293 497431.0 0.995
0.050354 497429.0 0.99499
0.050476 497428.0 0.99499
0.050507 497424.0 0.99498
0.050537 497421.0 0.99498
0.050568 497420.0 0.99497
0.050598 497419.0 0.99497
0.050659 497417.0 0.99497
0.05069 497416.0 0.99497
0.050781 497410.0 0.99495
0.050842 497409.0 0.99495
0.050903 497408.0 0.99495
0.050934 497407.0 0.99495
0.051025 497406.0 0.99495
0.051056 497404.0 0.99494
0.051086 497403.0 0.99494
0.051117 497401.0 0.99494
0.051147 497400.0 0.99493
0.051178 497399.0 0.99493
0.051239 497397.0 0.99493
0.0513 497394.0 0.99492
0.051331 497390.0 0.99491
0.051422 497389.0 0.99491
0.051453 497388.0 0.99491
0.051483 497387.0 0.99491
0.051544 497386.0 0.99491
0.051575 497385.0 0.9949
0.051605 497383.0 0.9949
0.051636 497378.0 0.99489
0.051666 497377.0 0.99489
0.051697 497376.0 0.99489
0.051727 497375.0 0.99488
0.051758 497374.0 0.99488
0.051788 497372.0 0.99488
0.051819 497371.0 0.99488
0.05188 497368.0 0.99487
0.051941 497364.0 0.99486
0.052002 497363.0 0.99486
0.052032 497362.0 0.99486
0.052063 497361.0 0.99486
0.052185 497359.0 0.99485
0.052246 497358.0 0.99485
0.052307 497357.0 0.99485
0.052338 497356.0 0.99485
0.052368 497355.0 0.99484
0.052399 497351.0 0.99484
0.052429 497350.0 0.99483
0.052551 497346.0 0.99483
0.052612 497343.0 0.99482
0.052673 497341.0 0.99482
0.052704 497340.0 0.99481
0.052734 497337.0 0.99481
0.052765 497336.0 0.99481
0.052795 497335.0 0.9948
0.052856 497333.0 0.9948
0.052979 497330.0 0.99479
0.053101 497326.0 0.99479
0.053192 497325.0 0.99478
0.053223 497324.0 0.99478
0.053284 497323.0 0.99478
0.053314 497322.0 0.99478
0.053375 497321.0 0.99478
0.053467 497320.0 0.99477
0.053528 497315.0 0.99476
0.053711 497312.0 0.99476
0.053833 497311.0 0.99476
0.053955 497309.0 0.99475
0.053986 497306.0 0.99475
0.054016 497304.0 0.99474
0.054077 497302.0 0.99474
0.054199 497300.0 0.99473
0.05423 497298.0 0.99473
0.054321 497293.0 0.99472
0.054382 497292.0 0.99472
0.054504 497291.0 0.99472
0.054565 497289.0 0.99471
0.05481 497287.0 0.99471
0.054932 497285.0 0.9947
0.054962 497284.0 0.9947
0.054993 497282.0 0.9947
0.055054 497281.0 0.9947
0.055237 497280.0 0.99469
0.055328 497278.0 0.99469
0.055359 497276.0 0.99469
0.05542 497275.0 0.99468
0.055542 497274.0 0.99468
0.055603 497272.0 0.99468
0.055664 497271.0 0.99468
0.055725 497270.0 0.99467
0.055786 497268.0 0.99467
0.055847 497267.0 0.99467
0.055939 497266.0 0.99467
0.05603 497264.0 0.99466
0.056152 497262.0 0.99466
0.056274 497260.0 0.99465
0.056335 497259.0 0.99465
0.056366 497258.0 0.99465
0.056396 497255.0 0.99464
0.056458 497252.0 0.99464
0.05658 497251.0 0.99464
0.056641 497248.0 0.99463
0.056763 497245.0 0.99462
0.056854 497244.0 0.99462
0.056946 497243.0 0.99462
0.056976 497242.0 0.99462
0.057007 497241.0 0.99462
0.057068 497238.0 0.99461
0.057129 497235.0 0.9946
0.057251 497234.0 0.9946
0.057373 497232.0 0.9946
0.057434 497231.0 0.9946
0.057495 497229.0 0.99459
0.057678 497228.0 0.99459
0.057739 497227.0 0.99459
0.057861 497225.0 0.99458
0.057922 497222.0 0.99458
0.058044 497221.0 0.99458
0.058167 497219.0 0.99457
0.058228 497218.0 0.99457
0.058289 497217.0 0.99457
0.058411 497216.0 0.99457
0.058472 497214.0 0.99456
0.058777 497213.0 0.99456
0.058899 497212.0 0.99456
0.05896 497211.0 0.99456
0.059021 497210.0 0.99455
0.059052 497209.0 0.99455
0.059082 497208.0 0.99455
0.059204 497207.0 0.99455
0.059326 497205.0 0.99454
0.059387 497204.0 0.99454
0.059448 497203.0 0.99454
0.059479 497202.0 0.99454
0.059509 497201.0 0.99454
0.059631 497199.0 0.99453
0.059937 497198.0 0.99453
0.059998 497197.0 0.99453
0.060059 497196.0 0.99453
0.060242 497195.0 0.99452
0.060303 497194.0 0.99452
0.060486 497192.0 0.99452
0.060547 497190.0 0.99451
0.060669 497188.0 0.99451
0.060913 497185.0 0.9945
0.061035 497183.0 0.9945
0.061157 497182.0 0.9945
0.06134 497181.0 0.9945
0.061584 497179.0 0.99449
0.062012 497178.0 0.99449
0.062256 497177.0 0.99449
0.062622 497176.0 0.99449
0.062866 497175.0 0.99448
0.063232 497174.0 0.99448
0.063416 497172.0 0.99448
0.063721 497171.0 0.99448
0.063843 497170.0 0.99447
0.063965 497169.0 0.99447
0.064331 497166.0 0.99447
0.064453 497163.0 0.99446
0.064575 497161.0 0.99446
0.064819 497160.0 0.99445
0.06488 497159.0 0.99445
0.065002 497158.0 0.99445
0.065063 497157.0 0.99445
0.065125 497156.0 0.99445
0.065308 497155.0 0.99444
0.065918 497154.0 0.99444
0.066528 497152.0 0.99444
0.06665 497151.0 0.99444
0.066772 497150.0 0.99443
0.066895 497148.0 0.99443
0.067139 497146.0 0.99443
0.067261 497145.0 0.99442
0.067444 497144.0 0.99442
0.067627 497142.0 0.99442
0.067871 497141.0 0.99442
0.068115 497138.0 0.99441
0.068726 497137.0 0.99441
0.068787 497135.0 0.9944
0.068848 497134.0 0.9944
0.069031 497133.0 0.9944
0.069214 497131.0 0.9944
0.069336 497129.0 0.99439
0.069397 497127.0 0.99439
0.069458 497125.0 0.99438
0.06958 497123.0 0.99438
0.069763 497122.0 0.99438
0.069824 497120.0 0.99437
0.069885 497119.0 0.99437
0.069946 497118.0 0.99437
0.070007 497117.0 0.99437
0.070068 497116.0 0.99437
0.070312 497115.0 0.99436
0.070435 497114.0 0.99436
0.070496 497113.0 0.99436
0.070557 497112.0 0.99436
0.070801 497110.0 0.99435
0.070923 497109.0 0.99435
0.071045 497106.0 0.99435
0.071228 497105.0 0.99434
0.071289 497102.0 0.99434
0.07135 497101.0 0.99434
0.071472 497100.0 0.99433
0.071533 497099.0 0.99433
0.071594 497097.0 0.99433
0.071655 497095.0 0.99432
0.071899 497094.0 0.99432
0.072144 497093.0 0.99432
0.072266 497092.0 0.99432
0.072388 497091.0 0.99432
0.07251 497090.0 0.99431
0.072876 497089.0 0.99431
0.072937 497088.0 0.99431
0.072998 497086.0 0.99431
0.073303 497084.0 0.9943
0.073425 497083.0 0.9943
0.073547 497082.0 0.9943
0.073608 497081.0 0.9943
0.073669 497079.0 0.99429
0.073792 497078.0 0.99429
0.073853 497076.0 0.99429
0.074097 497074.0 0.99428
0.074341 497072.0 0.99428
0.074463 497071.0 0.99428
0.074707 497069.0 0.99427
0.074829 497067.0 0.99427
0.07489 497066.0 0.99427
0.074951 497064.0 0.99426
0.075073 497063.0 0.99426
0.075195 497061.0 0.99426
0.075378 497060.0 0.99425
0.075439 497059.0 0.99425
0.0755 497058.0 0.99425
0.075562 497056.0 0.99425
0.075684 497055.0 0.99424
0.075806 497053.0 0.99424
0.07605 497051.0 0.99424
0.076233 497050.0 0.99423
0.076294 497048.0 0.99423
0.076355 497047.0 0.99423
0.076416 497045.0 0.99422
0.076538 497042.0 0.99422
0.07666 497039.0 0.99421
0.076782 497038.0 0.99421
0.076904 497035.0 0.9942
0.077026 497034.0 0.9942
0.077332 497033.0 0.9942
0.077393 497032.0 0.9942
0.077454 497031.0 0.9942
0.077515 497030.0 0.99419
0.077637 497027.0 0.99419
0.077759 497024.0 0.99418
0.07782 497023.0 0.99418
0.077881 497021.0 0.99418
0.077942 497020.0 0.99417
0.078003 497017.0 0.99417
0.078125 497016.0 0.99417
0.078247 497015.0 0.99416
0.078369 497013.0 0.99416
0.07843 497012.0 0.99416
0.078491 497011.0 0.99416
0.078613 497010.0 0.99415
0.078674 497009.0 0.99415
0.078735 497008.0 0.99415
0.078857 497005.0 0.99414
0.078918 497004.0 0.99414
0.079102 497003.0 0.99414
0.079346 497001.0 0.99414
0.07959 496998.0 0.99413
0.079712 496996.0 0.99413
0.079773 496995.0 0.99412
0.079834 496993.0 0.99412
0.079956 496992.0 0.99412
0.080078 496988.0 0.99411
0.080139 496987.0 0.99411
0.0802 496985.0 0.9941
0.080322 496983.0 0.9941
0.080383 496982.0 0.9941
0.080444 496980.0 0.99409
0.080566 496979.0 0.99409
0.080688 496977.0 0.99409
0.080811 496975.0 0.99408
0.080872 496974.0 0.99408
0.080933 496973.0 0.99408
0.081055 496972.0 0.99408
0.081177 496971.0 0.99408
0.081299 496970.0 0.99407
0.08136 496969.0 0.99407
0.081421 496968.0 0.99407
0.081543 496967.0 0.99407
0.081665 496966.0 0.99407
0.081909 496962.0 0.99406
0.082031 496960.0 0.99405
0.082153 496959.0 0.99405
0.082397 496956.0 0.99405
0.08252 496954.0 0.99404
0.082642 496951.0 0.99404
0.082764 496950.0 0.99403
0.083008 496948.0 0.99403
0.08313 496947.0 0.99403
0.083252 496944.0 0.99402
0.083618 496943.0 0.99402
0.08374 496942.0 0.99402
0.083862 496939.0 0.99401
0.084106 496938.0 0.99401
0.084229 496936.0 0.99401
0.084351 496935.0 0.994
0.084717 496934.0 0.994
0.084839 496933.0 0.994
0.084961 496931.0 0.994
0.085083 496930.0 0.99399
0.085327 496929.0 0.99399
0.085449 496928.0 0.99399
0.085571 496927.0 0.99399
0.085693 496926.0 0.99399
0.08606 496925.0 0.99398
0.086182 496924.0 0.99398
0.086304 496923.0 0.99398
0.086365 496922.0 0.99398
0.08667 496920.0 0.99397
0.086731 496919.0 0.99397
0.087036 496918.0 0.99397
0.087524 496916.0 0.99397
0.088623 496915.0 0.99396
0.089233 496914.0 0.99396
0.089355 496913.0 0.99396
0.089478 496911.0 0.99396
0.0896 496910.0 0.99395
0.089844 496909.0 0.99395
0.089966 496908.0 0.99395
0.090088 496907.0 0.99395
0.090332 496906.0 0.99395
0.090576 496904.0 0.99394
0.09082 496903.0 0.99394
0.091553 496902.0 0.99394
0.091797 496901.0 0.99394
0.092041 496900.0 0.99393
0.092163 496899.0 0.99393
0.092651 496898.0 0.99393
0.092896 496897.0 0.99393
0.093018 496896.0 0.99393
0.093262 496895.0 0.99392
0.093384 496894.0 0.99392
0.09375 496892.0 0.99392
0.09436 496891.0 0.99392
0.094482 496890.0 0.99391
0.094604 496889.0 0.99391
0.094727 496886.0 0.99391
0.094849 496885.0 0.9939
0.094971 496883.0 0.9939
0.095215 496881.0 0.9939
0.095459 496880.0 0.99389
0.095581 496879.0 0.99389
0.095703 496878.0 0.99389
0.095947 496877.0 0.99389
0.096069 496876.0 0.99389
0.096191 496874.0 0.99388
0.096313 496873.0 0.99388
0.096558 496872.0 0.99388
0.09668 496871.0 0.99388
0.096802 496870.0 0.99387
0.097168 496868.0 0.99387
0.097412 496866.0 0.99387
0.097534 496865.0 0.99386
0.097656 496864.0 0.99386
0.0979 496862.0 0.99386
0.098022 496861.0 0.99386
0.098145 496859.0 0.99385
0.098267 496858.0 0.99385
0.098511 496857.0 0.99385
0.098755 496856.0 0.99385
0.099121 496855.0 0.99384
0.099609 496854.0 0.99384
0.099731 496853.0 0.99384
0.099854 496851.0 0.99384
0.099976 496849.0 0.99383
0.10022 496847.0 0.99383
0.10034 496846.0 0.99383
0.10046 496843.0 0.99382
0.10059 496842.0 0.99382
0.10132 496841.0 0.99382
0.10144 496838.0 0.99381
0.10181 496837.0 0.99381
0.10205 496835.0 0.9938
0.10217 496834.0 0.9938
0.10254 496833.0 0.9938
0.10266 496832.0 0.9938
0.10291 496830.0 0.99379
0.10303 496829.0 0.99379
0.10339 496828.0 0.99379
0.10352 496827.0 0.99379
0.10425 496826.0 0.99379
0.10449 496823.0 0.99378
0.10461 496822.0 0.99378
0.10498 496820.0 0.99377
0.1051 496819.0 0.99377
0.10522 496817.0 0.99377
0.10547 496816.0 0.99377
0.10596 496815.0 0.99376
0.1062 496814.0 0.99376
0.10657 496813.0 0.99376
0.10669 496810.0 0.99375
0.10718 496809.0 0.99375
0.10767 496808.0 0.99375
0.10828 496807.0 0.99375
0.10852 496806.0 0.99375
0.10864 496805.0 0.99374
0.10889 496804.0 0.99374
0.10901 496802.0 0.99374
0.10962 496800.0 0.99373
0.11047 496799.0 0.99373
0.11084 496798.0 0.99373
0.11133 496796.0 0.99373
0.1123 496795.0 0.99372
0.11279 496794.0 0.99372
0.11304 496791.0 0.99372
0.11328 496790.0 0.99371
0.1134 496789.0 0.99371
0.11377 496787.0 0.99371
0.11475 496786.0 0.99371
0.11609 496785.0 0.9937
0.11646 496784.0 0.9937
0.1167 496783.0 0.9937
0.11694 496782.0 0.9937
0.11731 496780.0 0.99369
0.11743 496778.0 0.99369
0.11792 496777.0 0.99369
0.11816 496775.0 0.99368
0.11841 496774.0 0.99368
0.11853 496773.0 0.99368
0.11865 496772.0 0.99368
0.11877 496771.0 0.99368
0.1189 496770.0 0.99367
0.11914 496768.0 0.99367
0.11975 496767.0 0.99367
0.11987 496766.0 0.99367
0.12 496765.0 0.99366
0.12048 496763.0 0.99366
0.12061 496761.0 0.99366
0.12109 496760.0 0.99365
0.12146 496759.0 0.99365
0.12231 496758.0 0.99365
0.12256 496757.0 0.99365
0.1228 496756.0 0.99365
0.12305 496754.0 0.99364
0.12354 496751.0 0.99364
0.1239 496750.0 0.99363
0.12488 496749.0 0.99363
0.125 496748.0 0.99363
0.12561 496747.0 0.99363
0.12573 496745.0 0.99362
0.12598 496743.0 0.99362
0.12622 496742.0 0.99362
0.12634 496741.0 0.99362
0.12659 496740.0 0.99361
0.12695 496739.0 0.99361
0.12744 496737.0 0.99361
0.12756 496734.0 0.9936
0.12769 496732.0 0.9936
0.12866 496731.0 0.9936
0.12915 496729.0 0.99359
0.12939 496727.0 0.99359
0.12964 496725.0 0.99358
0.12988 496724.0 0.99358
0.13037 496723.0 0.99358
0.13049 496722.0 0.99358
0.13062 496721.0 0.99358
0.13086 496720.0 0.99357
0.13135 496719.0 0.99357
0.13257 496717.0 0.99357
0.13281 496716.0 0.99357
0.13403 496715.0 0.99356
0.13428 496713.0 0.99356
0.1355 496709.0 0.99355
0.13647 496708.0 0.99355
0.13672 496707.0 0.99355
0.13696 496706.0 0.99355
0.1377 496704.0 0.99354
0.13794 496703.0 0.99354
0.13892 496702.0 0.99354
0.1394 496699.0 0.99353
0.13953 496698.0 0.99353
0.13965 496697.0 0.99353
0.13989 496696.0 0.99353
0.14062 496694.0 0.99352
0.14233 496691.0 0.99352
0.14282 496690.0 0.99351
0.14355 496688.0 0.99351
0.14392 496687.0 0.99351
0.14453 496686.0 0.99351
0.14478 496684.0 0.9935
0.1449 496683.0 0.9935
0.14551 496680.0 0.99349
0.146 496679.0 0.99349
0.14624 496678.0 0.99349
0.14648 496677.0 0.99349
0.14673 496675.0 0.99348
0.14722 496674.0 0.99348
0.14807 496673.0 0.99348
0.14819 496672.0 0.99348
0.14844 496671.0 0.99348
0.14893 496670.0 0.99347
0.14917 496668.0 0.99347
0.1499 496666.0 0.99347
0.15173 496665.0 0.99346
0.15283 496664.0 0.99346
0.15308 496663.0 0.99346
0.15332 496662.0 0.99346
0.15405 496660.0 0.99345
0.15527 496659.0 0.99345
0.15649 496658.0 0.99345
0.15698 496657.0 0.99345
0.15747 496656.0 0.99345
0.15942 496655.0 0.99344
0.15967 496654.0 0.99344
0.15991 496653.0 0.99344
0.16064 496652.0 0.99344
0.16089 496651.0 0.99344
0.16138 496650.0 0.99343
0.16211 496648.0 0.99343
0.16235 496647.0 0.99343
0.16284 496646.0 0.99343
0.16321 496645.0 0.99342
0.16333 496644.0 0.99342
0.16504 496643.0 0.99342
0.16541 496642.0 0.99342
0.16553 496640.0 0.99341
0.16577 496639.0 0.99341
0.1665 496638.0 0.99341
0.16699 496637.0 0.99341
0.16724 496635.0 0.9934
0.16748 496634.0 0.9934
0.16821 496633.0 0.9934
0.1687 496632.0 0.9934
0.16968 496630.0 0.99339
0.16992 496627.0 0.99339
0.17041 496626.0 0.99339
0.1709 496625.0 0.99338
0.17126 496624.0 0.99338
0.17212 496623.0 0.99338
0.17297 496622.0 0.99338
0.17407 496621.0 0.99338
0.1748 496619.0 0.99337
0.17505 496618.0 0.99337
0.17542 496617.0 0.99337
0.17603 496615.0 0.99336
0.17676 496614.0 0.99336
0.17773 496613.0 0.99336
0.17798 496612.0 0.99336
0.17822 496611.0 0.99336
0.17847 496610.0 0.99335
0.17944 496609.0 0.99335
0.18018 496608.0 0.99335
0.18311 496607.0 0.99335
0.18359 496606.0 0.99335
0.18457 496605.0 0.99334
0.18506 496604.0 0.99334
0.1853 496603.0 0.99334
0.18555 496602.0 0.99334
0.18579 496601.0 0.99334
0.18848 496600.0 0.99333
0.18945 496599.0 0.99333
0.18994 496598.0 0.99333
0.19019 496597.0 0.99333
0.19043 496596.0 0.99333
0.19092 496595.0 0.99332
0.19189 496594.0 0.99332
0.19458 496593.0 0.99332
0.19604 496592.0 0.99332
0.19763 496591.0 0.99332
0.19824 496590.0 0.99331
0.19849 496589.0 0.99331
0.19897 496588.0 0.99331
0.19922 496586.0 0.99331
0.19971 496585.0 0.9933
0.2002 496583.0 0.9933
0.20056 496582.0 0.9933
0.20068 496581.0 0.9933
0.20117 496580.0 0.99329
0.20288 496579.0 0.99329
0.20361 496578.0 0.99329
0.20654 496577.0 0.99329
0.20679 496576.0 0.99329
0.20825 496575.0 0.99328
0.20923 496572.0 0.99328
0.21008 496571.0 0.99328
0.21045 496570.0 0.99327
0.21582 496569.0 0.99327
0.21704 496568.0 0.99327
0.21777 496567.0 0.99327
0.22021 496566.0 0.99327
0.2207 496565.0 0.99326
0.22241 496564.0 0.99326
0.22388 496562.0 0.99326
0.22412 496560.0 0.99325
0.2251 496559.0 0.99325
0.22681 496558.0 0.99325
0.22778 496557.0 0.99325
0.229 496556.0 0.99325
0.23022 496555.0 0.99324
0.23218 496554.0 0.99324
0.2334 496551.0 0.99324
0.23389 496550.0 0.99323
0.2356 496549.0 0.99323
0.23584 496548.0 0.99323
0.23682 496547.0 0.99323
0.23706 496546.0 0.99323
0.23755 496545.0 0.99322
0.23901 496544.0 0.99322
0.23926 496541.0 0.99322
0.23938 496540.0 0.99321
0.2395 496539.0 0.99321
0.24011 496538.0 0.99321
0.24182 496537.0 0.99321
0.24316 496536.0 0.99321
0.24365 496535.0 0.9932
0.24438 496534.0 0.9932
0.24463 496533.0 0.9932
0.24658 496532.0 0.9932
0.24829 496531.0 0.9932
0.24927 496530.0 0.99319
0.25073 496529.0 0.99319
0.2522 496528.0 0.99319
0.25378 496527.0 0.99319
0.25415 496526.0 0.99319
0.25488 496525.0 0.99318
0.25708 496524.0 0.99318
0.26318 496522.0 0.99318
0.26416 496521.0 0.99318
0.26538 496520.0 0.99317
0.2655 496519.0 0.99317
0.26562 496518.0 0.99317
0.26587 496517.0 0.99317
0.26611 496516.0 0.99317
0.26697 496515.0 0.99316
0.27002 496514.0 0.99316
0.27075 496512.0 0.99316
0.27417 496511.0 0.99316
0.2749 496510.0 0.99315
0.27905 496509.0 0.99315
0.28076 496508.0 0.99315
0.28149 496507.0 0.99315
0.28174 496506.0 0.99315
0.28198 496505.0 0.99314
0.28491 496504.0 0.99314
0.28516 496503.0 0.99314
0.2854 496502.0 0.99314
0.28687 496501.0 0.99314
0.28711 496500.0 0.99313
0.28784 496499.0 0.99313
0.28992 496498.0 0.99313
0.29175 496497.0 0.99313
0.29199 496496.0 0.99313
0.29419 496495.0 0.99312
0.29614 496494.0 0.99312
0.29834 496493.0 0.99312
0.30054 496492.0 0.99312
0.30078 496491.0 0.99312
0.3009 496490.0 0.99311
0.30298 496489.0 0.99311
0.30688 496488.0 0.99311
0.30737 496487.0 0.99311
0.30835 496486.0 0.99311
0.3092 496485.0 0.9931
0.30957 496484.0 0.9931
0.30969 496483.0 0.9931
0.31177 496482.0 0.9931
0.31445 496481.0 0.9931
0.31543 496480.0 0.99309
0.32104 496479.0 0.99309
0.32227 496478.0 0.99309
0.32373 496477.0 0.99309
0.32446 496475.0 0.99308
0.32544 496474.0 0.99308
0.32739 496473.0 0.99308
0.32812 496472.0 0.99308
0.33008 496471.0 0.99308
0.33032 496470.0 0.99307
0.33301 496469.0 0.99307
0.33423 496468.0 0.99307
0.33569 496467.0 0.99307
0.33643 496466.0 0.99307
0.33667 496465.0 0.99306
0.33716 496464.0 0.99306
0.34229 496463.0 0.99306
0.34448 496462.0 0.99306
0.34619 496461.0 0.99306
0.34717 496460.0 0.99305
0.34814 496459.0 0.99305
0.34839 496458.0 0.99305
0.35205 496457.0 0.99305
0.35522 496456.0 0.99305
0.35657 496455.0 0.99304
0.35742 496454.0 0.99304
0.35938 496453.0 0.99304
0.36011 496452.0 0.99304
0.36353 496451.0 0.99304
0.36841 496450.0 0.99303
0.37061 496449.0 0.99303
0.37134 496448.0 0.99303
0.37183 496447.0 0.99303
0.37378 496446.0 0.99303
0.37402 496445.0 0.99302
0.375 496444.0 0.99302
0.37598 496443.0 0.99302
0.37744 496442.0 0.99302
0.37769 496441.0 0.99302
0.38062 496440.0 0.99301
0.3811 496439.0 0.99301
0.3833 496438.0 0.99301
0.38354 496437.0 0.99301
0.38403 496436.0 0.99301
0.38428 496435.0 0.993
0.38647 496434.0 0.993
0.39526 496433.0 0.993
0.39771 496432.0 0.993
0.40015 496431.0 0.993
0.40039 496430.0 0.99299
0.40234 496429.0 0.99299
0.40308 496428.0 0.99299
0.40479 496427.0 0.99299
0.40723 496426.0 0.99299
0.40967 496425.0 0.99298
0.41016 496422.0 0.99298
0.41528 496421.0 0.99298
0.41846 496420.0 0.99297
0.4187 496418.0 0.99297
0.42188 496417.0 0.99297
0.42395 496416.0 0.99297
0.42456 496415.0 0.99296
0.42822 496414.0 0.99296
0.42847 496413.0 0.99296
0.43066 496412.0 0.99296
0.43164 496411.0 0.99296
0.43579 496410.0 0.99295
0.43774 496409.0 0.99295
0.44019 496408.0 0.99295
0.44165 496407.0 0.99295
0.44275 496406.0 0.99295
0.44434 496405.0 0.99294
0.44507 496404.0 0.99294
0.44604 496403.0 0.99294
0.44678 496402.0 0.99294
0.44971 496401.0 0.99294
0.45142 496400.0 0.99293
0.45508 496399.0 0.99293
0.46143 496398.0 0.99293
0.46533 496397.0 0.99293
0.46704 496396.0 0.99293
0.46851 496395.0 0.99292
0.46997 496394.0 0.99292
0.47107 496393.0 0.99292
0.47217 496391.0 0.99292
0.47266 496390.0 0.99291
0.47876 496389.0 0.99291
0.47925 496387.0 0.99291
0.47998 496386.0 0.99291
0.48022 496385.0 0.9929
0.48193 496384.0 0.9929
0.48242 496383.0 0.9929
0.48462 496382.0 0.9929
0.48486 496381.0 0.9929
0.4895 496380.0 0.99289
0.49097 496378.0 0.99289
0.49121 496375.0 0.99288
0.49536 496374.0 0.99288
0.49878 496373.0 0.99288
0.49902 496372.0 0.99288
