0.041939 250051.0 1.0
0.04673 250050.0 0.99999
0.052925 250049.0 0.99999
0.054245 250048.0 0.99998
0.061028 250047.0 0.99998
0.066322 250046.0 0.99998
0.06723 250045.0 0.99997
0.073555 250044.0 0.99997
0.074684 250043.0 0.99996
0.087639 250042.0 0.99996
0.091537 250041.0 0.99996
0.094452 250040.0 0.99995
0.1039 250039.0 0.99995
0.11076 250038.0 0.99994
0.11972 250037.0 0.99994
0.12768 250036.0 0.99994
0.12965 250035.0 0.99993
0.14481 250034.0 0.99993
0.14754 250033.0 0.99992
0.16209 250032.0 0.99992
0.17367 250031.0 0.99992
0.18625 250030.0 0.99991
0.18904 250029.0 0.99991
0.20276 250028.0 0.9999
0.21857 250027.0 0.9999
0.22545 250026.0 0.9999
0.23465 250025.0 0.99989
0.25075 250024.0 0.99989
0.26405 250023.0 0.99988
0.27174 250022.0 0.99988
0.29333 250021.0 0.99988
0.31242 250020.0 0.99987
0.31582 250019.0 0.99987
0.33724 250018.0 0.99986
0.34249 250017.0 0.99986
0.35285 250016.0 0.99986
0.38262 250015.0 0.99985
0.38739 250014.0 0.99985
0.41775 250013.0 0.99984
0.42624 250012.0 0.99984
0.44867 250011.0 0.99984
0.4646 250010.0 0.99983
0.48711 250009.0 0.99983
0.49572 250008.0 0.99982
