0.033035 750029.0 1.0
0.033081 750028.0 1.0
0.033096 750027.0 1.0
0.033112 750026.0 0.99999
0.033142 750022.0 0.99999
0.033157 750019.0 0.99999
0.033173 750017.0 0.99998
0.033188 750013.0 0.99998
0.033203 750009.0 0.99997
0.033218 750005.0 0.99997
0.033234 749998.0 0.99996
0.033249 749991.0 0.99995
0.033264 749983.0 0.99994
0.033279 749974.0 0.99993
0.033295 749958.0 0.9999
0.03331 749947.0 0.99989
0.033325 749939.0 0.99988
0.03334 749931.0 0.99987
0.033356 749920.0 0.99985
0.033371 749911.0 0.99984
0.033386 749902.0 0.99983
0.033401 749898.0 0.99982
0.033417 749887.0 0.99981
0.033432 749881.0 0.9998
0.033447 749870.0 0.99979
0.033463 749865.0 0.99978
0.033478 749857.0 0.99977
0.033493 749851.0 0.99976
0.033508 749840.0 0.99975
0.033524 749834.0 0.99974
0.033539 749823.0 0.99972
0.033554 749816.0 0.99971
0.033569 749811.0 0.99971
0.033585 749802.0 0.9997
0.0336 749794.0 0.99969
0.033615 749785.0 0.99967
0.03363 749771.0 0.99965
0.033646 749762.0 0.99964
0.033661 749759.0 0.99964
0.033676 749749.0 0.99963
0.033691 749738.0 0.99961
0.033707 749731.0 0.9996
0.033722 749727.0 0.9996
0.033737 749719.0 0.99959
0.033752 749715.0 0.99958
0.033768 749706.0 0.99957
0.033783 749702.0 0.99956
0.033791 749701.0 0.99956
0.033798 749692.0 0.99955
0.033813 749682.0 0.99954
0.033821 749681.0 0.99953
0.033829 749677.0 0.99953
0.033836 749676.0 0.99953
0.033844 749671.0 0.99952
0.033859 749664.0 0.99951
0.033875 749656.0 0.9995
0.03389 749654.0 0.9995
0.033905 749647.0 0.99949
0.033913 749645.0 0.99949
0.03392 749640.0 0.99948
0.033936 749632.0 0.99947
0.033943 749631.0 0.99947
0.033951 749626.0 0.99946
0.033966 749623.0 0.99946
0.033981 749617.0 0.99945
0.033997 749612.0 0.99944
0.034012 749609.0 0.99944
0.034027 749602.0 0.99943
0.034042 749597.0 0.99942
0.034058 749595.0 0.99942
0.034065 749594.0 0.99942
0.034073 749592.0 0.99942
0.034088 749588.0 0.99941
0.034103 749581.0 0.9994
0.034111 749577.0 0.9994
0.034119 749574.0 0.99939
0.034126 749572.0 0.99939
0.034134 749563.0 0.99938
0.034142 749561.0 0.99937
0.034149 749558.0 0.99937
0.034164 749554.0 0.99937
0.034172 749553.0 0.99936
0.03418 749546.0 0.99935
0.034187 749544.0 0.99935
0.034195 749541.0 0.99935
0.034203 749538.0 0.99934
0.03421 749531.0 0.99933
0.034218 749530.0 0.99933
0.034225 749526.0 0.99933
0.034233 749524.0 0.99933
0.034241 749519.0 0.99932
0.034248 749518.0 0.99932
0.034256 749515.0 0.99931
0.034264 749514.0 0.99931
0.034271 749507.0 0.9993
0.034279 749505.0 0.9993
0.034286 749500.0 0.99929
0.034294 749498.0 0.99929
0.034302 749492.0 0.99928
0.034317 749484.0 0.99927
0.034325 749483.0 0.99927
0.034332 749480.0 0.99927
0.034348 749474.0 0.99926
0.034355 749473.0 0.99926
0.034363 749471.0 0.99925
0.034378 749463.0 0.99924
0.034393 749460.0 0.99924
0.034401 749459.0 0.99924
0.034409 749455.0 0.99923
0.034424 749449.0 0.99923
0.034431 749448.0 0.99922
0.034439 749442.0 0.99922
0.034447 749441.0 0.99921
0.034454 749440.0 0.99921
0.03447 749435.0 0.99921
0.034477 749434.0 0.99921
0.034485 749427.0 0.9992
0.0345 749423.0 0.99919
0.034515 749415.0 0.99918
0.034531 749412.0 0.99918
0.034538 749410.0 0.99917
0.034546 749405.0 0.99917
0.034561 749400.0 0.99916
0.034569 749399.0 0.99916
0.034576 749394.0 0.99915
0.034584 749392.0 0.99915
0.034592 749386.0 0.99914
0.034599 749384.0 0.99914
0.034607 749378.0 0.99913
0.034622 749374.0 0.99913
0.034637 749369.0 0.99912
0.034653 749367.0 0.99912
0.034668 749361.0 0.99911
0.034676 749360.0 0.99911
0.034683 749357.0 0.9991
0.034691 749355.0 0.9991
0.034698 749347.0 0.99909
0.034714 749345.0 0.99909
0.034721 749344.0 0.99909
0.034729 749333.0 0.99907
0.034744 749329.0 0.99907
0.03476 749323.0 0.99906
0.034767 749322.0 0.99906
0.034775 749318.0 0.99905
0.034782 749317.0 0.99905
0.03479 749312.0 0.99904
0.034805 749307.0 0.99904
0.034821 749300.0 0.99903
0.034828 749298.0 0.99902
0.034836 749295.0 0.99902
0.034843 749293.0 0.99902
0.034851 749283.0 0.999
0.034859 749282.0 0.999
0.034866 749273.0 0.99899
0.034874 749272.0 0.99899
0.034882 749264.0 0.99898
0.034889 749263.0 0.99898
0.034897 749256.0 0.99897
0.034904 749255.0 0.99897
0.034912 749246.0 0.99895
0.03492 749245.0 0.99895
0.034927 749238.0 0.99894
0.034935 749235.0 0.99894
0.034943 749221.0 0.99892
0.034958 749214.0 0.99891
0.034973 749208.0 0.9989
0.034988 749200.0 0.99889
0.034996 749199.0 0.99889
0.035004 749183.0 0.99887
0.035011 749182.0 0.99887
0.035019 749176.0 0.99886
0.035034 749167.0 0.99885
0.035049 749164.0 0.99885
0.035065 749155.0 0.99883
0.035072 749154.0 0.99883
0.03508 749147.0 0.99882
0.035088 749145.0 0.99882
0.035095 749139.0 0.99881
0.035103 749134.0 0.99881
0.03511 749132.0 0.9988
0.035126 749123.0 0.99879
0.035133 749121.0 0.99879
0.035141 749117.0 0.99878
0.035149 749116.0 0.99878
0.035156 749106.0 0.99877
0.035164 749104.0 0.99877
0.035172 749098.0 0.99876
0.035187 749095.0 0.99875
0.035194 749093.0 0.99875
0.035202 749087.0 0.99874
0.035217 749081.0 0.99873
0.035233 749073.0 0.99872
0.035248 749065.0 0.99871
0.035255 749064.0 0.99871
0.035263 749060.0 0.99871
0.035271 749059.0 0.99871
0.035278 749055.0 0.9987
0.035286 749054.0 0.9987
0.035294 749047.0 0.99869
0.035309 749044.0 0.99869
0.035316 749043.0 0.99868
0.035324 749040.0 0.99868
0.035332 749039.0 0.99868
0.035339 749036.0 0.99867
0.035355 749028.0 0.99866
0.035362 749027.0 0.99866
0.03537 749022.0 0.99866
0.035378 749021.0 0.99865
0.035385 749019.0 0.99865
0.035393 749017.0 0.99865
0.0354 749010.0 0.99864
0.035408 749008.0 0.99864
0.035416 749001.0 0.99863
0.035431 748995.0 0.99862
0.035439 748994.0 0.99862
0.035446 748986.0 0.99861
0.035454 748984.0 0.99861
0.035461 748982.0 0.9986
0.035469 748980.0 0.9986
0.035477 748968.0 0.99858
0.035484 748965.0 0.99858
0.035492 748958.0 0.99857
0.0355 748955.0 0.99857
0.035507 748952.0 0.99856
0.035522 748946.0 0.99855
0.035538 748942.0 0.99855
0.035545 748939.0 0.99855
0.035553 748935.0 0.99854
0.035561 748933.0 0.99854
0.035568 748924.0 0.99853
0.035583 748917.0 0.99852
0.035591 748915.0 0.99851
0.035599 748911.0 0.99851
0.035606 748909.0 0.99851
0.035614 748906.0 0.9985
0.035622 748905.0 0.9985
0.035629 748903.0 0.9985
0.035637 748899.0 0.99849
0.035645 748897.0 0.99849
0.035652 748894.0 0.99849
0.03566 748890.0 0.99848
0.035667 748889.0 0.99848
0.035675 748885.0 0.99847
0.035683 748883.0 0.99847
0.035698 748881.0 0.99847
0.035706 748877.0 0.99846
0.035713 748874.0 0.99846
0.035721 748871.0 0.99845
0.035728 748870.0 0.99845
0.035736 748867.0 0.99845
0.035744 748866.0 0.99845
0.035751 748861.0 0.99844
0.035759 748859.0 0.99844
0.035767 748854.0 0.99843
0.035782 748847.0 0.99842
0.035789 748843.0 0.99842
0.035797 748835.0 0.99841
0.035805 748834.0 0.99841
0.035812 748831.0 0.9984
0.03582 748828.0 0.9984
0.035828 748827.0 0.9984
0.035835 748825.0 0.99839
0.035843 748814.0 0.99838
0.035851 748813.0 0.99838
0.035858 748809.0 0.99837
0.035866 748808.0 0.99837
0.035873 748805.0 0.99837
0.035889 748799.0 0.99836
0.035904 748794.0 0.99835
0.035912 748793.0 0.99835
0.035919 748790.0 0.99835
0.035927 748789.0 0.99835
0.035934 748785.0 0.99834
0.03595 748781.0 0.99833
0.035965 748780.0 0.99833
0.035973 748778.0 0.99833
0.03598 748775.0 0.99833
0.035988 748772.0 0.99832
0.035995 748765.0 0.99831
0.036003 748764.0 0.99831
0.036011 748762.0 0.99831
0.036018 748760.0 0.99831
0.036026 748755.0 0.9983
0.036034 748754.0 0.9983
0.036041 748750.0 0.99829
0.036049 748747.0 0.99829
0.036057 748745.0 0.99829
0.036064 748744.0 0.99829
0.036072 748741.0 0.99828
0.036079 748740.0 0.99828
0.036087 748736.0 0.99827
0.036095 748734.0 0.99827
0.036102 748732.0 0.99827
0.036118 748730.0 0.99827
0.036133 748726.0 0.99826
0.03614 748725.0 0.99826
0.036148 748723.0 0.99826
0.036156 748721.0 0.99825
0.036163 748716.0 0.99825
0.036171 748714.0 0.99825
0.036179 748709.0 0.99824
0.036182 748708.0 0.99824
0.036194 748707.0 0.99824
0.036201 748706.0 0.99823
0.036209 748704.0 0.99823
0.036217 748702.0 0.99823
0.036224 748696.0 0.99822
0.03624 748694.0 0.99822
0.036247 748690.0 0.99821
0.036255 748687.0 0.99821
0.036263 748686.0 0.99821
0.03627 748683.0 0.9982
0.036278 748682.0 0.9982
0.036285 748679.0 0.9982
0.036293 748675.0 0.99819
0.036301 748673.0 0.99819
0.036308 748671.0 0.99819
0.036316 748664.0 0.99818
0.036324 748663.0 0.99818
0.036331 748658.0 0.99817
0.036339 748656.0 0.99817
0.036346 748654.0 0.99817
0.036354 748650.0 0.99816
0.036362 748647.0 0.99816
0.036369 748644.0 0.99815
0.036377 748642.0 0.99815
0.036385 748639.0 0.99815
0.036392 748634.0 0.99814
0.0364 748631.0 0.99813
0.036407 748627.0 0.99813
0.036423 748624.0 0.99813
0.03643 748620.0 0.99812
0.036438 748617.0 0.99812
0.036446 748616.0 0.99811
0.036453 748612.0 0.99811
0.036461 748611.0 0.99811
0.036469 748610.0 0.99811
0.036476 748608.0 0.9981
0.036484 748605.0 0.9981
0.036491 748603.0 0.9981
0.036499 748601.0 0.99809
0.036507 748597.0 0.99809
0.036514 748595.0 0.99809
0.036522 748592.0 0.99808
0.03653 748588.0 0.99808
0.036537 748584.0 0.99807
0.036545 748583.0 0.99807
0.036552 748580.0 0.99807
0.03656 748577.0 0.99806
0.036568 748576.0 0.99806
0.036575 748573.0 0.99806
0.036583 748569.0 0.99805
0.036591 748568.0 0.99805
0.036598 748565.0 0.99805
0.036606 748560.0 0.99804
0.036613 748558.0 0.99804
0.036621 748555.0 0.99803
0.036629 748553.0 0.99803
0.036636 748548.0 0.99802
0.036644 748545.0 0.99802
0.036652 748541.0 0.99801
0.036659 748540.0 0.99801
0.036667 748538.0 0.99801
0.036674 748536.0 0.99801
0.036682 748533.0 0.998
0.036697 748531.0 0.998
0.036705 748530.0 0.998
0.036713 748527.0 0.998
0.03672 748524.0 0.99799
0.036728 748518.0 0.99798
0.036736 748516.0 0.99798
0.036743 748513.0 0.99798
0.036751 748510.0 0.99797
0.036758 748508.0 0.99797
0.036766 748507.0 0.99797
0.036774 748502.0 0.99796
0.036781 748499.0 0.99796
0.036789 748496.0 0.99795
0.036797 748495.0 0.99795
0.036804 748491.0 0.99795
0.036812 748487.0 0.99794
0.036819 748486.0 0.99794
0.036827 748484.0 0.99794
0.036835 748482.0 0.99794
0.036842 748481.0 0.99793
0.03685 748476.0 0.99793
0.036858 748475.0 0.99793
0.036865 748464.0 0.99791
0.036873 748461.0 0.99791
0.03688 748458.0 0.9979
0.036888 748456.0 0.9979
0.036896 748450.0 0.99789
0.036903 748446.0 0.99789
0.036911 748441.0 0.99788
0.036915 748440.0 0.99788
0.036919 748437.0 0.99788
0.036926 748429.0 0.99787
0.036934 748427.0 0.99786
0.036942 748420.0 0.99785
0.036949 748417.0 0.99785
0.036957 748412.0 0.99784
0.036964 748411.0 0.99784
0.036972 748405.0 0.99783
0.03698 748403.0 0.99783
0.036987 748400.0 0.99783
0.036995 748399.0 0.99783
0.037003 748397.0 0.99782
0.037018 748392.0 0.99782
0.037025 748391.0 0.99781
0.037033 748385.0 0.99781
0.037041 748383.0 0.9978
0.037048 748374.0 0.99779
0.037056 748372.0 0.99779
0.037064 748365.0 0.99778
0.037071 748363.0 0.99778
0.037079 748360.0 0.99777
0.037086 748358.0 0.99777
0.037094 748352.0 0.99776
0.037102 748351.0 0.99776
0.037109 748348.0 0.99776
0.037117 748347.0 0.99776
0.037125 748344.0 0.99775
0.03714 748338.0 0.99774
0.037148 748334.0 0.99774
0.037155 748330.0 0.99773
0.037163 748328.0 0.99773
0.03717 748321.0 0.99772
0.037178 748319.0 0.99772
0.037186 748316.0 0.99771
0.037193 748314.0 0.99771
0.037201 748308.0 0.9977
0.037209 748304.0 0.9977
0.037216 748303.0 0.9977
0.037224 748301.0 0.99769
0.037231 748294.0 0.99769
0.037239 748290.0 0.99768
0.037247 748284.0 0.99767
0.037254 748283.0 0.99767
0.037262 748279.0 0.99767
0.03727 748278.0 0.99766
0.037277 748272.0 0.99766
0.037285 748269.0 0.99765
0.037292 748266.0 0.99765
0.0373 748265.0 0.99765
0.037308 748261.0 0.99764
0.037315 748260.0 0.99764
0.037323 748257.0 0.99764
0.037331 748255.0 0.99763
0.037338 748250.0 0.99763
0.037354 748248.0 0.99762
0.037369 748241.0 0.99761
0.037384 748235.0 0.99761
0.037392 748233.0 0.9976
0.037399 748229.0 0.9976
0.037407 748224.0 0.99759
0.037415 748219.0 0.99759
0.037422 748214.0 0.99758
0.03743 748210.0 0.99757
0.037445 748204.0 0.99757
0.037453 748202.0 0.99756
0.03746 748199.0 0.99756
0.037468 748197.0 0.99756
0.037476 748193.0 0.99755
0.037491 748187.0 0.99754
0.037498 748185.0 0.99754
0.037506 748179.0 0.99753
0.037514 748175.0 0.99753
0.037521 748171.0 0.99752
0.037529 748168.0 0.99752
0.037537 748160.0 0.99751
0.037544 748157.0 0.9975
0.037552 748149.0 0.99749
0.03756 748146.0 0.99749
0.037567 748143.0 0.99748
0.037575 748142.0 0.99748
0.037582 748137.0 0.99748
0.037598 748131.0 0.99747
0.037605 748128.0 0.99746
0.037613 748118.0 0.99745
0.037621 748116.0 0.99745
0.037628 748110.0 0.99744
0.037643 748104.0 0.99743
0.037659 748100.0 0.99743
0.037674 748091.0 0.99741
0.037689 748083.0 0.9974
0.037697 748081.0 0.9974
0.037704 748073.0 0.99739
0.037712 748067.0 0.99738
0.03772 748061.0 0.99737
0.037727 748058.0 0.99737
0.037735 748055.0 0.99737
0.037743 748053.0 0.99736
0.03775 748050.0 0.99736
0.037758 748048.0 0.99736
0.037773 748042.0 0.99735
0.037781 748032.0 0.99734
0.037788 748031.0 0.99733
0.037796 748025.0 0.99733
0.037804 748023.0 0.99732
0.037811 748022.0 0.99732
0.037827 748017.0 0.99732
0.037834 748013.0 0.99731
0.037842 748003.0 0.9973
0.037849 748001.0 0.99729
0.037857 747995.0 0.99729
0.037865 747991.0 0.99728
0.037872 747990.0 0.99728
0.03788 747987.0 0.99728
0.037888 747984.0 0.99727
0.037895 747979.0 0.99727
0.037903 747974.0 0.99726
0.03791 747973.0 0.99726
0.037918 747971.0 0.99725
0.037926 747969.0 0.99725
0.037933 747963.0 0.99724
0.037941 747960.0 0.99724
0.037949 747958.0 0.99724
0.037956 747955.0 0.99723
0.037964 747951.0 0.99723
0.037971 747949.0 0.99723
0.037979 747943.0 0.99722
0.037987 747941.0 0.99721
0.037994 747938.0 0.99721
0.038002 747936.0 0.99721
0.03801 747930.0 0.9972
0.038025 747924.0 0.99719
0.03804 747920.0 0.99719
0.038048 747919.0 0.99719
0.038055 747916.0 0.99718
0.038071 747913.0 0.99718
0.038078 747912.0 0.99718
0.038086 747906.0 0.99717
0.038094 747905.0 0.99717
0.038101 747900.0 0.99716
0.038116 747894.0 0.99715
0.038124 747892.0 0.99715
0.038132 747887.0 0.99714
0.038147 747881.0 0.99713
0.038162 747874.0 0.99713
0.03817 747873.0 0.99712
0.038177 747866.0 0.99711
0.038185 747865.0 0.99711
0.038193 747860.0 0.99711
0.0382 747859.0 0.99711
0.038208 747858.0 0.9971
0.038216 747857.0 0.9971
0.038223 747852.0 0.9971
0.038231 747850.0 0.99709
0.038239 747847.0 0.99709
0.038246 747845.0 0.99709
0.038254 747835.0 0.99707
0.038261 747833.0 0.99707
0.038269 747831.0 0.99707
0.038277 747830.0 0.99707
0.038284 747823.0 0.99706
0.038292 747822.0 0.99706
0.0383 747820.0 0.99705
0.038307 747819.0 0.99705
0.038315 747817.0 0.99705
0.038322 747816.0 0.99705
0.03833 747807.0 0.99704
0.038345 747800.0 0.99703
0.038353 747798.0 0.99702
0.038361 747794.0 0.99702
0.038376 747788.0 0.99701
0.038391 747783.0 0.997
0.038399 747779.0 0.997
0.038406 747769.0 0.99699
0.038414 747767.0 0.99698
0.038422 747761.0 0.99697
0.038437 747759.0 0.99697
0.038445 747758.0 0.99697
0.038452 747755.0 0.99697
0.03846 747754.0 0.99697
0.038467 747752.0 0.99696
0.038475 747750.0 0.99696
0.038483 747742.0 0.99695
0.038498 747739.0 0.99695
0.038506 747738.0 0.99694
0.038513 747734.0 0.99694
0.038521 747731.0 0.99693
0.038528 747726.0 0.99693
0.038536 747724.0 0.99693
0.038544 747723.0 0.99692
0.038551 747722.0 0.99692
0.038559 747719.0 0.99692
0.038567 747718.0 0.99692
0.038574 747710.0 0.99691
0.038582 747708.0 0.9969
0.038589 747703.0 0.9969
0.038605 747697.0 0.99689
0.038612 747694.0 0.99689
0.03862 747688.0 0.99688
0.038628 747686.0 0.99687
0.038635 747685.0 0.99687
0.038643 747684.0 0.99687
0.038651 747681.0 0.99687
0.038658 747680.0 0.99687
0.038666 747679.0 0.99687
0.038673 747676.0 0.99686
0.038681 747674.0 0.99686
0.038689 747671.0 0.99685
0.038696 747665.0 0.99685
0.038704 747663.0 0.99684
0.038712 747660.0 0.99684
0.038719 747659.0 0.99684
0.038727 747654.0 0.99683
0.038734 747652.0 0.99683
0.038742 747647.0 0.99682
0.038757 747642.0 0.99682
0.038765 747639.0 0.99681
0.038773 747637.0 0.99681
0.03878 747636.0 0.99681
0.038788 747634.0 0.99681
0.038795 747633.0 0.9968
0.038803 747632.0 0.9968
0.038811 747629.0 0.9968
0.038818 747625.0 0.99679
0.038826 747624.0 0.99679
0.038834 747620.0 0.99679
0.038849 747617.0 0.99678
0.038857 747616.0 0.99678
0.038864 747611.0 0.99677
0.038879 747609.0 0.99677
0.038887 747607.0 0.99677
0.038895 747606.0 0.99677
0.03891 747605.0 0.99677
0.038925 747600.0 0.99676
0.038933 747598.0 0.99676
0.03894 747594.0 0.99675
0.038956 747591.0 0.99675
0.038963 747589.0 0.99675
0.038971 747586.0 0.99674
0.038986 747582.0 0.99674
0.038994 747581.0 0.99673
0.039001 747579.0 0.99673
0.039017 747576.0 0.99673
0.039024 747574.0 0.99673
0.039032 747571.0 0.99672
0.039047 747566.0 0.99671
0.039062 747562.0 0.99671
0.03907 747561.0 0.99671
0.039078 747557.0 0.9967
0.039093 747550.0 0.99669
0.039108 747547.0 0.99669
0.039116 747545.0 0.99669
0.039124 747541.0 0.99668
0.039131 747540.0 0.99668
0.039139 747539.0 0.99668
0.039146 747538.0 0.99668
0.039154 747535.0 0.99667
0.039162 747534.0 0.99667
0.039169 747531.0 0.99667
0.039185 747530.0 0.99667
0.0392 747529.0 0.99667
0.039207 747528.0 0.99666
0.039215 747525.0 0.99666
0.039223 747524.0 0.99666
0.03923 747520.0 0.99665
0.039238 747517.0 0.99665
0.039253 747516.0 0.99665
0.039261 747513.0 0.99664
0.039276 747508.0 0.99664
0.039284 747506.0 0.99663
0.039291 747503.0 0.99663
0.039299 747502.0 0.99663
0.039307 747501.0 0.99663
0.039314 747500.0 0.99663
0.039322 747497.0 0.99662
0.03933 747495.0 0.99662
0.039337 747493.0 0.99662
0.039345 747491.0 0.99661
0.039352 747489.0 0.99661
0.03936 747488.0 0.99661
0.039368 747483.0 0.9966
0.039383 747482.0 0.9966
0.039391 747479.0 0.9966
0.039398 747478.0 0.9966
0.039413 747475.0 0.99659
0.039421 747473.0 0.99659
0.039429 747471.0 0.99659
0.039436 747470.0 0.99659
0.039444 747467.0 0.99658
0.039452 747466.0 0.99658
0.039459 747464.0 0.99658
0.039474 747463.0 0.99658
0.039482 747462.0 0.99658
0.03949 747461.0 0.99657
0.039497 747460.0 0.99657
0.039505 747457.0 0.99657
0.03952 747454.0 0.99657
0.039528 747453.0 0.99656
0.039536 747450.0 0.99656
0.039543 747448.0 0.99656
0.039551 747445.0 0.99655
0.039558 747443.0 0.99655
0.039574 747442.0 0.99655
0.039581 747439.0 0.99655
0.039589 747438.0 0.99654
0.039597 747435.0 0.99654
0.039604 747434.0 0.99654
0.039612 747432.0 0.99654
0.039619 747431.0 0.99653
0.039627 747424.0 0.99653
0.039635 747422.0 0.99652
0.039642 747420.0 0.99652
0.03965 747419.0 0.99652
0.039658 747417.0 0.99652
0.039665 747416.0 0.99651
0.039673 747413.0 0.99651
0.03968 747409.0 0.99651
0.039696 747407.0 0.9965
0.039703 747405.0 0.9965
0.039711 747404.0 0.9965
0.039719 747400.0 0.99649
0.039726 747399.0 0.99649
0.039734 747397.0 0.99649
0.039742 747395.0 0.99649
0.039749 747391.0 0.99648
0.039764 747389.0 0.99648
0.039772 747387.0 0.99648
0.03978 747384.0 0.99647
0.039787 747383.0 0.99647
0.039795 747379.0 0.99647
0.039803 747376.0 0.99646
0.03981 747374.0 0.99646
0.039818 747372.0 0.99646
0.039825 747367.0 0.99645
0.039833 747366.0 0.99645
0.039841 747358.0 0.99644
0.039848 747357.0 0.99644
0.039871 747354.0 0.99643
0.039879 747352.0 0.99643
0.039886 747350.0 0.99643
0.039902 747349.0 0.99643
0.039909 747347.0 0.99642
0.039917 747346.0 0.99642
0.039932 747343.0 0.99642
0.039948 747342.0 0.99642
0.039955 747341.0 0.99641
0.039963 747339.0 0.99641
0.03997 747338.0 0.99641
0.039978 747336.0 0.99641
0.039993 747335.0 0.99641
0.040001 747333.0 0.9964
0.040009 747329.0 0.9964
0.040016 747327.0 0.9964
0.040024 747326.0 0.99639
0.040039 747323.0 0.99639
0.040054 747321.0 0.99639
0.04007 747318.0 0.99638
0.040077 747317.0 0.99638
0.040085 747314.0 0.99638
0.0401 747312.0 0.99638
0.040115 747310.0 0.99637
0.040123 747309.0 0.99637
0.040131 747305.0 0.99637
0.040146 747301.0 0.99636
0.040154 747300.0 0.99636
0.040161 747298.0 0.99636
0.040169 747297.0 0.99636
0.040176 747295.0 0.99635
0.040192 747293.0 0.99635
0.040199 747291.0 0.99635
0.040207 747289.0 0.99635
0.040215 747287.0 0.99634
0.040222 747286.0 0.99634
0.04023 747285.0 0.99634
0.040245 747283.0 0.99634
0.040253 747280.0 0.99633
0.040276 747279.0 0.99633
0.040283 747277.0 0.99633
0.040306 747276.0 0.99633
0.040314 747275.0 0.99633
0.040321 747273.0 0.99632
0.040337 747271.0 0.99632
0.040344 747267.0 0.99632
0.040359 747265.0 0.99631
0.040375 747261.0 0.99631
0.040382 747260.0 0.99631
0.040398 747259.0 0.99631
0.040405 747255.0 0.9963
0.040413 747254.0 0.9963
0.040421 747253.0 0.9963
0.040428 747252.0 0.9963
0.040436 747251.0 0.99629
0.040443 747249.0 0.99629
0.040451 747248.0 0.99629
0.040459 747246.0 0.99629
0.040466 747244.0 0.99629
0.040482 747243.0 0.99628
0.040489 747241.0 0.99628
0.040497 747240.0 0.99628
0.040512 747239.0 0.99628
0.04052 747238.0 0.99628
0.040527 747236.0 0.99627
0.040535 747235.0 0.99627
0.040558 747234.0 0.99627
0.040565 747232.0 0.99627
0.040573 747231.0 0.99627
0.040581 747230.0 0.99627
0.040588 747229.0 0.99627
0.040596 747227.0 0.99626
0.040604 747224.0 0.99626
0.040611 747223.0 0.99626
0.040619 747222.0 0.99626
0.040627 747220.0 0.99625
0.040634 747215.0 0.99625
0.040649 747214.0 0.99625
0.040672 747213.0 0.99624
0.04068 747212.0 0.99624
0.040695 747210.0 0.99624
0.040756 747205.0 0.99623
0.040764 747203.0 0.99623
0.040779 747202.0 0.99623
0.040794 747201.0 0.99623
0.04081 747200.0 0.99623
0.040825 747198.0 0.99622
0.040833 747197.0 0.99622
0.040848 747195.0 0.99622
0.040855 747193.0 0.99622
0.040863 747191.0 0.99621
0.040871 747190.0 0.99621
0.040878 747189.0 0.99621
0.040909 747187.0 0.99621
0.040924 747186.0 0.99621
0.040955 747183.0 0.9962
0.04097 747182.0 0.9962
0.040977 747180.0 0.9962
0.040985 747177.0 0.9962
0.041008 747176.0 0.99619
0.041016 747175.0 0.99619
0.041023 747174.0 0.99619
0.041031 747173.0 0.99619
0.041061 747172.0 0.99619
0.041077 747170.0 0.99619
0.041084 747169.0 0.99619
0.041092 747168.0 0.99618
0.041107 747167.0 0.99618
0.041115 747166.0 0.99618
0.041122 747164.0 0.99618
0.041138 747163.0 0.99618
0.041153 747162.0 0.99618
0.041168 747161.0 0.99617
0.041199 747160.0 0.99617
0.041214 747159.0 0.99617
0.041222 747158.0 0.99617
0.041229 747157.0 0.99617
0.041245 747156.0 0.99617
0.04126 747154.0 0.99617
0.041267 747153.0 0.99616
0.041275 747152.0 0.99616
0.041283 747151.0 0.99616
0.04129 747150.0 0.99616
0.041306 747147.0 0.99616
0.041328 747145.0 0.99615
0.041359 747144.0 0.99615
0.041382 747142.0 0.99615
0.041405 747141.0 0.99615
0.041412 747140.0 0.99615
0.041443 747138.0 0.99614
0.041451 747137.0 0.99614
0.041458 747135.0 0.99614
0.041481 747134.0 0.99614
0.041489 747133.0 0.99614
0.041504 747132.0 0.99614
0.041512 747130.0 0.99613
0.041534 747129.0 0.99613
0.041565 747127.0 0.99613
0.041573 747125.0 0.99613
0.04158 747124.0 0.99613
0.041588 747123.0 0.99612
0.041618 747122.0 0.99612
0.041626 747121.0 0.99612
0.041641 747120.0 0.99612
0.041649 747117.0 0.99612
0.041656 747116.0 0.99611
0.041672 747115.0 0.99611
0.041679 747114.0 0.99611
0.041687 747112.0 0.99611
0.041702 747111.0 0.99611
0.04171 747110.0 0.99611
0.041718 747109.0 0.99611
0.041748 747108.0 0.9961
0.041763 747107.0 0.9961
0.041786 747105.0 0.9961
0.041794 747104.0 0.9961
0.041801 747103.0 0.9961
0.041809 747101.0 0.99609
0.041817 747100.0 0.99609
0.04184 747099.0 0.99609
0.041847 747098.0 0.99609
0.041901 747096.0 0.99609
0.041908 747095.0 0.99609
0.041939 747094.0 0.99609
0.041954 747093.0 0.99608
0.041962 747092.0 0.99608
0.041992 747091.0 0.99608
0.042 747089.0 0.99608
0.042007 747088.0 0.99608
0.042015 747087.0 0.99608
0.042023 747086.0 0.99607
0.04203 747085.0 0.99607
0.042038 747084.0 0.99607
0.042046 747083.0 0.99607
0.042053 747081.0 0.99607
0.042068 747080.0 0.99607
0.042076 747079.0 0.99607
0.042084 747078.0 0.99606
0.042091 747077.0 0.99606
0.042107 747076.0 0.99606
0.042137 747075.0 0.99606
0.042145 747074.0 0.99606
0.04216 747072.0 0.99606
0.042168 747070.0 0.99605
0.042191 747068.0 0.99605
0.042221 747066.0 0.99605
0.042259 747064.0 0.99605
0.042282 747063.0 0.99604
0.04229 747062.0 0.99604
0.042297 747061.0 0.99604
0.042305 747060.0 0.99604
0.042313 747059.0 0.99604
0.042328 747057.0 0.99604
0.042343 747055.0 0.99603
0.042358 747053.0 0.99603
0.042366 747051.0 0.99603
0.042374 747050.0 0.99603
0.042381 747049.0 0.99603
0.042389 747048.0 0.99602
0.042412 747047.0 0.99602
0.042458 747046.0 0.99602
0.042465 747045.0 0.99602
0.042511 747043.0 0.99602
0.042526 747042.0 0.99602
0.042534 747040.0 0.99601
0.042572 747039.0 0.99601
0.042618 747038.0 0.99601
0.042633 747036.0 0.99601
0.042648 747035.0 0.99601
0.042664 747034.0 0.99601
0.042671 747033.0 0.996
0.042702 747031.0 0.996
0.042717 747030.0 0.996
0.042725 747029.0 0.996
0.042747 747028.0 0.996
0.042763 747027.0 0.996
0.04277 747025.0 0.99599
0.042786 747024.0 0.99599
0.042839 747023.0 0.99599
0.042862 747022.0 0.99599
0.04287 747019.0 0.99599
0.042892 747016.0 0.99598
0.0429 747015.0 0.99598
0.042908 747013.0 0.99598
0.042915 747012.0 0.99598
0.042923 747011.0 0.99597
0.042931 747010.0 0.99597
0.042953 747009.0 0.99597
0.042961 747008.0 0.99597
0.043015 747006.0 0.99597
0.043022 747005.0 0.99597
0.043037 747004.0 0.99597
0.043121 747003.0 0.99596
0.043129 747002.0 0.99596
0.043137 747001.0 0.99596
0.043167 747000.0 0.99596
0.043182 746998.0 0.99596
0.04319 746997.0 0.99596
0.043198 746996.0 0.99595
0.043221 746995.0 0.99595
0.043289 746993.0 0.99595
0.043304 746992.0 0.99595
0.043312 746991.0 0.99595
0.04332 746990.0 0.99595
0.043327 746989.0 0.99595
0.043335 746988.0 0.99594
0.04335 746986.0 0.99594
0.043358 746985.0 0.99594
0.043381 746982.0 0.99594
0.043396 746981.0 0.99593
0.043427 746980.0 0.99593
0.043442 746979.0 0.99593
0.043457 746978.0 0.99593
0.04351 746977.0 0.99593
0.043518 746976.0 0.99593
0.043533 746975.0 0.99593
0.043549 746974.0 0.99593
0.043564 746973.0 0.99592
0.043579 746972.0 0.99592
0.043594 746971.0 0.99592
0.04364 746970.0 0.99592
0.043686 746969.0 0.99592
0.043747 746968.0 0.99592
0.043777 746967.0 0.99592
0.043808 746966.0 0.99591
0.043823 746965.0 0.99591
0.043884 746963.0 0.99591
0.0439 746961.0 0.99591
0.043915 746960.0 0.99591
0.043961 746958.0 0.9959
0.044083 746957.0 0.9959
0.04409 746955.0 0.9959
0.044128 746954.0 0.9959
0.044159 746953.0 0.9959
0.044189 746952.0 0.9959
0.04422 746951.0 0.99589
0.044281 746950.0 0.99589
0.044312 746948.0 0.99589
0.044342 746947.0 0.99589
0.044357 746946.0 0.99589
0.044403 746945.0 0.99589
0.044418 746944.0 0.99589
0.044434 746942.0 0.99588
0.044472 746941.0 0.99588
0.044479 746940.0 0.99588
0.044495 746938.0 0.99588
0.044571 746936.0 0.99587
0.044579 746935.0 0.99587
0.044586 746933.0 0.99587
0.044601 746931.0 0.99587
0.044617 746930.0 0.99587
0.044662 746929.0 0.99587
0.044708 746928.0 0.99586
0.044739 746927.0 0.99586
0.044846 746926.0 0.99586
0.044876 746925.0 0.99586
0.044891 746924.0 0.99586
0.044952 746923.0 0.99586
0.045029 746920.0 0.99585
0.045105 746918.0 0.99585
0.045135 746917.0 0.99585
0.045151 746915.0 0.99585
0.045197 746914.0 0.99585
0.04538 746913.0 0.99584
0.045425 746912.0 0.99584
0.045441 746911.0 0.99584
0.045456 746910.0 0.99584
0.045532 746909.0 0.99584
0.045563 746907.0 0.99584
0.045593 746906.0 0.99583
0.045624 746905.0 0.99583
0.045685 746904.0 0.99583
0.0457 746903.0 0.99583
0.045715 746902.0 0.99583
0.045731 746901.0 0.99583
0.045746 746900.0 0.99583
0.045761 746899.0 0.99583
0.045776 746897.0 0.99582
0.045807 746896.0 0.99582
0.045837 746894.0 0.99582
0.045853 746893.0 0.99582
0.045868 746892.0 0.99582
0.045898 746891.0 0.99581
0.045914 746890.0 0.99581
0.045944 746889.0 0.99581
0.045959 746888.0 0.99581
0.04599 746887.0 0.99581
0.046021 746886.0 0.99581
0.046082 746883.0 0.9958
0.046112 746882.0 0.9958
0.046143 746880.0 0.9958
0.046173 746879.0 0.9958
0.046204 746878.0 0.9958
0.046265 746877.0 0.9958
0.046326 746873.0 0.99579
0.046356 746872.0 0.99579
0.046387 746871.0 0.99579
0.046417 746869.0 0.99579
0.046539 746868.0 0.99578
0.04657 746867.0 0.99578
0.0466 746865.0 0.99578
0.046692 746863.0 0.99578
0.046722 746860.0 0.99577
0.046753 746859.0 0.99577
0.046814 746857.0 0.99577
0.046906 746855.0 0.99577
0.046936 746853.0 0.99576
0.046967 746851.0 0.99576
0.046997 746849.0 0.99576
0.047058 746848.0 0.99576
0.047119 746847.0 0.99576
0.04715 746846.0 0.99575
0.04718 746845.0 0.99575
0.047302 746844.0 0.99575
0.047363 746843.0 0.99575
0.047394 746842.0 0.99575
0.047424 746839.0 0.99575
0.047485 746838.0 0.99574
0.047546 746837.0 0.99574
0.047577 746836.0 0.99574
0.047607 746835.0 0.99574
0.047668 746834.0 0.99574
0.047699 746831.0 0.99573
0.047729 746830.0 0.99573
0.04776 746829.0 0.99573
0.047791 746828.0 0.99573
0.047821 746827.0 0.99573
0.047852 746825.0 0.99573
0.047882 746824.0 0.99573
0.047913 746822.0 0.99572
0.048035 746821.0 0.99572
0.048187 746820.0 0.99572
0.048218 746818.0 0.99572
0.048248 746817.0 0.99572
0.048279 746816.0 0.99571
0.04834 746814.0 0.99571
0.048401 746811.0 0.99571
0.048462 746810.0 0.99571
0.048523 746806.0 0.9957
0.048584 746803.0 0.9957
0.048615 746801.0 0.99569
0.048645 746797.0 0.99569
0.048676 746795.0 0.99569
0.048706 746794.0 0.99569
0.048767 746792.0 0.99568
0.048798 746791.0 0.99568
0.048828 746790.0 0.99568
0.048859 746789.0 0.99568
0.048889 746787.0 0.99568
0.04895 746784.0 0.99567
0.048981 746783.0 0.99567
0.049011 746781.0 0.99567
0.049042 746780.0 0.99567
0.049072 746778.0 0.99566
0.049133 746777.0 0.99566
0.049164 746776.0 0.99566
0.049194 746773.0 0.99566
0.049225 746772.0 0.99566
0.049255 746770.0 0.99565
0.049316 746769.0 0.99565
0.049408 746767.0 0.99565
0.049438 746766.0 0.99565
0.049469 746765.0 0.99565
0.0495 746763.0 0.99564
0.049561 746762.0 0.99564
0.049591 746760.0 0.99564
0.049683 746759.0 0.99564
0.049744 746758.0 0.99564
0.049774 746757.0 0.99564
0.049896 746756.0 0.99563
0.049988 746754.0 0.99563
0.050018 746752.0 0.99563
0.050049 746750.0 0.99563
0.050079 746747.0 0.99562
0.05011 746746.0 0.99562
0.050171 746743.0 0.99562
0.050232 746741.0 0.99561
0.050262 746740.0 0.99561
0.050293 746737.0 0.99561
0.050339 746736.0 0.99561
0.050415 746735.0 0.99561
0.050446 746734.0 0.99561
0.050507 746733.0 0.9956
0.050537 746731.0 0.9956
0.050598 746728.0 0.9956
0.050659 746727.0 0.9956
0.050781 746724.0 0.99559
0.050842 746723.0 0.99559
0.050873 746721.0 0.99559
0.050903 746720.0 0.99559
0.050964 746717.0 0.99558
0.051025 746714.0 0.99558
0.051056 746713.0 0.99558
0.051086 746712.0 0.99558
0.051117 746710.0 0.99557
0.051208 746708.0 0.99557
0.051239 746706.0 0.99557
0.051392 746705.0 0.99557
0.051422 746704.0 0.99557
0.051453 746702.0 0.99556
0.051575 746701.0 0.99556
0.051697 746697.0 0.99556
0.051727 746696.0 0.99555
0.051758 746695.0 0.99555
0.051819 746692.0 0.99555
0.051849 746690.0 0.99555
0.05188 746687.0 0.99554
0.05191 746686.0 0.99554
0.052002 746683.0 0.99554
0.052063 746682.0 0.99554
0.052124 746679.0 0.99553
0.052155 746678.0 0.99553
0.052216 746677.0 0.99553
0.052246 746675.0 0.99553
0.052277 746673.0 0.99552
0.052307 746672.0 0.99552
0.052368 746669.0 0.99552
0.052399 746667.0 0.99552
0.052551 746665.0 0.99551
0.052612 746661.0 0.99551
0.052643 746659.0 0.99551
0.052704 746658.0 0.9955
0.052734 746657.0 0.9955
0.052856 746656.0 0.9955
0.052917 746654.0 0.9955
0.052948 746653.0 0.9955
0.052979 746652.0 0.9955
0.053009 746651.0 0.99549
0.05307 746649.0 0.99549
0.053101 746648.0 0.99549
0.053162 746645.0 0.99549
0.053223 746641.0 0.99548
0.053253 746640.0 0.99548
0.053284 746638.0 0.99548
0.053314 746637.0 0.99548
0.053345 746636.0 0.99547
0.053406 746635.0 0.99547
0.053436 746633.0 0.99547
0.053467 746631.0 0.99547
0.053497 746630.0 0.99547
0.053558 746627.0 0.99546
0.053589 746624.0 0.99546
0.05365 746623.0 0.99546
0.05368 746622.0 0.99546
0.053711 746619.0 0.99545
0.053772 746616.0 0.99545
0.053833 746614.0 0.99545
0.053894 746613.0 0.99544
0.053986 746612.0 0.99544
0.054138 746611.0 0.99544
0.054199 746610.0 0.99544
0.054291 746609.0 0.99544
0.054382 746607.0 0.99544
0.054413 746606.0 0.99543
0.054443 746605.0 0.99543
0.054504 746603.0 0.99543
0.054626 746602.0 0.99543
0.054688 746600.0 0.99543
0.054718 746599.0 0.99543
0.05481 746598.0 0.99542
0.054871 746596.0 0.99542
0.054901 746595.0 0.99542
0.054932 746594.0 0.99542
0.054962 746593.0 0.99542
0.054993 746592.0 0.99542
0.055054 746591.0 0.99541
0.055176 746588.0 0.99541
0.055298 746586.0 0.99541
0.05542 746585.0 0.99541
0.055603 746584.0 0.99541
0.055664 746582.0 0.9954
0.055725 746580.0 0.9954
0.055847 746579.0 0.9954
0.055908 746577.0 0.9954
0.055939 746576.0 0.99539
0.05603 746575.0 0.99539
0.056213 746573.0 0.99539
0.056458 746571.0 0.99539
0.056824 746570.0 0.99539
0.056885 746568.0 0.99538
0.056946 746566.0 0.99538
0.057007 746564.0 0.99538
0.057068 746563.0 0.99538
0.057251 746562.0 0.99538
0.057373 746561.0 0.99537
0.057434 746559.0 0.99537
0.057556 746557.0 0.99537
0.057678 746556.0 0.99537
0.057922 746555.0 0.99537
0.057953 746553.0 0.99536
0.058044 746552.0 0.99536
0.058105 746551.0 0.99536
0.058167 746550.0 0.99536
0.058289 746549.0 0.99536
0.058411 746548.0 0.99536
0.058472 746547.0 0.99536
0.058533 746545.0 0.99535
0.058655 746544.0 0.99535
0.058685 746543.0 0.99535
0.058716 746542.0 0.99535
0.058777 746541.0 0.99535
0.058838 746539.0 0.99535
0.05896 746538.0 0.99534
0.059204 746537.0 0.99534
0.059265 746535.0 0.99534
0.059326 746534.0 0.99534
0.05954 746533.0 0.99534
0.059631 746532.0 0.99534
0.059753 746531.0 0.99533
0.059814 746530.0 0.99533
0.059875 746529.0 0.99533
0.059937 746528.0 0.99533
0.059998 746526.0 0.99533
0.060059 746525.0 0.99533
0.06012 746524.0 0.99533
0.060181 746523.0 0.99532
0.060364 746522.0 0.99532
0.060425 746521.0 0.99532
0.060486 746520.0 0.99532
0.060669 746519.0 0.99532
0.060913 746518.0 0.99532
0.060974 746517.0 0.99532
0.061584 746516.0 0.99531
0.061707 746515.0 0.99531
0.061768 746512.0 0.99531
0.06189 746511.0 0.99531
0.062012 746510.0 0.99531
0.062073 746509.0 0.99531
0.062134 746508.0 0.9953
0.062378 746506.0 0.9953
0.063293 746505.0 0.9953
0.063354 746504.0 0.9953
0.063599 746502.0 0.9953
0.064087 746501.0 0.99529
0.064453 746499.0 0.99529
0.064941 746498.0 0.99529
0.065857 746496.0 0.99529
0.066284 746495.0 0.99529
0.066345 746494.0 0.99529
0.066772 746493.0 0.99528
0.066833 746492.0 0.99528
0.066895 746489.0 0.99528
0.067017 746487.0 0.99528
0.067261 746484.0 0.99527
0.067444 746483.0 0.99527
0.067505 746480.0 0.99527
0.067566 746479.0 0.99527
0.068054 746478.0 0.99526
0.068298 746477.0 0.99526
0.068665 746476.0 0.99526
0.068726 746475.0 0.99526
0.068848 746473.0 0.99526
0.069275 746472.0 0.99526
0.069336 746470.0 0.99525
0.069458 746467.0 0.99525
0.06958 746465.0 0.99525
0.069702 746463.0 0.99524
0.069824 746460.0 0.99524
0.069946 746459.0 0.99524
0.070068 746457.0 0.99524
0.07019 746456.0 0.99523
0.070312 746455.0 0.99523
0.070435 746453.0 0.99523
0.070557 746450.0 0.99523
0.070801 746448.0 0.99522
0.070923 746447.0 0.99522
0.071045 746446.0 0.99522
0.071106 746445.0 0.99522
0.071167 746443.0 0.99522
0.071289 746442.0 0.99522
0.071411 746440.0 0.99521
0.071533 746438.0 0.99521
0.071655 746437.0 0.99521
0.071777 746436.0 0.99521
0.071899 746435.0 0.99521
0.072021 746433.0 0.9952
0.072083 746431.0 0.9952
0.072144 746430.0 0.9952
0.072266 746429.0 0.9952
0.072327 746428.0 0.9952
0.072388 746425.0 0.99519
0.07251 746422.0 0.99519
0.072632 746420.0 0.99519
0.072693 746419.0 0.99519
0.072876 746417.0 0.99518
0.072937 746416.0 0.99518
0.072998 746415.0 0.99518
0.07312 746414.0 0.99518
0.073242 746410.0 0.99517
0.073303 746409.0 0.99517
0.073364 746405.0 0.99517
0.073486 746402.0 0.99516
0.073547 746401.0 0.99516
0.073608 746400.0 0.99516
0.07373 746398.0 0.99516
0.073853 746397.0 0.99516
0.073914 746396.0 0.99515
0.073975 746394.0 0.99515
0.074097 746390.0 0.99515
0.074158 746389.0 0.99515
0.074219 746388.0 0.99514
0.07428 746387.0 0.99514
0.074341 746382.0 0.99514
0.074463 746380.0 0.99513
0.074707 746379.0 0.99513
0.074829 746377.0 0.99513
0.074951 746376.0 0.99513
0.075012 746375.0 0.99513
0.075073 746373.0 0.99512
0.075134 746371.0 0.99512
0.075195 746368.0 0.99512
0.075317 746366.0 0.99511
0.075439 746365.0 0.99511
0.075562 746364.0 0.99511
0.075684 746362.0 0.99511
0.075867 746361.0 0.99511
0.075928 746358.0 0.9951
0.076172 746355.0 0.9951
0.076416 746354.0 0.9951
0.076538 746353.0 0.9951
0.076599 746352.0 0.9951
0.07666 746351.0 0.99509
0.076721 746350.0 0.99509
0.076782 746348.0 0.99509
0.076843 746347.0 0.99509
0.076904 746346.0 0.99509
0.076965 746345.0 0.99509
0.077148 746341.0 0.99508
0.077393 746340.0 0.99508
0.077515 746339.0 0.99508
0.077637 746337.0 0.99508
0.077881 746334.0 0.99507
0.077942 746332.0 0.99507
0.078003 746331.0 0.99507
0.078125 746329.0 0.99507
0.078247 746326.0 0.99506
0.078369 746324.0 0.99506
0.078552 746323.0 0.99506
0.078613 746322.0 0.99506
0.078674 746321.0 0.99505
0.078735 746318.0 0.99505
0.078857 746316.0 0.99505
0.078918 746315.0 0.99505
0.079041 746314.0 0.99505
0.079102 746313.0 0.99504
0.079163 746312.0 0.99504
0.079224 746311.0 0.99504
0.079346 746310.0 0.99504
0.079468 746309.0 0.99504
0.07959 746306.0 0.99503
0.079712 746304.0 0.99503
0.079803 746303.0 0.99503
0.079834 746302.0 0.99503
0.079895 746300.0 0.99503
0.080078 746298.0 0.99502
0.0802 746294.0 0.99502
0.080322 746291.0 0.99501
0.080444 746290.0 0.99501
0.080566 746289.0 0.99501
0.080811 746288.0 0.99501
0.080872 746287.0 0.99501
0.080933 746285.0 0.99501
0.081543 746283.0 0.995
0.081787 746282.0 0.995
0.081909 746281.0 0.995
0.082031 746279.0 0.995
0.082153 746278.0 0.995
0.082275 746277.0 0.995
0.08252 746276.0 0.99499
0.082642 746275.0 0.99499
0.082764 746274.0 0.99499
0.082886 746273.0 0.99499
0.082947 746272.0 0.99499
0.083008 746269.0 0.99499
0.083191 746268.0 0.99498
0.083252 746266.0 0.99498
0.083313 746265.0 0.99498
0.083374 746264.0 0.99498
0.083435 746263.0 0.99498
0.083496 746262.0 0.99498
0.083618 746261.0 0.99497
0.08374 746260.0 0.99497
0.083862 746259.0 0.99497
0.084229 746257.0 0.99497
0.084351 746256.0 0.99497
0.084717 746255.0 0.99497
0.085083 746252.0 0.99496
0.085205 746251.0 0.99496
0.085327 746249.0 0.99496
0.085449 746248.0 0.99496
0.085571 746247.0 0.99496
0.085693 746246.0 0.99495
0.085938 746243.0 0.99495
0.086182 746240.0 0.99495
0.086426 746239.0 0.99495
0.086548 746238.0 0.99494
0.086792 746237.0 0.99494
0.087158 746235.0 0.99494
0.087646 746234.0 0.99494
0.088013 746233.0 0.99494
0.088257 746232.0 0.99494
0.088379 746231.0 0.99493
0.088501 746229.0 0.99493
0.088623 746226.0 0.99493
0.088867 746225.0 0.99493
0.089111 746223.0 0.99492
0.0896 746222.0 0.99492
0.089722 746221.0 0.99492
0.089844 746220.0 0.99492
0.089966 746219.0 0.99492
0.090332 746216.0 0.99491
0.09082 746215.0 0.99491
0.091064 746213.0 0.99491
0.091797 746211.0 0.99491
0.092285 746210.0 0.99491
0.092346 746209.0 0.99491
0.092407 746208.0 0.9949
0.092529 746207.0 0.9949
0.092773 746204.0 0.9949
0.092896 746202.0 0.9949
0.093018 746201.0 0.99489
0.093384 746200.0 0.99489
0.093506 746199.0 0.99489
0.09375 746198.0 0.99489
0.093872 746196.0 0.99489
0.093994 746192.0 0.99488
0.094116 746191.0 0.99488
0.094238 746190.0 0.99488
0.09436 746189.0 0.99488
0.094482 746188.0 0.99488
0.094727 746187.0 0.99488
0.094849 746186.0 0.99487
0.094971 746185.0 0.99487
0.095093 746183.0 0.99487
0.095215 746182.0 0.99487
0.095337 746181.0 0.99487
0.095581 746180.0 0.99487
0.095703 746179.0 0.99487
0.095825 746177.0 0.99486
0.095947 746174.0 0.99486
0.096191 746173.0 0.99486
0.096436 746172.0 0.99486
0.09668 746171.0 0.99485
0.096924 746170.0 0.99485
0.097046 746169.0 0.99485
0.097534 746168.0 0.99485
0.0979 746167.0 0.99485
0.098145 746166.0 0.99485
0.098511 746165.0 0.99485
0.098633 746164.0 0.99485
0.098755 746163.0 0.99484
0.098999 746161.0 0.99484
0.099365 746160.0 0.99484
0.099487 746159.0 0.99484
0.099609 746158.0 0.99484
0.099854 746157.0 0.99484
0.099976 746156.0 0.99483
0.1001 746155.0 0.99483
0.10034 746154.0 0.99483
0.10046 746152.0 0.99483
0.10059 746151.0 0.99483
0.10071 746150.0 0.99483
0.10083 746148.0 0.99482
0.10095 746146.0 0.99482
0.10132 746145.0 0.99482
0.10144 746144.0 0.99482
0.10156 746143.0 0.99482
0.10193 746142.0 0.99482
0.10205 746141.0 0.99481
0.10217 746139.0 0.99481
0.10229 746138.0 0.99481
0.10242 746137.0 0.99481
0.10278 746136.0 0.99481
0.10291 746135.0 0.99481
0.10303 746134.0 0.99481
0.10315 746133.0 0.9948
0.10327 746132.0 0.9948
0.10352 746130.0 0.9948
0.10388 746129.0 0.9948
0.104 746127.0 0.9948
0.10425 746126.0 0.99479
0.10486 746125.0 0.99479
0.10498 746123.0 0.99479
0.10522 746122.0 0.99479
0.10535 746121.0 0.99479
0.10583 746120.0 0.99479
0.10596 746119.0 0.99479
0.10608 746118.0 0.99478
0.10645 746115.0 0.99478
0.10654 746114.0 0.99478
0.10693 746113.0 0.99478
0.10718 746112.0 0.99478
0.10742 746110.0 0.99477
0.10767 746108.0 0.99477
0.10791 746107.0 0.99477
0.10815 746106.0 0.99477
0.10828 746104.0 0.99477
0.1084 746103.0 0.99476
0.10864 746102.0 0.99476
0.10889 746101.0 0.99476
0.10913 746100.0 0.99476
0.10938 746097.0 0.99476
0.10962 746096.0 0.99475
0.10986 746095.0 0.99475
0.11011 746092.0 0.99475
0.11084 746091.0 0.99475
0.11108 746090.0 0.99475
0.11157 746089.0 0.99475
0.11182 746087.0 0.99474
0.11218 746086.0 0.99474
0.1123 746085.0 0.99474
0.11279 746084.0 0.99474
0.11304 746082.0 0.99474
0.11328 746081.0 0.99473
0.11377 746080.0 0.99473
0.11389 746079.0 0.99473
0.11414 746078.0 0.99473
0.11426 746077.0 0.99473
0.11475 746076.0 0.99473
0.11499 746075.0 0.99473
0.1156 746074.0 0.99473
0.11572 746073.0 0.99472
0.11597 746072.0 0.99472
0.11609 746070.0 0.99472
0.11646 746066.0 0.99471
0.11658 746064.0 0.99471
0.11682 746063.0 0.99471
0.11707 746061.0 0.99471
0.11719 746060.0 0.99471
0.11768 746059.0 0.99471
0.11792 746057.0 0.9947
0.11816 746055.0 0.9947
0.1189 746054.0 0.9947
0.11914 746053.0 0.9947
0.11987 746051.0 0.99469
0.12036 746050.0 0.99469
0.12097 746049.0 0.99469
0.12134 746048.0 0.99469
0.12146 746047.0 0.99469
0.12158 746046.0 0.99469
0.1217 746045.0 0.99469
0.12231 746044.0 0.99469
0.12244 746043.0 0.99468
0.12256 746042.0 0.99468
0.12305 746040.0 0.99468
0.12366 746039.0 0.99468
0.1239 746038.0 0.99468
0.12439 746037.0 0.99468
0.12451 746036.0 0.99467
0.12488 746034.0 0.99467
0.125 746033.0 0.99467
0.12524 746031.0 0.99467
0.12561 746030.0 0.99467
0.12585 746029.0 0.99467
0.1261 746028.0 0.99466
0.12634 746027.0 0.99466
0.12659 746025.0 0.99466
0.12695 746024.0 0.99466
0.12708 746023.0 0.99466
0.12744 746021.0 0.99465
0.12781 746019.0 0.99465
0.12817 746018.0 0.99465
0.1283 746017.0 0.99465
0.12854 746016.0 0.99465
0.12915 746015.0 0.99465
0.12939 746014.0 0.99465
0.12964 746013.0 0.99464
0.13037 746012.0 0.99464
0.13062 746011.0 0.99464
0.13159 746010.0 0.99464
0.13281 746009.0 0.99464
0.13306 746008.0 0.99464
0.13354 746007.0 0.99464
0.13403 746004.0 0.99463
0.1355 746003.0 0.99463
0.13599 746002.0 0.99463
0.13672 746000.0 0.99463
0.13794 745999.0 0.99463
0.13818 745998.0 0.99462
0.13843 745997.0 0.99462
0.13855 745996.0 0.99462
0.13965 745994.0 0.99462
0.14014 745992.0 0.99462
0.14099 745991.0 0.99461
0.14124 745990.0 0.99461
0.14136 745987.0 0.99461
0.14185 745986.0 0.99461
0.14197 745985.0 0.99461
0.14221 745984.0 0.99461
0.14246 745983.0 0.9946
0.14258 745982.0 0.9946
0.14294 745981.0 0.9946
0.14307 745980.0 0.9946
0.14343 745977.0 0.9946
0.14355 745976.0 0.99459
0.1438 745975.0 0.99459
0.14392 745974.0 0.99459
0.14404 745973.0 0.99459
0.14429 745971.0 0.99459
0.14453 745969.0 0.99459
0.14502 745966.0 0.99458
0.14551 745964.0 0.99458
0.14575 745962.0 0.99458
0.14624 745961.0 0.99457
0.14648 745960.0 0.99457
0.14722 745959.0 0.99457
0.14795 745958.0 0.99457
0.14819 745957.0 0.99457
0.14832 745956.0 0.99457
0.14844 745955.0 0.99457
0.14893 745954.0 0.99457
0.14905 745953.0 0.99456
0.1499 745952.0 0.99456
0.15015 745951.0 0.99456
0.15063 745950.0 0.99456
0.15088 745948.0 0.99456
0.15137 745947.0 0.99456
0.15161 745946.0 0.99455
0.15186 745944.0 0.99455
0.15332 745943.0 0.99455
0.15356 745942.0 0.99455
0.15381 745941.0 0.99455
0.15405 745940.0 0.99455
0.1543 745939.0 0.99455
0.15503 745938.0 0.99454
0.15552 745937.0 0.99454
0.15601 745936.0 0.99454
0.15625 745934.0 0.99454
0.15735 745933.0 0.99454
0.15771 745932.0 0.99454
0.15869 745931.0 0.99453
0.15894 745930.0 0.99453
0.15991 745929.0 0.99453
0.16016 745926.0 0.99453
0.16187 745925.0 0.99453
0.16235 745924.0 0.99453
0.1626 745923.0 0.99452
0.16333 745921.0 0.99452
0.16382 745919.0 0.99452
0.16431 745918.0 0.99452
0.16455 745917.0 0.99452
0.16479 745916.0 0.99451
0.16516 745915.0 0.99451
0.16565 745914.0 0.99451
0.16589 745913.0 0.99451
0.16626 745912.0 0.99451
0.16663 745911.0 0.99451
0.16772 745910.0 0.99451
0.16785 745909.0 0.99451
0.16797 745908.0 0.9945
0.16821 745907.0 0.9945
0.16846 745906.0 0.9945
0.1687 745905.0 0.9945
0.16895 745904.0 0.9945
0.17078 745903.0 0.9945
0.1709 745902.0 0.9945
0.17261 745901.0 0.99449
0.17358 745900.0 0.99449
0.17383 745898.0 0.99449
0.17456 745897.0 0.99449
0.17554 745896.0 0.99449
0.17627 745895.0 0.99449
0.17676 745894.0 0.99449
0.177 745893.0 0.99448
0.17725 745891.0 0.99448
0.17993 745890.0 0.99448
0.18311 745888.0 0.99448
0.18408 745886.0 0.99447
0.18481 745885.0 0.99447
0.18652 745881.0 0.99447
0.18701 745880.0 0.99447
0.1875 745879.0 0.99447
0.18787 745878.0 0.99446
0.18823 745877.0 0.99446
0.18872 745876.0 0.99446
0.18896 745875.0 0.99446
0.18945 745874.0 0.99446
0.18994 745873.0 0.99446
0.19006 745872.0 0.99446
0.19238 745871.0 0.99445
0.1925 745870.0 0.99445
0.1936 745869.0 0.99445
0.19824 745868.0 0.99445
0.19922 745867.0 0.99445
0.19946 745865.0 0.99445
0.19983 745864.0 0.99445
0.2002 745863.0 0.99444
0.20117 745862.0 0.99444
0.20215 745861.0 0.99444
0.20239 745860.0 0.99444
0.20264 745859.0 0.99444
0.20288 745858.0 0.99444
0.2041 745857.0 0.99444
0.20483 745855.0 0.99443
0.20557 745854.0 0.99443
0.20728 745853.0 0.99443
0.20776 745852.0 0.99443
0.20825 745850.0 0.99443
0.2085 745849.0 0.99443
0.20923 745847.0 0.99442
0.20947 745846.0 0.99442
0.20972 745845.0 0.99442
0.21143 745844.0 0.99442
0.21265 745842.0 0.99442
0.21753 745841.0 0.99441
0.21777 745839.0 0.99441
0.21851 745838.0 0.99441
0.21875 745837.0 0.99441
0.21899 745836.0 0.99441
0.2207 745834.0 0.99441
0.22144 745833.0 0.9944
0.22241 745832.0 0.9944
0.22266 745831.0 0.9944
0.22607 745830.0 0.9944
0.23071 745829.0 0.9944
0.2312 745828.0 0.9944
0.23242 745827.0 0.9944
0.23267 745826.0 0.99439
0.23328 745825.0 0.99439
0.23364 745824.0 0.99439
0.23486 745823.0 0.99439
0.23547 745822.0 0.99439
0.23682 745820.0 0.99439
0.23706 745819.0 0.99439
0.2373 745818.0 0.99438
0.23743 745817.0 0.99438
0.23975 745816.0 0.99438
0.24146 745815.0 0.99438
0.24243 745814.0 0.99438
0.24365 745813.0 0.99438
0.24414 745810.0 0.99437
0.24426 745809.0 0.99437
0.24512 745808.0 0.99437
0.2467 745807.0 0.99437
0.24695 745806.0 0.99437
0.24756 745805.0 0.99437
0.2478 745804.0 0.99437
0.24805 745803.0 0.99436
0.24927 745802.0 0.99436
0.25171 745801.0 0.99436
0.25195 745800.0 0.99436
0.25293 745799.0 0.99436
0.25415 745797.0 0.99436
0.25439 745796.0 0.99435
0.25659 745795.0 0.99435
0.25708 745794.0 0.99435
0.25806 745793.0 0.99435
0.25842 745792.0 0.99435
0.2605 745791.0 0.99435
0.26147 745790.0 0.99435
0.26245 745789.0 0.99435
0.26318 745788.0 0.99434
0.26685 745787.0 0.99434
0.26758 745786.0 0.99434
0.2688 745785.0 0.99434
0.26953 745784.0 0.99434
0.27002 745783.0 0.99434
0.27075 745782.0 0.99434
0.27124 745781.0 0.99433
0.27295 745780.0 0.99433
0.27332 745779.0 0.99433
0.27588 745778.0 0.99433
0.27661 745777.0 0.99433
0.27698 745776.0 0.99433
0.2771 745774.0 0.99433
0.27759 745773.0 0.99432
0.28052 745772.0 0.99432
0.28174 745771.0 0.99432
0.28247 745770.0 0.99432
0.28296 745769.0 0.99432
0.28308 745768.0 0.99432
0.28333 745767.0 0.99432
0.28687 745766.0 0.99431
0.28711 745765.0 0.99431
0.28735 745764.0 0.99431
0.28833 745762.0 0.99431
0.29419 745761.0 0.99431
0.29443 745760.0 0.99431
0.2959 745759.0 0.99431
0.29712 745758.0 0.9943
0.29883 745757.0 0.9943
0.30005 745756.0 0.9943
0.30103 745755.0 0.9943
0.30347 745753.0 0.9943
0.30469 745752.0 0.9943
0.30518 745751.0 0.99429
0.3064 745750.0 0.99429
0.30713 745749.0 0.99429
0.30737 745748.0 0.99429
0.30762 745747.0 0.99429
0.30811 745746.0 0.99429
0.30981 745745.0 0.99429
0.31152 745744.0 0.99429
0.31323 745743.0 0.99428
0.31372 745742.0 0.99428
0.31396 745741.0 0.99428
0.31409 745740.0 0.99428
0.31445 745739.0 0.99428
0.31763 745738.0 0.99428
0.31836 745737.0 0.99428
0.31934 745736.0 0.99427
0.3208 745735.0 0.99427
0.323 745733.0 0.99427
0.32422 745732.0 0.99427
0.32495 745730.0 0.99427
0.3252 745729.0 0.99427
0.32556 745728.0 0.99426
0.32715 745727.0 0.99426
0.32812 745726.0 0.99426
0.32861 745725.0 0.99426
0.3291 745724.0 0.99426
0.33496 745723.0 0.99426
0.33984 745722.0 0.99426
0.34021 745721.0 0.99425
0.34351 745720.0 0.99425
0.34668 745719.0 0.99425
0.34717 745718.0 0.99425
0.34839 745717.0 0.99425
0.34985 745716.0 0.99425
0.35034 745715.0 0.99425
0.35107 745714.0 0.99425
0.35205 745713.0 0.99424
0.35254 745712.0 0.99424
0.35498 745711.0 0.99424
0.35596 745710.0 0.99424
0.3562 745709.0 0.99424
0.35767 745708.0 0.99424
0.3584 745707.0 0.99424
0.35913 745706.0 0.99423
0.35986 745705.0 0.99423
0.36084 745704.0 0.99423
0.36499 745703.0 0.99423
0.36768 745702.0 0.99423
0.37329 745701.0 0.99423
0.37354 745700.0 0.99423
0.37402 745699.0 0.99423
0.37573 745698.0 0.99422
0.37598 745697.0 0.99422
0.37622 745695.0 0.99422
0.37939 745694.0 0.99422
0.38013 745693.0 0.99422
0.38037 745692.0 0.99422
0.38159 745691.0 0.99421
0.38184 745690.0 0.99421
0.38281 745689.0 0.99421
0.38647 745688.0 0.99421
0.38745 745687.0 0.99421
0.39014 745686.0 0.99421
0.39038 745685.0 0.99421
0.39062 745684.0 0.99421
0.39111 745683.0 0.9942
0.39307 745682.0 0.9942
0.39355 745681.0 0.9942
0.39551 745680.0 0.9942
0.39636 745679.0 0.9942
0.39722 745678.0 0.9942
0.39868 745677.0 0.9942
0.40015 745676.0 0.99419
0.40088 745675.0 0.99419
0.40234 745674.0 0.99419
0.40259 745673.0 0.99419
0.40369 745672.0 0.99419
0.4043 745671.0 0.99419
0.40479 745670.0 0.99419
0.40576 745669.0 0.99419
0.40698 745668.0 0.99418
0.40771 745667.0 0.99418
0.41113 745666.0 0.99418
0.41235 745665.0 0.99418
0.41333 745664.0 0.99418
0.41455 745662.0 0.99418
0.41479 745661.0 0.99417
0.4165 745660.0 0.99417
0.41821 745659.0 0.99417
0.41846 745658.0 0.99417
0.41943 745656.0 0.99417
0.42053 745655.0 0.99417
0.42114 745654.0 0.99417
0.42407 745653.0 0.99416
0.42798 745651.0 0.99416
0.42871 745650.0 0.99416
0.43335 745649.0 0.99416
0.43396 745648.0 0.99416
0.43982 745647.0 0.99416
0.43994 745645.0 0.99415
0.44263 745644.0 0.99415
0.44897 745643.0 0.99415
0.44934 745642.0 0.99415
0.45044 745641.0 0.99415
0.45239 745640.0 0.99415
0.45508 745639.0 0.99415
0.45703 745638.0 0.99414
0.45923 745637.0 0.99414
0.45947 745635.0 0.99414
0.4646 745634.0 0.99414
0.46655 745633.0 0.99414
0.46948 745632.0 0.99414
0.47156 745631.0 0.99413
0.47351 745630.0 0.99413
0.47363 745629.0 0.99413
0.47803 745628.0 0.99413
0.47827 745627.0 0.99413
0.48364 745626.0 0.99413
0.48523 745625.0 0.99413
0.48706 745624.0 0.99413
0.48755 745623.0 0.99412
0.48853 745622.0 0.99412
0.48877 745621.0 0.99412
0.49292 745620.0 0.99412
0.49316 745619.0 0.99412
0.49341 745618.0 0.99412
0.49438 745617.0 0.99412
0.49609 745616.0 0.99411
0.49707 745615.0 0.99411
0.49976 745614.0 0.99411
