0.070251 8000026.0 1.0
0.079422 8000025.0 1.0
0.10175 8000024.0 1.0
0.10242 8000023.0 1.0
0.13701 8000022.0 1.0
0.13847 8000021.0 1.0
0.14326 8000020.0 1.0
0.16071 8000019.0 1.0
0.18655 8000018.0 1.0
0.19404 8000017.0 1.0
0.20947 8000016.0 1.0
0.22633 8000015.0 1.0
0.25803 8000014.0 1.0
0.28638 8000013.0 1.0
0.30262 8000012.0 1.0
0.30867 8000011.0 1.0
0.32088 8000010.0 1.0
0.34274 8000009.0 1.0
0.36306 8000008.0 1.0
0.37737 8000007.0 1.0
0.40729 8000006.0 1.0
0.41827 8000005.0 1.0
0.44351 8000004.0 1.0
