0.050598 750029.0 1.0
0.058441 750028.0 1.0
0.060669 750027.0 1.0
0.062347 750026.0 0.99999
0.06546 750025.0 0.99999
0.067413 750024.0 0.99999
0.068817 750023.0 0.99999
0.079895 750022.0 0.99999
0.079956 750021.0 0.99999
0.082947 750020.0 0.99999
0.088074 750019.0 0.99999
0.08847 750018.0 0.99998
0.093994 750017.0 0.99998
0.098694 750016.0 0.99998
0.10205 750015.0 0.99998
0.11197 750014.0 0.99998
0.11926 750013.0 0.99998
0.11948 750012.0 0.99998
0.1207 750011.0 0.99997
0.12573 750010.0 0.99997
0.13593 750009.0 0.99997
0.13812 750008.0 0.99997
0.146 750007.0 0.99997
0.15408 750006.0 0.99997
0.15509 750005.0 0.99997
0.17325 750004.0 0.99997
0.17371 750003.0 0.99996
0.17981 750002.0 0.99996
0.18472 750001.0 0.99996
0.20355 750000.0 0.99996
0.20786 749999.0 0.99996
0.21838 749998.0 0.99996
0.22656 749997.0 0.99996
0.23175 749996.0 0.99995
0.23248 749995.0 0.99995
0.23318 749994.0 0.99995
0.25385 749993.0 0.99995
0.25864 749992.0 0.99995
0.28409 749991.0 0.99995
0.29572 749990.0 0.99995
0.30518 749989.0 0.99995
0.30719 749988.0 0.99994
0.31189 749987.0 0.99994
0.32117 749986.0 0.99994
0.32767 749985.0 0.99994
0.34366 749984.0 0.99994
0.37125 749983.0 0.99994
0.37741 749982.0 0.99994
0.38696 749981.0 0.99993
0.39923 749980.0 0.99993
0.42026 749979.0 0.99993
0.43207 749978.0 0.99993
0.44943 749977.0 0.99993
0.45609 749976.0 0.99993
0.4639 749975.0 0.99993
0.46609 749974.0 0.99993
0.47559 749973.0 0.99992
0.49844 749972.0 0.99992
