0.033112 4000096.0 1.0
0.033127 4000093.0 1.0
0.033134 4000089.0 1.0
0.033142 4000087.0 1.0
0.03315 4000083.0 1.0
0.033157 4000080.0 1.0
0.033165 4000074.0 0.99999
0.033173 4000064.0 0.99999
0.03318 4000047.0 0.99999
0.033188 4000036.0 0.99998
0.033195 4000021.0 0.99998
0.033203 4000001.0 0.99998
0.033211 3999985.0 0.99997
0.033218 3999972.0 0.99997
0.033226 3999958.0 0.99997
0.033234 3999944.0 0.99996
0.033241 3999927.0 0.99996
0.033249 3999910.0 0.99995
0.033257 3999898.0 0.99995
0.033264 3999883.0 0.99995
0.033272 3999861.0 0.99994
0.033279 3999848.0 0.99994
0.033287 3999832.0 0.99993
0.033295 3999816.0 0.99993
0.033298 3999815.0 0.99993
0.033302 3999808.0 0.99993
0.03331 3999787.0 0.99992
0.033318 3999774.0 0.99992
0.033321 3999772.0 0.99992
0.033325 3999750.0 0.99991
0.033333 3999736.0 0.99991
0.033337 3999735.0 0.99991
0.03334 3999719.0 0.99991
0.033344 3999716.0 0.9999
0.033348 3999700.0 0.9999
0.033352 3999697.0 0.9999
0.033356 3999677.0 0.99989
0.03336 3999675.0 0.99989
0.033363 3999659.0 0.99989
0.033371 3999642.0 0.99989
0.033375 3999638.0 0.99989
0.033379 3999621.0 0.99988
0.033382 3999618.0 0.99988
0.033386 3999602.0 0.99988
0.03339 3999601.0 0.99988
0.033394 3999592.0 0.99987
0.033398 3999591.0 0.99987
0.033401 3999578.0 0.99987
0.033405 3999575.0 0.99987
0.033409 3999556.0 0.99986
0.033417 3999543.0 0.99986
0.033421 3999541.0 0.99986
0.033424 3999528.0 0.99986
0.033428 3999527.0 0.99986
0.033432 3999512.0 0.99985
0.033436 3999511.0 0.99985
0.03344 3999497.0 0.99985
0.033443 3999496.0 0.99985
0.033447 3999483.0 0.99985
0.033455 3999474.0 0.99984
0.033459 3999473.0 0.99984
0.033463 3999465.0 0.99984
0.033466 3999464.0 0.99984
0.03347 3999454.0 0.99984
0.033474 3999451.0 0.99984
0.033478 3999445.0 0.99984
0.033482 3999443.0 0.99984
0.033485 3999434.0 0.99983
0.033489 3999431.0 0.99983
0.033493 3999421.0 0.99983
0.033497 3999416.0 0.99983
0.033501 3999403.0 0.99983
0.033504 3999402.0 0.99983
0.033508 3999389.0 0.99982
0.033512 3999388.0 0.99982
0.033516 3999376.0 0.99982
0.033524 3999365.0 0.99982
0.033527 3999364.0 0.99982
0.033531 3999357.0 0.99981
0.033535 3999351.0 0.99981
0.033539 3999345.0 0.99981
0.033543 3999343.0 0.99981
0.033546 3999331.0 0.99981
0.03355 3999328.0 0.99981
0.033554 3999317.0 0.9998
0.033558 3999316.0 0.9998
0.033562 3999302.0 0.9998
0.033566 3999297.0 0.9998
0.033569 3999286.0 0.9998
0.033573 3999283.0 0.9998
0.033577 3999273.0 0.99979
0.033581 3999271.0 0.99979
0.033585 3999264.0 0.99979
0.033588 3999260.0 0.99979
0.033592 3999251.0 0.99979
0.033596 3999247.0 0.99979
0.0336 3999238.0 0.99979
0.033604 3999230.0 0.99978
0.033607 3999217.0 0.99978
0.033611 3999212.0 0.99978
0.033615 3999206.0 0.99978
0.033619 3999204.0 0.99978
0.033623 3999189.0 0.99977
0.033627 3999187.0 0.99977
0.03363 3999175.0 0.99977
0.033634 3999173.0 0.99977
0.033638 3999161.0 0.99977
0.033642 3999159.0 0.99977
0.033646 3999147.0 0.99976
0.033649 3999144.0 0.99976
0.033653 3999134.0 0.99976
0.033657 3999132.0 0.99976
0.033661 3999125.0 0.99976
0.033665 3999121.0 0.99976
0.033669 3999114.0 0.99975
0.033672 3999107.0 0.99975
0.033676 3999097.0 0.99975
0.03368 3999093.0 0.99975
0.033684 3999077.0 0.99974
0.033691 3999069.0 0.99974
0.033695 3999063.0 0.99974
0.033699 3999058.0 0.99974
0.033703 3999049.0 0.99974
0.033707 3999038.0 0.99974
0.03371 3999036.0 0.99973
0.033714 3999018.0 0.99973
0.033718 3999012.0 0.99973
0.033722 3999004.0 0.99973
0.033726 3998999.0 0.99973
0.03373 3998987.0 0.99972
0.033733 3998982.0 0.99972
0.033737 3998970.0 0.99972
0.033741 3998967.0 0.99972
0.033745 3998954.0 0.99971
0.033749 3998950.0 0.99971
0.033752 3998945.0 0.99971
0.033756 3998940.0 0.99971
0.03376 3998927.0 0.99971
0.033764 3998919.0 0.99971
0.033768 3998908.0 0.9997
0.033772 3998905.0 0.9997
0.033775 3998895.0 0.9997
0.033779 3998890.0 0.9997
0.033783 3998876.0 0.99969
0.033787 3998872.0 0.99969
0.033791 3998863.0 0.99969
0.033794 3998862.0 0.99969
0.033798 3998852.0 0.99969
0.033802 3998849.0 0.99969
0.033806 3998838.0 0.99969
0.03381 3998834.0 0.99968
0.033813 3998820.0 0.99968
0.033817 3998815.0 0.99968
0.033821 3998805.0 0.99968
0.033825 3998798.0 0.99968
0.033829 3998784.0 0.99967
0.033833 3998780.0 0.99967
0.033836 3998764.0 0.99967
0.03384 3998761.0 0.99967
0.033844 3998752.0 0.99966
0.033848 3998751.0 0.99966
0.033852 3998742.0 0.99966
0.033855 3998735.0 0.99966
0.033859 3998722.0 0.99966
0.033863 3998717.0 0.99965
0.033867 3998705.0 0.99965
0.033871 3998701.0 0.99965
0.033875 3998693.0 0.99965
0.033878 3998690.0 0.99965
0.033882 3998687.0 0.99965
0.033886 3998682.0 0.99965
0.03389 3998672.0 0.99964
0.033894 3998671.0 0.99964
0.033897 3998662.0 0.99964
0.033901 3998659.0 0.99964
0.033905 3998650.0 0.99964
0.033909 3998647.0 0.99964
0.033913 3998637.0 0.99963
0.033916 3998631.0 0.99963
0.03392 3998628.0 0.99963
0.033924 3998625.0 0.99963
0.033928 3998620.0 0.99963
0.033932 3998615.0 0.99963
0.033936 3998613.0 0.99963
0.033939 3998607.0 0.99963
0.033943 3998597.0 0.99962
0.033947 3998595.0 0.99962
0.033951 3998587.0 0.99962
0.033955 3998581.0 0.99962
0.033958 3998569.0 0.99962
0.033962 3998565.0 0.99962
0.033966 3998560.0 0.99962
0.03397 3998554.0 0.99961
0.033974 3998541.0 0.99961
0.033978 3998536.0 0.99961
0.033981 3998527.0 0.99961
0.033985 3998520.0 0.99961
0.033989 3998513.0 0.9996
0.033993 3998507.0 0.9996
0.033997 3998499.0 0.9996
0.034 3998491.0 0.9996
0.034004 3998480.0 0.9996
0.034008 3998474.0 0.99959
0.034012 3998466.0 0.99959
0.034016 3998464.0 0.99959
0.034019 3998453.0 0.99959
0.034023 3998451.0 0.99959
0.034027 3998440.0 0.99959
0.034031 3998437.0 0.99958
0.034035 3998430.0 0.99958
0.034039 3998426.0 0.99958
0.034042 3998422.0 0.99958
0.034046 3998419.0 0.99958
0.03405 3998410.0 0.99958
0.034054 3998406.0 0.99958
0.034058 3998402.0 0.99958
0.034061 3998399.0 0.99958
0.034065 3998389.0 0.99957
0.034069 3998384.0 0.99957
0.034073 3998371.0 0.99957
0.034077 3998370.0 0.99957
0.034081 3998363.0 0.99957
0.034084 3998360.0 0.99957
0.034088 3998350.0 0.99956
0.034092 3998345.0 0.99956
0.034096 3998333.0 0.99956
0.0341 3998330.0 0.99956
0.034103 3998318.0 0.99956
0.034107 3998312.0 0.99955
0.034111 3998306.0 0.99955
0.034115 3998300.0 0.99955
0.034119 3998295.0 0.99955
0.034122 3998293.0 0.99955
0.034126 3998283.0 0.99955
0.03413 3998278.0 0.99955
0.034134 3998273.0 0.99954
0.034138 3998271.0 0.99954
0.034142 3998262.0 0.99954
0.034145 3998261.0 0.99954
0.034149 3998250.0 0.99954
0.034153 3998242.0 0.99954
0.034157 3998235.0 0.99953
0.034161 3998232.0 0.99953
0.034164 3998222.0 0.99953
0.034168 3998217.0 0.99953
0.034172 3998212.0 0.99953
0.034176 3998207.0 0.99953
0.03418 3998204.0 0.99953
0.034184 3998198.0 0.99953
0.034187 3998191.0 0.99952
0.034191 3998188.0 0.99952
0.034195 3998182.0 0.99952
0.034199 3998178.0 0.99952
0.034203 3998170.0 0.99952
0.034206 3998168.0 0.99952
0.03421 3998154.0 0.99951
0.034214 3998149.0 0.99951
0.034218 3998141.0 0.99951
0.034222 3998135.0 0.99951
0.034225 3998121.0 0.99951
0.034229 3998115.0 0.9995
0.034233 3998106.0 0.9995
0.034237 3998100.0 0.9995
0.034241 3998089.0 0.9995
0.034245 3998083.0 0.9995
0.034248 3998069.0 0.99949
0.034252 3998065.0 0.99949
0.034256 3998054.0 0.99949
0.03426 3998048.0 0.99949
0.034264 3998040.0 0.99949
0.034267 3998035.0 0.99948
0.034271 3998027.0 0.99948
0.034275 3998022.0 0.99948
0.034279 3998016.0 0.99948
0.034283 3998009.0 0.99948
0.034286 3998002.0 0.99948
0.034288 3998001.0 0.99948
0.03429 3997998.0 0.99948
0.034294 3997988.0 0.99947
0.034298 3997983.0 0.99947
0.034302 3997972.0 0.99947
0.034306 3997964.0 0.99947
0.034309 3997959.0 0.99947
0.034313 3997956.0 0.99946
0.034317 3997946.0 0.99946
0.034321 3997945.0 0.99946
0.034325 3997941.0 0.99946
0.034328 3997936.0 0.99946
0.034332 3997931.0 0.99946
0.034336 3997923.0 0.99946
0.03434 3997916.0 0.99945
0.034348 3997910.0 0.99945
0.034351 3997905.0 0.99945
0.034355 3997894.0 0.99945
0.034359 3997889.0 0.99945
0.034363 3997879.0 0.99945
0.034367 3997870.0 0.99944
0.03437 3997867.0 0.99944
0.034374 3997863.0 0.99944
0.034378 3997853.0 0.99944
0.034382 3997846.0 0.99944
0.034386 3997839.0 0.99944
0.034389 3997835.0 0.99943
0.034393 3997832.0 0.99943
0.034397 3997828.0 0.99943
0.034401 3997821.0 0.99943
0.034405 3997814.0 0.99943
0.034409 3997807.0 0.99943
0.034412 3997802.0 0.99943
0.034416 3997795.0 0.99942
0.03442 3997789.0 0.99942
0.034424 3997782.0 0.99942
0.034428 3997778.0 0.99942
0.034431 3997769.0 0.99942
0.034435 3997766.0 0.99942
0.034439 3997765.0 0.99942
0.034443 3997760.0 0.99942
0.034447 3997755.0 0.99941
0.034451 3997750.0 0.99941
0.034454 3997746.0 0.99941
0.034458 3997739.0 0.99941
0.034462 3997732.0 0.99941
0.034466 3997724.0 0.99941
0.03447 3997715.0 0.9994
0.034473 3997708.0 0.9994
0.034477 3997703.0 0.9994
0.034481 3997695.0 0.9994
0.034485 3997687.0 0.9994
0.034489 3997683.0 0.9994
0.034492 3997673.0 0.99939
0.0345 3997664.0 0.99939
0.034504 3997655.0 0.99939
0.034508 3997647.0 0.99939
0.034512 3997643.0 0.99939
0.034515 3997641.0 0.99939
0.034519 3997636.0 0.99938
0.034523 3997633.0 0.99938
0.034527 3997625.0 0.99938
0.034531 3997617.0 0.99938
0.034534 3997613.0 0.99938
0.034538 3997604.0 0.99938
0.034542 3997602.0 0.99938
0.034546 3997592.0 0.99937
0.03455 3997585.0 0.99937
0.034554 3997577.0 0.99937
0.034557 3997572.0 0.99937
0.034561 3997568.0 0.99937
0.034565 3997565.0 0.99937
0.034569 3997561.0 0.99937
0.034573 3997558.0 0.99937
0.034576 3997550.0 0.99936
0.034578 3997549.0 0.99936
0.03458 3997541.0 0.99936
0.034584 3997534.0 0.99936
0.034588 3997532.0 0.99936
0.034592 3997524.0 0.99936
0.034595 3997516.0 0.99935
0.034599 3997504.0 0.99935
0.034603 3997494.0 0.99935
0.034607 3997489.0 0.99935
0.034611 3997479.0 0.99935
0.034615 3997477.0 0.99934
0.034618 3997471.0 0.99934
0.034622 3997461.0 0.99934
0.034626 3997457.0 0.99934
0.03463 3997451.0 0.99934
0.034634 3997447.0 0.99934
0.034636 3997446.0 0.99934
0.034637 3997440.0 0.99934
0.034641 3997435.0 0.99933
0.034645 3997426.0 0.99933
0.034649 3997418.0 0.99933
0.034653 3997406.0 0.99933
0.034657 3997403.0 0.99933
0.03466 3997394.0 0.99932
0.034664 3997387.0 0.99932
0.034668 3997382.0 0.99932
0.034672 3997377.0 0.99932
0.034676 3997369.0 0.99932
0.034679 3997361.0 0.99932
0.034683 3997351.0 0.99931
0.034687 3997346.0 0.99931
0.034691 3997338.0 0.99931
0.034695 3997332.0 0.99931
0.034698 3997324.0 0.99931
0.034702 3997322.0 0.99931
0.034706 3997317.0 0.9993
0.03471 3997314.0 0.9993
0.034714 3997309.0 0.9993
0.034716 3997308.0 0.9993
0.034718 3997302.0 0.9993
0.034721 3997297.0 0.9993
0.034725 3997294.0 0.9993
0.034729 3997289.0 0.9993
0.034733 3997284.0 0.9993
0.034737 3997278.0 0.9993
0.03474 3997275.0 0.99929
0.034744 3997271.0 0.99929
0.034748 3997269.0 0.99929
0.034752 3997257.0 0.99929
0.034754 3997256.0 0.99929
0.034756 3997247.0 0.99929
0.03476 3997238.0 0.99929
0.034763 3997233.0 0.99928
0.034767 3997225.0 0.99928
0.034769 3997224.0 0.99928
0.034771 3997220.0 0.99928
0.034775 3997213.0 0.99928
0.034779 3997212.0 0.99928
0.034782 3997208.0 0.99928
0.034784 3997207.0 0.99928
0.034786 3997202.0 0.99928
0.03479 3997197.0 0.99927
0.034794 3997196.0 0.99927
0.034798 3997186.0 0.99927
0.034801 3997179.0 0.99927
0.034805 3997170.0 0.99927
0.034809 3997166.0 0.99927
0.034813 3997158.0 0.99927
0.034817 3997153.0 0.99926
0.034821 3997145.0 0.99926
0.034824 3997143.0 0.99926
0.034828 3997138.0 0.99926
0.034832 3997130.0 0.99926
0.034836 3997125.0 0.99926
0.03484 3997118.0 0.99926
0.034843 3997113.0 0.99925
0.034845 3997112.0 0.99925
0.034847 3997104.0 0.99925
0.034849 3997103.0 0.99925
0.034851 3997091.0 0.99925
0.034855 3997086.0 0.99925
0.034859 3997078.0 0.99925
0.034863 3997072.0 0.99924
0.034866 3997061.0 0.99924
0.03487 3997059.0 0.99924
0.034874 3997053.0 0.99924
0.034878 3997047.0 0.99924
0.034882 3997038.0 0.99924
0.034885 3997036.0 0.99923
0.034889 3997030.0 0.99923
0.034893 3997026.0 0.99923
0.034897 3997017.0 0.99923
0.034901 3997009.0 0.99923
0.034904 3997002.0 0.99923
0.034908 3996998.0 0.99923
0.034912 3996988.0 0.99922
0.034916 3996985.0 0.99922
0.03492 3996979.0 0.99922
0.034924 3996973.0 0.99922
0.034927 3996965.0 0.99922
0.034931 3996957.0 0.99921
0.034935 3996947.0 0.99921
0.034939 3996944.0 0.99921
0.034941 3996943.0 0.99921
0.034943 3996940.0 0.99921
0.034946 3996934.0 0.99921
0.034948 3996933.0 0.99921
0.03495 3996927.0 0.99921
0.034954 3996918.0 0.99921
0.034958 3996910.0 0.9992
0.034962 3996906.0 0.9992
0.034964 3996905.0 0.9992
0.034966 3996900.0 0.9992
0.034969 3996895.0 0.9992
0.034973 3996888.0 0.9992
0.034977 3996876.0 0.99919
0.034981 3996869.0 0.99919
0.034985 3996864.0 0.99919
0.034988 3996856.0 0.99919
0.034992 3996845.0 0.99919
0.034996 3996837.0 0.99918
0.035 3996831.0 0.99918
0.035004 3996820.0 0.99918
0.035007 3996819.0 0.99918
0.035011 3996812.0 0.99918
0.035015 3996810.0 0.99918
0.035019 3996804.0 0.99918
0.035023 3996797.0 0.99917
0.035025 3996796.0 0.99917
0.035027 3996792.0 0.99917
0.03503 3996787.0 0.99917
0.035032 3996786.0 0.99917
0.035034 3996777.0 0.99917
0.035036 3996776.0 0.99917
0.035038 3996763.0 0.99917
0.035042 3996751.0 0.99916
0.035046 3996741.0 0.99916
0.035049 3996733.0 0.99916
0.035051 3996732.0 0.99916
0.035053 3996727.0 0.99916
0.035057 3996724.0 0.99916
0.035061 3996717.0 0.99915
0.035065 3996701.0 0.99915
0.035069 3996697.0 0.99915
0.035072 3996687.0 0.99915
0.035076 3996682.0 0.99915
0.03508 3996669.0 0.99914
0.035084 3996665.0 0.99914
0.035088 3996664.0 0.99914
0.035091 3996661.0 0.99914
0.035095 3996651.0 0.99914
0.035099 3996642.0 0.99914
0.035103 3996634.0 0.99913
0.035107 3996628.0 0.99913
0.03511 3996620.0 0.99913
0.035114 3996616.0 0.99913
0.035118 3996610.0 0.99913
0.035122 3996604.0 0.99913
0.035126 3996594.0 0.99912
0.03513 3996591.0 0.99912
0.035133 3996586.0 0.99912
0.035137 3996581.0 0.99912
0.035141 3996570.0 0.99912
0.035145 3996561.0 0.99912
0.035149 3996557.0 0.99911
0.035151 3996556.0 0.99911
0.035152 3996549.0 0.99911
0.035156 3996534.0 0.99911
0.03516 3996530.0 0.99911
0.035162 3996529.0 0.99911
0.035164 3996527.0 0.99911
0.035168 3996522.0 0.99911
0.03517 3996521.0 0.99911
0.035172 3996509.0 0.9991
0.035173 3996507.0 0.9991
0.035175 3996500.0 0.9991
0.035179 3996489.0 0.9991
0.035183 3996484.0 0.9991
0.035187 3996473.0 0.99909
0.035189 3996472.0 0.99909
0.035191 3996469.0 0.99909
0.035192 3996468.0 0.99909
0.035194 3996461.0 0.99909
0.035198 3996455.0 0.99909
0.035202 3996443.0 0.99909
0.035206 3996442.0 0.99909
0.035208 3996441.0 0.99909
0.03521 3996435.0 0.99908
0.035213 3996428.0 0.99908
0.035217 3996415.0 0.99908
0.035221 3996410.0 0.99908
0.035225 3996406.0 0.99908
0.035229 3996397.0 0.99907
0.035233 3996381.0 0.99907
0.035236 3996373.0 0.99907
0.035238 3996371.0 0.99907
0.03524 3996363.0 0.99907
0.035244 3996360.0 0.99907
0.035248 3996352.0 0.99906
0.035252 3996347.0 0.99906
0.035255 3996345.0 0.99906
0.035259 3996337.0 0.99906
0.035263 3996329.0 0.99906
0.035267 3996327.0 0.99906
0.035271 3996322.0 0.99906
0.035275 3996318.0 0.99906
0.035278 3996308.0 0.99905
0.035282 3996304.0 0.99905
0.035286 3996294.0 0.99905
0.03529 3996290.0 0.99905
0.035294 3996277.0 0.99904
0.035297 3996273.0 0.99904
0.035299 3996272.0 0.99904
0.035301 3996268.0 0.99904
0.035305 3996265.0 0.99904
0.035307 3996264.0 0.99904
0.035309 3996260.0 0.99904
0.035313 3996255.0 0.99904
0.035316 3996244.0 0.99904
0.035318 3996243.0 0.99904
0.03532 3996237.0 0.99903
0.035324 3996224.0 0.99903
0.035328 3996219.0 0.99903
0.035332 3996214.0 0.99903
0.035336 3996211.0 0.99903
0.035339 3996199.0 0.99903
0.035343 3996195.0 0.99902
0.035347 3996191.0 0.99902
0.035351 3996185.0 0.99902
0.035353 3996184.0 0.99902
0.035355 3996176.0 0.99902
0.035358 3996171.0 0.99902
0.035362 3996166.0 0.99902
0.035366 3996163.0 0.99902
0.03537 3996150.0 0.99901
0.035374 3996144.0 0.99901
0.035378 3996130.0 0.99901
0.035379 3996129.0 0.99901
0.035381 3996125.0 0.99901
0.035385 3996117.0 0.999
0.035387 3996116.0 0.999
0.035389 3996111.0 0.999
0.035393 3996103.0 0.999
0.035397 3996101.0 0.999
0.0354 3996096.0 0.999
0.035404 3996089.0 0.999
0.035408 3996084.0 0.999
0.035412 3996082.0 0.999
0.035416 3996074.0 0.99899
0.035418 3996073.0 0.99899
0.035419 3996069.0 0.99899
0.035423 3996068.0 0.99899
0.035427 3996066.0 0.99899
0.035429 3996065.0 0.99899
0.035431 3996060.0 0.99899
0.035433 3996059.0 0.99899
0.035435 3996053.0 0.99899
0.035439 3996047.0 0.99899
0.035442 3996044.0 0.99899
0.035444 3996043.0 0.99899
0.035446 3996031.0 0.99898
0.03545 3996030.0 0.99898
0.035454 3996021.0 0.99898
0.035458 3996017.0 0.99898
0.035461 3996013.0 0.99898
0.035463 3996012.0 0.99898
0.035465 3996006.0 0.99898
0.035469 3995999.0 0.99898
0.035473 3995993.0 0.99897
0.035477 3995990.0 0.99897
0.03548 3995987.0 0.99897
0.035484 3995977.0 0.99897
0.035488 3995972.0 0.99897
0.035492 3995964.0 0.99897
0.035496 3995960.0 0.99897
0.0355 3995955.0 0.99896
0.035503 3995951.0 0.99896
0.035507 3995941.0 0.99896
0.035509 3995940.0 0.99896
0.035511 3995934.0 0.99896
0.035515 3995924.0 0.99896
0.035519 3995915.0 0.99895
0.035522 3995910.0 0.99895
0.035526 3995907.0 0.99895
0.03553 3995902.0 0.99895
0.035534 3995897.0 0.99895
0.035536 3995896.0 0.99895
0.035538 3995891.0 0.99895
0.035542 3995888.0 0.99895
0.035543 3995887.0 0.99895
0.035545 3995880.0 0.99895
0.035549 3995875.0 0.99894
0.035553 3995867.0 0.99894
0.035557 3995864.0 0.99894
0.035561 3995857.0 0.99894
0.035563 3995855.0 0.99894
0.035564 3995850.0 0.99894
0.035568 3995846.0 0.99894
0.035572 3995842.0 0.99894
0.035576 3995832.0 0.99893
0.03558 3995830.0 0.99893
0.035582 3995829.0 0.99893
0.035583 3995824.0 0.99893
0.035587 3995821.0 0.99893
0.035589 3995820.0 0.99893
0.035591 3995814.0 0.99893
0.035595 3995808.0 0.99893
0.035597 3995807.0 0.99893
0.035599 3995800.0 0.99893
0.035601 3995799.0 0.99893
0.035603 3995794.0 0.99892
0.035606 3995789.0 0.99892
0.035608 3995788.0 0.99892
0.03561 3995784.0 0.99892
0.035612 3995783.0 0.99892
0.035614 3995779.0 0.99892
0.035618 3995778.0 0.99892
0.03562 3995777.0 0.99892
0.035622 3995767.0 0.99892
0.035625 3995760.0 0.99892
0.035629 3995756.0 0.99891
0.035633 3995749.0 0.99891
0.035637 3995742.0 0.99891
0.035641 3995732.0 0.99891
0.035645 3995727.0 0.99891
0.035646 3995724.0 0.99891
0.035648 3995718.0 0.99891
0.035652 3995713.0 0.9989
0.035654 3995712.0 0.9989
0.035656 3995704.0 0.9989
0.035658 3995703.0 0.9989
0.03566 3995701.0 0.9989
0.035664 3995696.0 0.9989
0.035667 3995690.0 0.9989
0.035671 3995687.0 0.9989
0.035675 3995681.0 0.9989
0.035679 3995679.0 0.9989
0.035683 3995676.0 0.99889
0.035686 3995672.0 0.99889
0.035688 3995670.0 0.99889
0.035692 3995669.0 0.99889
0.035694 3995666.0 0.99889
0.035698 3995661.0 0.99889
0.035702 3995659.0 0.99889
0.035706 3995648.0 0.99889
0.035709 3995641.0 0.99889
0.035713 3995636.0 0.99888
0.035715 3995635.0 0.99888
0.035717 3995628.0 0.99888
0.035721 3995623.0 0.99888
0.035723 3995622.0 0.99888
0.035725 3995616.0 0.99888
0.035728 3995611.0 0.99888
0.035732 3995606.0 0.99888
0.035736 3995600.0 0.99888
0.03574 3995598.0 0.99888
0.035744 3995591.0 0.99887
0.035746 3995590.0 0.99887
0.035748 3995580.0 0.99887
0.035749 3995579.0 0.99887
0.035751 3995571.0 0.99887
0.035755 3995569.0 0.99887
0.035757 3995568.0 0.99887
0.035759 3995563.0 0.99887
0.035763 3995555.0 0.99886
0.035767 3995554.0 0.99886
0.03577 3995553.0 0.99886
0.035774 3995547.0 0.99886
0.035778 3995543.0 0.99886
0.035782 3995537.0 0.99886
0.035784 3995536.0 0.99886
0.035786 3995528.0 0.99886
0.035789 3995518.0 0.99886
0.035793 3995511.0 0.99885
0.035797 3995507.0 0.99885
0.035801 3995502.0 0.99885
0.035805 3995492.0 0.99885
0.035809 3995487.0 0.99885
0.035812 3995481.0 0.99885
0.035814 3995479.0 0.99885
0.035816 3995475.0 0.99884
0.03582 3995471.0 0.99884
0.035822 3995470.0 0.99884
0.035824 3995465.0 0.99884
0.035826 3995464.0 0.99884
0.035828 3995459.0 0.99884
0.03583 3995458.0 0.99884
0.035831 3995452.0 0.99884
0.035833 3995451.0 0.99884
0.035835 3995446.0 0.99884
0.035839 3995437.0 0.99883
0.035841 3995436.0 0.99883
0.035843 3995427.0 0.99883
0.035847 3995424.0 0.99883
0.035851 3995419.0 0.99883
0.035852 3995418.0 0.99883
0.035854 3995412.0 0.99883
0.035858 3995400.0 0.99883
0.035862 3995396.0 0.99882
0.035866 3995389.0 0.99882
0.035868 3995388.0 0.99882
0.03587 3995383.0 0.99882
0.035873 3995380.0 0.99882
0.035875 3995379.0 0.99882
0.035877 3995374.0 0.99882
0.035881 3995369.0 0.99882
0.035885 3995365.0 0.99882
0.035889 3995360.0 0.99882
0.035892 3995353.0 0.99881
0.035894 3995352.0 0.99881
0.035896 3995345.0 0.99881
0.0359 3995340.0 0.99881
0.035904 3995338.0 0.99881
0.035906 3995337.0 0.99881
0.035908 3995331.0 0.99881
0.035912 3995326.0 0.99881
0.035915 3995320.0 0.99881
0.035919 3995314.0 0.9988
0.035923 3995308.0 0.9988
0.035925 3995307.0 0.9988
0.035927 3995303.0 0.9988
0.035929 3995302.0 0.9988
0.035931 3995300.0 0.9988
0.035933 3995299.0 0.9988
0.035934 3995297.0 0.9988
0.035938 3995293.0 0.9988
0.035942 3995290.0 0.9988
0.035946 3995281.0 0.9988
0.03595 3995273.0 0.99879
0.035954 3995263.0 0.99879
0.035957 3995257.0 0.99879
0.035959 3995256.0 0.99879
0.035961 3995252.0 0.99879
0.035965 3995246.0 0.99879
0.035969 3995239.0 0.99879
0.035973 3995237.0 0.99878
0.035976 3995225.0 0.99878
0.03598 3995222.0 0.99878
0.035984 3995218.0 0.99878
0.035986 3995217.0 0.99878
0.035988 3995215.0 0.99878
0.03599 3995213.0 0.99878
0.035992 3995210.0 0.99878
0.035995 3995202.0 0.99878
0.035999 3995198.0 0.99878
0.036001 3995197.0 0.99877
0.036003 3995191.0 0.99877
0.036007 3995187.0 0.99877
0.036011 3995181.0 0.99877
0.036015 3995176.0 0.99877
0.036018 3995170.0 0.99877
0.03602 3995169.0 0.99877
0.036022 3995167.0 0.99877
0.036026 3995163.0 0.99877
0.03603 3995161.0 0.99877
0.036032 3995160.0 0.99877
0.036034 3995149.0 0.99876
0.036037 3995143.0 0.99876
0.036041 3995133.0 0.99876
0.036045 3995126.0 0.99876
0.036049 3995118.0 0.99876
0.036053 3995114.0 0.99875
0.036057 3995108.0 0.99875
0.036058 3995107.0 0.99875
0.03606 3995102.0 0.99875
0.036064 3995098.0 0.99875
0.036068 3995094.0 0.99875
0.03607 3995093.0 0.99875
0.036072 3995090.0 0.99875
0.036076 3995086.0 0.99875
0.036079 3995082.0 0.99875
0.036083 3995078.0 0.99875
0.036087 3995069.0 0.99874
0.036089 3995068.0 0.99874
0.036091 3995063.0 0.99874
0.036095 3995062.0 0.99874
0.036098 3995056.0 0.99874
0.036102 3995049.0 0.99874
0.036106 3995045.0 0.99874
0.03611 3995038.0 0.99874
0.036114 3995034.0 0.99873
0.036118 3995026.0 0.99873
0.036121 3995022.0 0.99873
0.036125 3995012.0 0.99873
0.036129 3995007.0 0.99873
0.036131 3995006.0 0.99873
0.036133 3994999.0 0.99873
0.036137 3994995.0 0.99872
0.036139 3994994.0 0.99872
0.03614 3994985.0 0.99872
0.036144 3994972.0 0.99872
0.036148 3994966.0 0.99872
0.036152 3994960.0 0.99872
0.036156 3994952.0 0.99871
0.03616 3994947.0 0.99871
0.036163 3994940.0 0.99871
0.036167 3994936.0 0.99871
0.036171 3994929.0 0.99871
0.036175 3994923.0 0.99871
0.036179 3994921.0 0.99871
0.036182 3994917.0 0.9987
0.036186 3994912.0 0.9987
0.03619 3994909.0 0.9987
0.036194 3994903.0 0.9987
0.036198 3994899.0 0.9987
0.036201 3994895.0 0.9987
0.036205 3994893.0 0.9987
0.036209 3994889.0 0.9987
0.036211 3994888.0 0.9987
0.036213 3994884.0 0.9987
0.036217 3994877.0 0.99869
0.036221 3994872.0 0.99869
0.036224 3994867.0 0.99869
0.036228 3994861.0 0.99869
0.036232 3994854.0 0.99869
0.036236 3994848.0 0.99869
0.036238 3994847.0 0.99869
0.03624 3994837.0 0.99868
0.036243 3994834.0 0.99868
0.036247 3994827.0 0.99868
0.036251 3994820.0 0.99868
0.036253 3994819.0 0.99868
0.036255 3994808.0 0.99868
0.036259 3994805.0 0.99868
0.036263 3994797.0 0.99867
0.036264 3994796.0 0.99867
0.036266 3994792.0 0.99867
0.03627 3994786.0 0.99867
0.036274 3994783.0 0.99867
0.036278 3994776.0 0.99867
0.03628 3994774.0 0.99867
0.036282 3994771.0 0.99867
0.036285 3994765.0 0.99867
0.036287 3994764.0 0.99867
0.036289 3994760.0 0.99867
0.036293 3994757.0 0.99866
0.036295 3994756.0 0.99866
0.036297 3994754.0 0.99866
0.036301 3994745.0 0.99866
0.036304 3994741.0 0.99866
0.036308 3994735.0 0.99866
0.036312 3994730.0 0.99866
0.036316 3994724.0 0.99866
0.03632 3994720.0 0.99866
0.036324 3994714.0 0.99865
0.036325 3994713.0 0.99865
0.036327 3994709.0 0.99865
0.036331 3994705.0 0.99865
0.036335 3994699.0 0.99865
0.036339 3994690.0 0.99865
0.036341 3994689.0 0.99865
0.036343 3994681.0 0.99865
0.036345 3994680.0 0.99865
0.036346 3994674.0 0.99864
0.03635 3994671.0 0.99864
0.036354 3994665.0 0.99864
0.036356 3994664.0 0.99864
0.036358 3994659.0 0.99864
0.036362 3994655.0 0.99864
0.036366 3994650.0 0.99864
0.036369 3994646.0 0.99864
0.036371 3994645.0 0.99864
0.036373 3994641.0 0.99864
0.036377 3994639.0 0.99864
0.036381 3994636.0 0.99863
0.036383 3994635.0 0.99863
0.036385 3994630.0 0.99863
0.036388 3994627.0 0.99863
0.036392 3994622.0 0.99863
0.036394 3994621.0 0.99863
0.036396 3994616.0 0.99863
0.036398 3994615.0 0.99863
0.0364 3994608.0 0.99863
0.036404 3994603.0 0.99863
0.036407 3994594.0 0.99862
0.036411 3994589.0 0.99862
0.036415 3994584.0 0.99862
0.036417 3994583.0 0.99862
0.036419 3994580.0 0.99862
0.036423 3994572.0 0.99862
0.036427 3994565.0 0.99862
0.03643 3994563.0 0.99862
0.036434 3994560.0 0.99862
0.036438 3994553.0 0.99861
0.03644 3994552.0 0.99861
0.036442 3994547.0 0.99861
0.036446 3994542.0 0.99861
0.036449 3994536.0 0.99861
0.036451 3994535.0 0.99861
0.036453 3994530.0 0.99861
0.036457 3994525.0 0.99861
0.036461 3994516.0 0.9986
0.036465 3994512.0 0.9986
0.036469 3994509.0 0.9986
0.036472 3994502.0 0.9986
0.036474 3994501.0 0.9986
0.036476 3994490.0 0.9986
0.036478 3994489.0 0.9986
0.03648 3994485.0 0.9986
0.036484 3994476.0 0.99859
0.036488 3994473.0 0.99859
0.036489 3994472.0 0.99859
0.036491 3994468.0 0.99859
0.036495 3994465.0 0.99859
0.036499 3994454.0 0.99859
0.036503 3994446.0 0.99859
0.036507 3994441.0 0.99859
0.03651 3994435.0 0.99858
0.036514 3994432.0 0.99858
0.036518 3994431.0 0.99858
0.036522 3994423.0 0.99858
0.036524 3994422.0 0.99858
0.036526 3994420.0 0.99858
0.036528 3994419.0 0.99858
0.03653 3994416.0 0.99858
0.036533 3994409.0 0.99858
0.036537 3994406.0 0.99858
0.036541 3994402.0 0.99858
0.036545 3994397.0 0.99857
0.036549 3994395.0 0.99857
0.036552 3994389.0 0.99857
0.036554 3994387.0 0.99857
0.036556 3994386.0 0.99857
0.03656 3994374.0 0.99857
0.036564 3994370.0 0.99857
0.036568 3994360.0 0.99857
0.036572 3994356.0 0.99856
0.036573 3994354.0 0.99856
0.036575 3994344.0 0.99856
0.036579 3994339.0 0.99856
0.036583 3994327.0 0.99856
0.036587 3994316.0 0.99855
0.036591 3994306.0 0.99855
0.036594 3994304.0 0.99855
0.036598 3994292.0 0.99855
0.0366 3994291.0 0.99855
0.036602 3994290.0 0.99855
0.036606 3994281.0 0.99855
0.036608 3994280.0 0.99855
0.03661 3994275.0 0.99854
0.036613 3994269.0 0.99854
0.036617 3994262.0 0.99854
0.036621 3994251.0 0.99854
0.036625 3994245.0 0.99854
0.036629 3994237.0 0.99853
0.036633 3994229.0 0.99853
0.036636 3994216.0 0.99853
0.03664 3994214.0 0.99853
0.036644 3994209.0 0.99853
0.036648 3994204.0 0.99853
0.03665 3994203.0 0.99853
0.036652 3994193.0 0.99852
0.036655 3994189.0 0.99852
0.036659 3994183.0 0.99852
0.036663 3994178.0 0.99852
0.036667 3994172.0 0.99852
0.036671 3994167.0 0.99852
0.036673 3994166.0 0.99852
0.036674 3994161.0 0.99852
0.036678 3994159.0 0.99852
0.036682 3994155.0 0.99851
0.036686 3994153.0 0.99851
0.036688 3994152.0 0.99851
0.03669 3994145.0 0.99851
0.036692 3994144.0 0.99851
0.036694 3994136.0 0.99851
0.036697 3994128.0 0.99851
0.036701 3994126.0 0.99851
0.036705 3994122.0 0.99851
0.036707 3994121.0 0.99851
0.036709 3994113.0 0.9985
0.036713 3994100.0 0.9985
0.036716 3994096.0 0.9985
0.03672 3994088.0 0.9985
0.036724 3994083.0 0.9985
0.036726 3994081.0 0.9985
0.036728 3994075.0 0.99849
0.036732 3994072.0 0.99849
0.036734 3994071.0 0.99849
0.036736 3994065.0 0.99849
0.036739 3994059.0 0.99849
0.036741 3994058.0 0.99849
0.036743 3994050.0 0.99849
0.036745 3994049.0 0.99849
0.036747 3994043.0 0.99849
0.036751 3994037.0 0.99848
0.036755 3994032.0 0.99848
0.036758 3994029.0 0.99848
0.036762 3994024.0 0.99848
0.036766 3994013.0 0.99848
0.03677 3994010.0 0.99848
0.036774 3993998.0 0.99848
0.036777 3993993.0 0.99847
0.036781 3993985.0 0.99847
0.036785 3993979.0 0.99847
0.036789 3993971.0 0.99847
0.036797 3993962.0 0.99847
0.0368 3993954.0 0.99846
0.036804 3993947.0 0.99846
0.036808 3993941.0 0.99846
0.036812 3993931.0 0.99846
0.036816 3993928.0 0.99846
0.036819 3993917.0 0.99845
0.036823 3993911.0 0.99845
0.036825 3993910.0 0.99845
0.036827 3993901.0 0.99845
0.036831 3993897.0 0.99845
0.036835 3993891.0 0.99845
0.036839 3993889.0 0.99845
0.036842 3993879.0 0.99845
0.036846 3993875.0 0.99844
0.03685 3993864.0 0.99844
0.036854 3993863.0 0.99844
0.036858 3993856.0 0.99844
0.03686 3993855.0 0.99844
0.036861 3993853.0 0.99844
0.036865 3993840.0 0.99844
0.036869 3993835.0 0.99843
0.036873 3993828.0 0.99843
0.036875 3993827.0 0.99843
0.036877 3993826.0 0.99843
0.03688 3993817.0 0.99843
0.036884 3993809.0 0.99843
0.036888 3993802.0 0.99843
0.036892 3993798.0 0.99843
0.036896 3993789.0 0.99842
0.0369 3993786.0 0.99842
0.036903 3993775.0 0.99842
0.036907 3993770.0 0.99842
0.036911 3993760.0 0.99842
0.036915 3993756.0 0.99841
0.036917 3993755.0 0.99841
0.036919 3993746.0 0.99841
0.036921 3993745.0 0.99841
0.036922 3993742.0 0.99841
0.036926 3993735.0 0.99841
0.03693 3993733.0 0.99841
0.036934 3993727.0 0.99841
0.036938 3993724.0 0.99841
0.036942 3993713.0 0.9984
0.036945 3993711.0 0.9984
0.036949 3993694.0 0.9984
0.036953 3993691.0 0.9984
0.036955 3993690.0 0.9984
0.036957 3993683.0 0.9984
0.036961 3993678.0 0.9984
0.036964 3993665.0 0.99839
0.036968 3993659.0 0.99839
0.036972 3993649.0 0.99839
0.036976 3993646.0 0.99839
0.036978 3993645.0 0.99839
0.03698 3993635.0 0.99838
0.036983 3993630.0 0.99838
0.036987 3993619.0 0.99838
0.036991 3993617.0 0.99838
0.036995 3993612.0 0.99838
0.036999 3993607.0 0.99838
0.037003 3993595.0 0.99837
0.037006 3993592.0 0.99837
0.03701 3993579.0 0.99837
0.037014 3993576.0 0.99837
0.037018 3993570.0 0.99837
0.037022 3993568.0 0.99837
0.037025 3993557.0 0.99836
0.037029 3993552.0 0.99836
0.037033 3993545.0 0.99836
0.037037 3993542.0 0.99836
0.037039 3993541.0 0.99836
0.037041 3993526.0 0.99836
0.037045 3993522.0 0.99836
0.037048 3993509.0 0.99835
0.037052 3993506.0 0.99835
0.037056 3993497.0 0.99835
0.037058 3993496.0 0.99835
0.03706 3993493.0 0.99835
0.037064 3993479.0 0.99835
0.037067 3993476.0 0.99834
0.037071 3993465.0 0.99834
0.037079 3993455.0 0.99834
0.037083 3993451.0 0.99834
0.037085 3993450.0 0.99834
0.037086 3993445.0 0.99834
0.03709 3993444.0 0.99834
0.037094 3993432.0 0.99833
0.037098 3993424.0 0.99833
0.037102 3993411.0 0.99833
0.037106 3993408.0 0.99833
0.037109 3993394.0 0.99832
0.037113 3993390.0 0.99832
0.037117 3993380.0 0.99832
0.037121 3993378.0 0.99832
0.037125 3993363.0 0.99832
0.037128 3993356.0 0.99831
0.037132 3993351.0 0.99831
0.037136 3993346.0 0.99831
0.03714 3993334.0 0.99831
0.037144 3993330.0 0.99831
0.037148 3993321.0 0.99831
0.037151 3993316.0 0.9983
0.037155 3993309.0 0.9983
0.037159 3993305.0 0.9983
0.037163 3993298.0 0.9983
0.037167 3993292.0 0.9983
0.03717 3993279.0 0.9983
0.037174 3993276.0 0.99829
0.037178 3993269.0 0.99829
0.037182 3993266.0 0.99829
0.037184 3993265.0 0.99829
0.037186 3993250.0 0.99829
0.037189 3993247.0 0.99829
0.037193 3993241.0 0.99829
0.037197 3993239.0 0.99829
0.037201 3993224.0 0.99828
0.037205 3993222.0 0.99828
0.037209 3993215.0 0.99828
0.037212 3993210.0 0.99828
0.037216 3993196.0 0.99827
0.03722 3993191.0 0.99827
0.037224 3993177.0 0.99827
0.037228 3993172.0 0.99827
0.037231 3993163.0 0.99827
0.037235 3993154.0 0.99826
0.037239 3993147.0 0.99826
0.037243 3993142.0 0.99826
0.037247 3993130.0 0.99826
0.037251 3993125.0 0.99826
0.037254 3993117.0 0.99825
0.037258 3993111.0 0.99825
0.037262 3993098.0 0.99825
0.037264 3993097.0 0.99825
0.037266 3993093.0 0.99825
0.03727 3993082.0 0.99825
0.037273 3993079.0 0.99825
0.037277 3993068.0 0.99824
0.037281 3993063.0 0.99824
0.037285 3993050.0 0.99824
0.037289 3993044.0 0.99824
0.037292 3993032.0 0.99823
0.037296 3993029.0 0.99823
0.0373 3993016.0 0.99823
0.037304 3993011.0 0.99823
0.037308 3992998.0 0.99823
0.037312 3992992.0 0.99822
0.037315 3992981.0 0.99822
0.037319 3992979.0 0.99822
0.037323 3992972.0 0.99822
0.037327 3992969.0 0.99822
0.037331 3992964.0 0.99822
0.037334 3992961.0 0.99822
0.037338 3992948.0 0.99821
0.037342 3992947.0 0.99821
0.037346 3992933.0 0.99821
0.03735 3992929.0 0.99821
0.037354 3992922.0 0.99821
0.037357 3992920.0 0.99821
0.037361 3992911.0 0.9982
0.037365 3992908.0 0.9982
0.037369 3992891.0 0.9982
0.037373 3992890.0 0.9982
0.037376 3992878.0 0.9982
0.03738 3992873.0 0.99819
0.037384 3992865.0 0.99819
0.037388 3992858.0 0.99819
0.037392 3992847.0 0.99819
0.037395 3992842.0 0.99819
0.037399 3992829.0 0.99818
0.037403 3992827.0 0.99818
0.037407 3992818.0 0.99818
0.037411 3992812.0 0.99818
0.037415 3992804.0 0.99818
0.037418 3992803.0 0.99818
0.037422 3992796.0 0.99817
0.037426 3992794.0 0.99817
0.03743 3992786.0 0.99817
0.037434 3992783.0 0.99817
0.037437 3992769.0 0.99817
0.037441 3992764.0 0.99817
0.037445 3992751.0 0.99816
0.037449 3992747.0 0.99816
0.037453 3992731.0 0.99816
0.037457 3992727.0 0.99816
0.03746 3992721.0 0.99816
0.037464 3992717.0 0.99815
0.037468 3992702.0 0.99815
0.037472 3992699.0 0.99815
0.037476 3992682.0 0.99815
0.037479 3992679.0 0.99815
0.037483 3992659.0 0.99814
0.037487 3992656.0 0.99814
0.037491 3992644.0 0.99814
0.037495 3992642.0 0.99814
0.037498 3992633.0 0.99813
0.037502 3992626.0 0.99813
0.037506 3992615.0 0.99813
0.03751 3992614.0 0.99813
0.037514 3992600.0 0.99813
0.037518 3992597.0 0.99812
0.037521 3992588.0 0.99812
0.037525 3992583.0 0.99812
0.037529 3992568.0 0.99812
0.037533 3992566.0 0.99812
0.037537 3992555.0 0.99811
0.03754 3992549.0 0.99811
0.037544 3992537.0 0.99811
0.037548 3992532.0 0.99811
0.037552 3992519.0 0.99811
0.037556 3992518.0 0.99811
0.03756 3992507.0 0.9981
0.037563 3992505.0 0.9981
0.037567 3992487.0 0.9981
0.037571 3992483.0 0.9981
0.037575 3992472.0 0.99809
0.037579 3992465.0 0.99809
0.03758 3992464.0 0.99809
0.037582 3992447.0 0.99809
0.037586 3992444.0 0.99809
0.03759 3992434.0 0.99808
0.037594 3992432.0 0.99808
0.037598 3992418.0 0.99808
0.037601 3992414.0 0.99808
0.037605 3992403.0 0.99808
0.037609 3992402.0 0.99808
0.037613 3992396.0 0.99807
0.037617 3992391.0 0.99807
0.037621 3992380.0 0.99807
0.037624 3992378.0 0.99807
0.037628 3992369.0 0.99807
0.037632 3992366.0 0.99807
0.037636 3992354.0 0.99806
0.03764 3992352.0 0.99806
0.037643 3992337.0 0.99806
0.037647 3992330.0 0.99806
0.037651 3992317.0 0.99805
0.037659 3992302.0 0.99805
0.037663 3992299.0 0.99805
0.037666 3992284.0 0.99805
0.03767 3992281.0 0.99805
0.037674 3992270.0 0.99804
0.037678 3992268.0 0.99804
0.037682 3992254.0 0.99804
0.037685 3992252.0 0.99804
0.037689 3992242.0 0.99804
0.037693 3992238.0 0.99804
0.037697 3992226.0 0.99803
0.037701 3992225.0 0.99803
0.037704 3992220.0 0.99803
0.037712 3992209.0 0.99803
0.03772 3992200.0 0.99803
0.037724 3992198.0 0.99803
0.037727 3992184.0 0.99802
0.037731 3992179.0 0.99802
0.037735 3992164.0 0.99802
0.037739 3992162.0 0.99802
0.037743 3992153.0 0.99801
0.037746 3992151.0 0.99801
0.03775 3992134.0 0.99801
0.037754 3992132.0 0.99801
0.037758 3992119.0 0.99801
0.037762 3992118.0 0.99801
0.037766 3992102.0 0.998
0.037769 3992100.0 0.998
0.037773 3992090.0 0.998
0.037777 3992087.0 0.998
0.037781 3992074.0 0.99799
0.037785 3992071.0 0.99799
0.037788 3992060.0 0.99799
0.037792 3992059.0 0.99799
0.037796 3992046.0 0.99799
0.0378 3992043.0 0.99799
0.037804 3992032.0 0.99798
0.037807 3992028.0 0.99798
0.037811 3992019.0 0.99798
0.037815 3992017.0 0.99798
0.037819 3992003.0 0.99798
0.037823 3992002.0 0.99798
0.037827 3991992.0 0.99797
0.03783 3991986.0 0.99797
0.037834 3991969.0 0.99797
0.037838 3991967.0 0.99797
0.037842 3991951.0 0.99796
0.037846 3991950.0 0.99796
0.037849 3991938.0 0.99796
0.037857 3991924.0 0.99796
0.037861 3991921.0 0.99796
0.037865 3991907.0 0.99795
0.037868 3991903.0 0.99795
0.037872 3991897.0 0.99795
0.037876 3991893.0 0.99795
0.03788 3991886.0 0.99795
0.037884 3991882.0 0.99795
0.037888 3991871.0 0.99794
0.037891 3991869.0 0.99794
0.037895 3991861.0 0.99794
0.037899 3991860.0 0.99794
0.037903 3991846.0 0.99794
0.037907 3991845.0 0.99794
0.03791 3991825.0 0.99793
0.037914 3991819.0 0.99793
0.037918 3991806.0 0.99793
0.037922 3991805.0 0.99793
0.037926 3991794.0 0.99792
0.03793 3991791.0 0.99792
0.037933 3991777.0 0.99792
0.037937 3991775.0 0.99792
0.037941 3991767.0 0.99792
0.037949 3991759.0 0.99792
0.037952 3991757.0 0.99791
0.037956 3991746.0 0.99791
0.037964 3991735.0 0.99791
0.037968 3991733.0 0.99791
0.037971 3991727.0 0.99791
0.037975 3991724.0 0.99791
0.037979 3991710.0 0.9979
0.037983 3991705.0 0.9979
0.037987 3991689.0 0.9979
0.037991 3991685.0 0.9979
0.037994 3991676.0 0.99789
0.037998 3991675.0 0.99789
0.038002 3991660.0 0.99789
0.038006 3991657.0 0.99789
0.03801 3991647.0 0.99789
0.038013 3991645.0 0.99789
0.038017 3991633.0 0.99788
0.038025 3991622.0 0.99788
0.038029 3991618.0 0.99788
0.038033 3991604.0 0.99788
0.03804 3991596.0 0.99787
0.038044 3991595.0 0.99787
0.038048 3991587.0 0.99787
0.038052 3991583.0 0.99787
0.038055 3991571.0 0.99787
0.038059 3991570.0 0.99787
0.038063 3991561.0 0.99787
0.038067 3991559.0 0.99787
0.038071 3991544.0 0.99786
0.038074 3991542.0 0.99786
0.038078 3991528.0 0.99786
0.038082 3991522.0 0.99786
0.038086 3991513.0 0.99785
0.03809 3991511.0 0.99785
0.038094 3991501.0 0.99785
0.038097 3991500.0 0.99785
0.038101 3991495.0 0.99785
0.038105 3991491.0 0.99785
0.038109 3991485.0 0.99785
0.038113 3991482.0 0.99785
0.038116 3991473.0 0.99784
0.038124 3991462.0 0.99784
0.038132 3991451.0 0.99784
0.038136 3991449.0 0.99784
0.038139 3991437.0 0.99783
0.038147 3991417.0 0.99783
0.038155 3991402.0 0.99783
0.038158 3991401.0 0.99783
0.038162 3991392.0 0.99782
0.03817 3991383.0 0.99782
0.038174 3991381.0 0.99782
0.038177 3991366.0 0.99782
0.038185 3991358.0 0.99782
0.038189 3991357.0 0.99781
0.038193 3991348.0 0.99781
0.0382 3991338.0 0.99781
0.038204 3991337.0 0.99781
0.038208 3991323.0 0.99781
0.038212 3991322.0 0.99781
0.038216 3991313.0 0.9978
0.038219 3991311.0 0.9978
0.038223 3991296.0 0.9978
0.038227 3991295.0 0.9978
0.038231 3991290.0 0.9978
0.038235 3991288.0 0.9978
0.038239 3991270.0 0.99779
0.038242 3991268.0 0.99779
0.038246 3991250.0 0.99779
0.03825 3991248.0 0.99779
0.038254 3991236.0 0.99778
0.038258 3991235.0 0.99778
0.038261 3991228.0 0.99778
0.038265 3991227.0 0.99778
0.038269 3991220.0 0.99778
0.038273 3991218.0 0.99778
0.038277 3991207.0 0.99778
0.03828 3991203.0 0.99778
0.038284 3991197.0 0.99777
0.038288 3991196.0 0.99777
0.038292 3991187.0 0.99777
0.0383 3991178.0 0.99777
0.038303 3991177.0 0.99777
0.038307 3991167.0 0.99777
0.038311 3991165.0 0.99777
0.038315 3991157.0 0.99776
0.038322 3991155.0 0.99776
0.038326 3991154.0 0.99776
0.03833 3991145.0 0.99776
0.038338 3991131.0 0.99776
0.038342 3991130.0 0.99776
0.038345 3991125.0 0.99776
0.038349 3991123.0 0.99776
0.038353 3991115.0 0.99775
0.038357 3991113.0 0.99775
0.038361 3991101.0 0.99775
0.038368 3991091.0 0.99775
0.038376 3991079.0 0.99775
0.03838 3991078.0 0.99775
0.038383 3991072.0 0.99774
0.038391 3991064.0 0.99774
0.038399 3991052.0 0.99774
0.038403 3991051.0 0.99774
0.038406 3991043.0 0.99774
0.03841 3991042.0 0.99774
0.038414 3991037.0 0.99773
0.038418 3991035.0 0.99773
0.038422 3991027.0 0.99773
0.038425 3991026.0 0.99773
0.038429 3991016.0 0.99773
0.038433 3991014.0 0.99773
0.038437 3991009.0 0.99773
0.038441 3991008.0 0.99773
0.038445 3991001.0 0.99773
0.038448 3990999.0 0.99773
0.038452 3990982.0 0.99772
0.038456 3990980.0 0.99772
0.03846 3990974.0 0.99772
0.038464 3990973.0 0.99772
0.038467 3990970.0 0.99772
0.038471 3990969.0 0.99772
0.038475 3990962.0 0.99772
0.038483 3990946.0 0.99771
0.03849 3990934.0 0.99771
0.038494 3990933.0 0.99771
0.038498 3990925.0 0.99771
0.038506 3990916.0 0.9977
0.038509 3990913.0 0.9977
0.038513 3990905.0 0.9977
0.038517 3990904.0 0.9977
0.038521 3990899.0 0.9977
0.038528 3990892.0 0.9977
0.038536 3990885.0 0.9977
0.038544 3990877.0 0.99769
0.038548 3990876.0 0.99769
0.038551 3990867.0 0.99769
0.038559 3990862.0 0.99769
0.038563 3990861.0 0.99769
0.038567 3990853.0 0.99769
0.03857 3990852.0 0.99769
0.038574 3990839.0 0.99769
0.038578 3990838.0 0.99769
0.038582 3990829.0 0.99768
0.038589 3990820.0 0.99768
0.038597 3990819.0 0.99768
0.038601 3990818.0 0.99768
0.038605 3990816.0 0.99768
0.038609 3990815.0 0.99768
0.038612 3990807.0 0.99768
0.038616 3990806.0 0.99768
0.03862 3990794.0 0.99767
0.038628 3990787.0 0.99767
0.038635 3990781.0 0.99767
0.038639 3990777.0 0.99767
0.038643 3990773.0 0.99767
0.038651 3990761.0 0.99767
0.038654 3990758.0 0.99767
0.038658 3990751.0 0.99766
0.038666 3990743.0 0.99766
0.03867 3990742.0 0.99766
0.038673 3990735.0 0.99766
0.038677 3990733.0 0.99766
0.038681 3990723.0 0.99766
0.038685 3990722.0 0.99766
0.038689 3990716.0 0.99765
0.038692 3990715.0 0.99765
0.038696 3990709.0 0.99765
0.0387 3990708.0 0.99765
0.038704 3990702.0 0.99765
0.038708 3990700.0 0.99765
0.038712 3990695.0 0.99765
0.038715 3990694.0 0.99765
0.038719 3990690.0 0.99765
0.038727 3990677.0 0.99764
0.038734 3990665.0 0.99764
0.038742 3990655.0 0.99764
0.03875 3990645.0 0.99764
0.038754 3990644.0 0.99764
0.038757 3990639.0 0.99764
0.038761 3990638.0 0.99764
0.038765 3990629.0 0.99763
0.038773 3990622.0 0.99763
0.038776 3990621.0 0.99763
0.03878 3990614.0 0.99763
0.038788 3990605.0 0.99763
0.038792 3990604.0 0.99763
0.038795 3990596.0 0.99762
0.038803 3990588.0 0.99762
0.038807 3990587.0 0.99762
0.038811 3990585.0 0.99762
0.038815 3990582.0 0.99762
0.038818 3990570.0 0.99762
0.038822 3990569.0 0.99762
0.038826 3990556.0 0.99761
0.03883 3990555.0 0.99761
0.038834 3990551.0 0.99761
0.038841 3990543.0 0.99761
0.038845 3990542.0 0.99761
0.038849 3990532.0 0.99761
0.038853 3990531.0 0.99761
0.038857 3990524.0 0.99761
0.03886 3990523.0 0.99761
0.038864 3990518.0 0.99761
0.038872 3990508.0 0.9976
0.038879 3990502.0 0.9976
0.038883 3990501.0 0.9976
0.038887 3990494.0 0.9976
0.038891 3990493.0 0.9976
0.038895 3990490.0 0.9976
0.038902 3990489.0 0.9976
0.038906 3990488.0 0.9976
0.03891 3990483.0 0.9976
0.038914 3990482.0 0.9976
0.038918 3990481.0 0.9976
0.038925 3990474.0 0.99759
0.038933 3990463.0 0.99759
0.038937 3990461.0 0.99759
0.03894 3990453.0 0.99759
0.038948 3990450.0 0.99759
0.038956 3990448.0 0.99759
0.038963 3990438.0 0.99759
0.038967 3990436.0 0.99758
0.038971 3990428.0 0.99758
0.038979 3990414.0 0.99758
0.038986 3990411.0 0.99758
0.03899 3990410.0 0.99758
0.038994 3990406.0 0.99758
0.039001 3990402.0 0.99758
0.039003 3990401.0 0.99758
0.039009 3990396.0 0.99757
0.039013 3990394.0 0.99757
0.039017 3990391.0 0.99757
0.039021 3990390.0 0.99757
0.039024 3990387.0 0.99757
0.039028 3990386.0 0.99757
0.039032 3990380.0 0.99757
0.03904 3990377.0 0.99757
0.039047 3990369.0 0.99757
0.039051 3990368.0 0.99757
0.039055 3990366.0 0.99757
0.039062 3990359.0 0.99757
0.03907 3990354.0 0.99756
0.039074 3990353.0 0.99756
0.039078 3990345.0 0.99756
0.039082 3990343.0 0.99756
0.039085 3990339.0 0.99756
0.039093 3990334.0 0.99756
0.039097 3990331.0 0.99756
0.039101 3990328.0 0.99756
0.039104 3990327.0 0.99756
0.039108 3990319.0 0.99756
0.039116 3990312.0 0.99755
0.03912 3990310.0 0.99755
0.039124 3990307.0 0.99755
0.039131 3990296.0 0.99755
0.039135 3990295.0 0.99755
0.039139 3990289.0 0.99755
0.039143 3990288.0 0.99755
0.039146 3990283.0 0.99755
0.039154 3990280.0 0.99755
0.039158 3990278.0 0.99755
0.039162 3990273.0 0.99754
0.039165 3990271.0 0.99754
0.039169 3990264.0 0.99754
0.039177 3990256.0 0.99754
0.039185 3990252.0 0.99754
0.039192 3990247.0 0.99754
0.0392 3990239.0 0.99754
0.039207 3990235.0 0.99753
0.039215 3990225.0 0.99753
0.039219 3990222.0 0.99753
0.039223 3990219.0 0.99753
0.039227 3990217.0 0.99753
0.03923 3990213.0 0.99753
0.039234 3990212.0 0.99753
0.039238 3990205.0 0.99753
0.039242 3990203.0 0.99753
0.039246 3990197.0 0.99752
0.039249 3990196.0 0.99752
0.039253 3990188.0 0.99752
0.039261 3990186.0 0.99752
0.039268 3990181.0 0.99752
0.039272 3990180.0 0.99752
0.039276 3990176.0 0.99752
0.03928 3990174.0 0.99752
0.039284 3990165.0 0.99752
0.039288 3990164.0 0.99752
0.039291 3990160.0 0.99752
0.039299 3990155.0 0.99751
0.039307 3990153.0 0.99751
0.039314 3990148.0 0.99751
0.039322 3990145.0 0.99751
0.039326 3990144.0 0.99751
0.03933 3990140.0 0.99751
0.039337 3990137.0 0.99751
0.039341 3990134.0 0.99751
0.039345 3990132.0 0.99751
0.039349 3990130.0 0.99751
0.039352 3990119.0 0.99751
0.03936 3990115.0 0.9975
0.039368 3990109.0 0.9975
0.039375 3990102.0 0.9975
0.039379 3990101.0 0.9975
0.039383 3990099.0 0.9975
0.039391 3990090.0 0.9975
0.039398 3990082.0 0.9975
0.039406 3990075.0 0.99749
0.03941 3990074.0 0.99749
0.039413 3990071.0 0.99749
0.039417 3990070.0 0.99749
0.039421 3990065.0 0.99749
0.039429 3990060.0 0.99749
0.039436 3990055.0 0.99749
0.039444 3990052.0 0.99749
0.039448 3990051.0 0.99749
0.039452 3990047.0 0.99749
0.039459 3990044.0 0.99749
0.039463 3990043.0 0.99749
0.039467 3990040.0 0.99749
0.039471 3990038.0 0.99749
0.039474 3990037.0 0.99748
0.039482 3990032.0 0.99748
0.039486 3990031.0 0.99748
0.03949 3990029.0 0.99748
0.039494 3990028.0 0.99748
0.039497 3990023.0 0.99748
0.039505 3990017.0 0.99748
0.039513 3990014.0 0.99748
0.03952 3990005.0 0.99748
0.039528 3990000.0 0.99748
0.039532 3989998.0 0.99748
0.039536 3989991.0 0.99747
0.039543 3989987.0 0.99747
0.039551 3989982.0 0.99747
0.039558 3989976.0 0.99747
0.039566 3989973.0 0.99747
0.039574 3989969.0 0.99747
0.039577 3989968.0 0.99747
0.039581 3989963.0 0.99747
0.039589 3989958.0 0.99747
0.039593 3989957.0 0.99746
0.039597 3989952.0 0.99746
0.0396 3989951.0 0.99746
0.039604 3989947.0 0.99746
0.039608 3989943.0 0.99746
0.039612 3989940.0 0.99746
0.039616 3989937.0 0.99746
0.039619 3989932.0 0.99746
0.039627 3989929.0 0.99746
0.039635 3989925.0 0.99746
0.039642 3989920.0 0.99746
0.03965 3989919.0 0.99746
0.039658 3989915.0 0.99745
0.039661 3989914.0 0.99745
0.039665 3989909.0 0.99745
0.039673 3989902.0 0.99745
0.03968 3989900.0 0.99745
0.039684 3989899.0 0.99745
0.039688 3989893.0 0.99745
0.039696 3989887.0 0.99745
0.039703 3989881.0 0.99745
0.039711 3989871.0 0.99744
0.039719 3989866.0 0.99744
0.039722 3989865.0 0.99744
0.039726 3989860.0 0.99744
0.039734 3989859.0 0.99744
0.039738 3989858.0 0.99744
0.039742 3989850.0 0.99744
0.039745 3989848.0 0.99744
0.039749 3989844.0 0.99744
0.039757 3989842.0 0.99744
0.039764 3989840.0 0.99744
0.039768 3989839.0 0.99744
0.039772 3989834.0 0.99743
0.039776 3989833.0 0.99743
0.03978 3989830.0 0.99743
0.039787 3989828.0 0.99743
0.039795 3989822.0 0.99743
0.039799 3989821.0 0.99743
0.039803 3989816.0 0.99743
0.03981 3989813.0 0.99743
0.039814 3989812.0 0.99743
0.039818 3989806.0 0.99743
0.039825 3989800.0 0.99743
0.039833 3989795.0 0.99742
0.039837 3989794.0 0.99742
0.039841 3989790.0 0.99742
0.039845 3989789.0 0.99742
0.039848 3989783.0 0.99742
0.039856 3989781.0 0.99742
0.039864 3989776.0 0.99742
0.039867 3989774.0 0.99742
0.039871 3989770.0 0.99742
0.039879 3989764.0 0.99742
0.039886 3989758.0 0.99742
0.03989 3989757.0 0.99741
0.039894 3989755.0 0.99741
0.039902 3989754.0 0.99741
0.039909 3989750.0 0.99741
0.039917 3989740.0 0.99741
0.039921 3989738.0 0.99741
0.039925 3989735.0 0.99741
0.039932 3989728.0 0.99741
0.039936 3989725.0 0.99741
0.03994 3989720.0 0.99741
0.039944 3989719.0 0.99741
0.039948 3989716.0 0.9974
0.039955 3989709.0 0.9974
0.039963 3989706.0 0.9974
0.039967 3989704.0 0.9974
0.03997 3989700.0 0.9974
0.039978 3989695.0 0.9974
0.039982 3989694.0 0.9974
0.039986 3989692.0 0.9974
0.039993 3989691.0 0.9974
0.040001 3989688.0 0.9974
0.040009 3989684.0 0.9974
0.040012 3989683.0 0.9974
0.040016 3989676.0 0.99739
0.040024 3989672.0 0.99739
0.040028 3989671.0 0.99739
0.040031 3989668.0 0.99739
0.040035 3989666.0 0.99739
0.040039 3989660.0 0.99739
0.040043 3989659.0 0.99739
0.040047 3989656.0 0.99739
0.040054 3989651.0 0.99739
0.040062 3989646.0 0.99739
0.04007 3989644.0 0.99739
0.040077 3989639.0 0.99739
0.040081 3989638.0 0.99739
0.040085 3989633.0 0.99738
0.040092 3989631.0 0.99738
0.0401 3989625.0 0.99738
0.040108 3989623.0 0.99738
0.040115 3989616.0 0.99738
0.040119 3989615.0 0.99738
0.040123 3989610.0 0.99738
0.040127 3989609.0 0.99738
0.040131 3989604.0 0.99738
0.040138 3989599.0 0.99738
0.040146 3989590.0 0.99737
0.040154 3989586.0 0.99737
0.040161 3989580.0 0.99737
0.040165 3989579.0 0.99737
0.040169 3989576.0 0.99737
0.040176 3989574.0 0.99737
0.040184 3989572.0 0.99737
0.040192 3989564.0 0.99737
0.040195 3989561.0 0.99737
0.040199 3989559.0 0.99737
0.040207 3989556.0 0.99736
0.040211 3989555.0 0.99736
0.040215 3989553.0 0.99736
0.040218 3989552.0 0.99736
0.040222 3989551.0 0.99736
0.040226 3989550.0 0.99736
0.04023 3989545.0 0.99736
0.040234 3989543.0 0.99736
0.040237 3989541.0 0.99736
0.040245 3989539.0 0.99736
0.040249 3989536.0 0.99736
0.040253 3989533.0 0.99736
0.040257 3989531.0 0.99736
0.04026 3989527.0 0.99736
0.040268 3989521.0 0.99736
0.040272 3989520.0 0.99736
0.040276 3989513.0 0.99735
0.040279 3989512.0 0.99735
0.040283 3989507.0 0.99735
0.040287 3989506.0 0.99735
0.040291 3989503.0 0.99735
0.040295 3989502.0 0.99735
0.040298 3989499.0 0.99735
0.040306 3989498.0 0.99735
0.040314 3989496.0 0.99735
0.040318 3989495.0 0.99735
0.040321 3989489.0 0.99735
0.040329 3989485.0 0.99735
0.040333 3989484.0 0.99735
0.040337 3989479.0 0.99735
0.040344 3989476.0 0.99734
0.040348 3989475.0 0.99734
0.040352 3989471.0 0.99734
0.040356 3989470.0 0.99734
0.040359 3989469.0 0.99734
0.040363 3989468.0 0.99734
0.040367 3989463.0 0.99734
0.040371 3989459.0 0.99734
0.040375 3989452.0 0.99734
0.040379 3989450.0 0.99734
0.040382 3989449.0 0.99734
0.04039 3989443.0 0.99734
0.040394 3989440.0 0.99734
0.040398 3989435.0 0.99733
0.040401 3989434.0 0.99733
0.040405 3989431.0 0.99733
0.040409 3989430.0 0.99733
0.040413 3989425.0 0.99733
0.040421 3989422.0 0.99733
0.040428 3989420.0 0.99733
0.040436 3989417.0 0.99733
0.040443 3989416.0 0.99733
0.040447 3989415.0 0.99733
0.040451 3989413.0 0.99733
0.040455 3989412.0 0.99733
0.040459 3989408.0 0.99733
0.040466 3989403.0 0.99733
0.040474 3989397.0 0.99732
0.040482 3989391.0 0.99732
0.040485 3989389.0 0.99732
0.040489 3989386.0 0.99732
0.040497 3989378.0 0.99732
0.040501 3989376.0 0.99732
0.040504 3989374.0 0.99732
0.040508 3989373.0 0.99732
0.040512 3989370.0 0.99732
0.04052 3989369.0 0.99732
0.040524 3989368.0 0.99732
0.040527 3989365.0 0.99732
0.040531 3989364.0 0.99732
0.040535 3989359.0 0.99732
0.040543 3989355.0 0.99731
0.04055 3989349.0 0.99731
0.040558 3989347.0 0.99731
0.040562 3989346.0 0.99731
0.040565 3989342.0 0.99731
0.040569 3989341.0 0.99731
0.040573 3989339.0 0.99731
0.040581 3989337.0 0.99731
0.040588 3989336.0 0.99731
0.040592 3989335.0 0.99731
0.040596 3989333.0 0.99731
0.040604 3989329.0 0.99731
0.040611 3989324.0 0.99731
0.040615 3989323.0 0.99731
0.040619 3989322.0 0.99731
0.040623 3989321.0 0.99731
0.040627 3989317.0 0.9973
0.040634 3989316.0 0.9973
0.040642 3989311.0 0.9973
0.040646 3989310.0 0.9973
0.040649 3989307.0 0.9973
0.040657 3989303.0 0.9973
0.040665 3989296.0 0.9973
0.040668 3989295.0 0.9973
0.040672 3989293.0 0.9973
0.040676 3989291.0 0.9973
0.04068 3989281.0 0.9973
0.040684 3989279.0 0.9973
0.040688 3989276.0 0.99729
0.040695 3989273.0 0.99729
0.040699 3989272.0 0.99729
0.040703 3989270.0 0.99729
0.04071 3989265.0 0.99729
0.040714 3989263.0 0.99729
0.040718 3989260.0 0.99729
0.040726 3989258.0 0.99729
0.040737 3989257.0 0.99729
0.040741 3989255.0 0.99729
0.040745 3989254.0 0.99729
0.040749 3989252.0 0.99729
0.040752 3989251.0 0.99729
0.040756 3989247.0 0.99729
0.040764 3989243.0 0.99729
0.040771 3989242.0 0.99729
0.040779 3989239.0 0.99729
0.040787 3989237.0 0.99728
0.040794 3989233.0 0.99728
0.040798 3989232.0 0.99728
0.040802 3989230.0 0.99728
0.04081 3989224.0 0.99728
0.040817 3989222.0 0.99728
0.040821 3989221.0 0.99728
0.040825 3989218.0 0.99728
0.040829 3989217.0 0.99728
0.040833 3989214.0 0.99728
0.04084 3989211.0 0.99728
0.040848 3989207.0 0.99728
0.040852 3989205.0 0.99728
0.040855 3989203.0 0.99728
0.040863 3989202.0 0.99728
0.040867 3989201.0 0.99728
0.040871 3989198.0 0.99728
0.040878 3989196.0 0.99727
0.040882 3989195.0 0.99727
0.040886 3989193.0 0.99727
0.04089 3989191.0 0.99727
0.040894 3989185.0 0.99727
0.040901 3989184.0 0.99727
0.040905 3989183.0 0.99727
0.040909 3989182.0 0.99727
0.040916 3989180.0 0.99727
0.04092 3989178.0 0.99727
0.040924 3989177.0 0.99727
0.040932 3989176.0 0.99727
0.040947 3989173.0 0.99727
0.040951 3989172.0 0.99727
0.040955 3989167.0 0.99727
0.040958 3989164.0 0.99727
0.040962 3989161.0 0.99727
0.04097 3989160.0 0.99727
0.040977 3989154.0 0.99726
0.040985 3989153.0 0.99726
0.040993 3989152.0 0.99726
0.040997 3989151.0 0.99726
0.041 3989150.0 0.99726
0.041004 3989149.0 0.99726
0.041008 3989146.0 0.99726
0.041012 3989145.0 0.99726
0.041016 3989142.0 0.99726
0.041023 3989139.0 0.99726
0.041031 3989137.0 0.99726
0.041039 3989136.0 0.99726
0.041046 3989134.0 0.99726
0.041054 3989133.0 0.99726
0.041058 3989131.0 0.99726
0.041061 3989128.0 0.99726
0.041069 3989127.0 0.99726
0.041077 3989125.0 0.99726
0.041084 3989124.0 0.99726
0.041092 3989119.0 0.99726
0.041107 3989117.0 0.99725
0.041115 3989116.0 0.99725
0.041122 3989113.0 0.99725
0.041126 3989112.0 0.99725
0.04113 3989110.0 0.99725
0.041138 3989107.0 0.99725
0.041145 3989103.0 0.99725
0.041153 3989100.0 0.99725
0.041161 3989099.0 0.99725
0.041164 3989098.0 0.99725
0.041168 3989095.0 0.99725
0.041183 3989092.0 0.99725
0.041191 3989087.0 0.99725
0.041199 3989083.0 0.99725
0.041206 3989081.0 0.99725
0.041214 3989078.0 0.99725
0.041218 3989077.0 0.99724
0.041222 3989075.0 0.99724
0.041225 3989073.0 0.99724
0.041229 3989072.0 0.99724
0.041233 3989071.0 0.99724
0.041237 3989070.0 0.99724
0.041245 3989067.0 0.99724
0.041252 3989064.0 0.99724
0.04126 3989059.0 0.99724
0.041267 3989056.0 0.99724
0.041275 3989055.0 0.99724
0.041286 3989053.0 0.99724
0.04129 3989051.0 0.99724
0.041298 3989049.0 0.99724
0.041302 3989048.0 0.99724
0.041306 3989047.0 0.99724
0.041313 3989046.0 0.99724
0.041317 3989045.0 0.99724
0.041328 3989044.0 0.99724
0.041336 3989043.0 0.99724
0.041344 3989042.0 0.99724
0.041359 3989041.0 0.99724
0.041367 3989039.0 0.99724
0.041374 3989037.0 0.99723
0.041378 3989036.0 0.99723
0.041386 3989035.0 0.99723
0.041389 3989033.0 0.99723
0.041397 3989031.0 0.99723
0.041405 3989029.0 0.99723
0.04142 3989026.0 0.99723
0.041435 3989025.0 0.99723
0.041443 3989023.0 0.99723
0.041451 3989021.0 0.99723
0.041454 3989020.0 0.99723
0.04147 3989019.0 0.99723
0.041473 3989016.0 0.99723
0.041477 3989015.0 0.99723
0.041481 3989013.0 0.99723
0.041489 3989010.0 0.99723
0.041496 3989009.0 0.99723
0.041504 3989007.0 0.99723
0.041508 3989006.0 0.99723
0.041512 3989005.0 0.99723
0.041519 3989004.0 0.99723
0.041527 3989002.0 0.99723
0.041542 3989000.0 0.99723
0.04155 3988997.0 0.99722
0.041557 3988995.0 0.99722
0.041565 3988992.0 0.99722
0.041573 3988991.0 0.99722
0.04158 3988990.0 0.99722
0.041611 3988988.0 0.99722
0.041615 3988987.0 0.99722
0.041618 3988986.0 0.99722
0.041626 3988984.0 0.99722
0.041637 3988983.0 0.99722
0.041641 3988981.0 0.99722
0.041656 3988980.0 0.99722
0.041664 3988979.0 0.99722
0.041672 3988975.0 0.99722
0.041679 3988974.0 0.99722
0.041683 3988973.0 0.99722
0.041695 3988972.0 0.99722
0.041702 3988970.0 0.99722
0.04171 3988969.0 0.99722
0.041718 3988966.0 0.99722
0.041725 3988965.0 0.99722
0.041733 3988963.0 0.99722
0.041737 3988962.0 0.99722
0.041748 3988960.0 0.99722
0.041756 3988958.0 0.99722
0.041763 3988957.0 0.99721
0.041779 3988955.0 0.99721
0.041794 3988954.0 0.99721
0.041801 3988953.0 0.99721
0.041809 3988952.0 0.99721
0.041817 3988950.0 0.99721
0.041828 3988949.0 0.99721
0.04184 3988948.0 0.99721
0.041847 3988946.0 0.99721
0.041855 3988945.0 0.99721
0.041878 3988942.0 0.99721
0.041885 3988941.0 0.99721
0.041893 3988940.0 0.99721
0.041901 3988937.0 0.99721
0.041908 3988936.0 0.99721
0.041916 3988935.0 0.99721
0.041924 3988934.0 0.99721
0.041931 3988932.0 0.99721
0.041939 3988931.0 0.99721
0.041946 3988930.0 0.99721
0.041969 3988929.0 0.99721
0.041977 3988927.0 0.99721
0.041985 3988925.0 0.99721
0.042 3988923.0 0.99721
0.042023 3988921.0 0.99721
0.04203 3988920.0 0.99721
0.042038 3988918.0 0.99721
0.042053 3988916.0 0.9972
0.042061 3988914.0 0.9972
0.042068 3988913.0 0.9972
0.042091 3988911.0 0.9972
0.042095 3988910.0 0.9972
0.042114 3988909.0 0.9972
0.042137 3988907.0 0.9972
0.042152 3988906.0 0.9972
0.042168 3988905.0 0.9972
0.042175 3988904.0 0.9972
0.042191 3988901.0 0.9972
0.042198 3988900.0 0.9972
0.042252 3988899.0 0.9972
0.042267 3988898.0 0.9972
0.04229 3988895.0 0.9972
0.042305 3988893.0 0.9972
0.042328 3988890.0 0.9972
0.042358 3988889.0 0.9972
0.042381 3988888.0 0.9972
0.042404 3988887.0 0.9972
0.042412 3988886.0 0.9972
0.042427 3988885.0 0.9972
0.04245 3988883.0 0.9972
0.04248 3988882.0 0.9972
0.042503 3988880.0 0.9972
0.042526 3988878.0 0.9972
0.042534 3988877.0 0.99719
0.042557 3988876.0 0.99719
0.04258 3988875.0 0.99719
0.042587 3988873.0 0.99719
0.042595 3988872.0 0.99719
0.042603 3988871.0 0.99719
0.042618 3988869.0 0.99719
0.042641 3988868.0 0.99719
0.042671 3988867.0 0.99719
0.042679 3988864.0 0.99719
0.042709 3988863.0 0.99719
0.042725 3988861.0 0.99719
0.042755 3988860.0 0.99719
0.04277 3988859.0 0.99719
0.042786 3988857.0 0.99719
0.042793 3988856.0 0.99719
0.042831 3988854.0 0.99719
0.042858 3988853.0 0.99719
0.042892 3988852.0 0.99719
0.042915 3988851.0 0.99719
0.042969 3988850.0 0.99719
0.043007 3988849.0 0.99719
0.043034 3988848.0 0.99719
0.043106 3988846.0 0.99719
0.043114 3988845.0 0.99719
0.043137 3988844.0 0.99719
0.043144 3988843.0 0.99719
0.043152 3988842.0 0.99719
0.043159 3988841.0 0.99719
0.043167 3988840.0 0.99719
0.043182 3988839.0 0.99719
0.04319 3988838.0 0.99719
0.043213 3988837.0 0.99718
0.043228 3988836.0 0.99718
0.043243 3988835.0 0.99718
0.043335 3988834.0 0.99718
0.043388 3988833.0 0.99718
0.043602 3988832.0 0.99718
0.043648 3988831.0 0.99718
0.043716 3988830.0 0.99718
0.043999 3988829.0 0.99718
0.044006 3988828.0 0.99718
0.044106 3988827.0 0.99718
0.044327 3988826.0 0.99718
0.044418 3988825.0 0.99718
0.044556 3988824.0 0.99718
0.044647 3988823.0 0.99718
0.044815 3988822.0 0.99718
0.045021 3988821.0 0.99718
0.045151 3988820.0 0.99718
0.04538 3988819.0 0.99718
0.045898 3988818.0 0.99718
0.047424 3988817.0 0.99718
0.050842 3988816.0 0.99718
0.051575 3988815.0 0.99718
0.069458 3988814.0 0.99718
0.069946 3988813.0 0.99718
0.070435 3988812.0 0.99718
0.070923 3988811.0 0.99718
0.071289 3988810.0 0.99718
0.071411 3988809.0 0.99718
0.07312 3988808.0 0.99718
0.073364 3988807.0 0.99718
0.073486 3988806.0 0.99718
0.074341 3988805.0 0.99718
0.074463 3988804.0 0.99718
0.074829 3988803.0 0.99718
0.074951 3988802.0 0.99718
0.075439 3988801.0 0.99718
0.075867 3988800.0 0.99718
0.075928 3988799.0 0.99718
0.076416 3988798.0 0.99718
0.078003 3988797.0 0.99717
0.080078 3988796.0 0.99717
0.080444 3988795.0 0.99717
0.08313 3988794.0 0.99717
0.083984 3988793.0 0.99717
0.084473 3988792.0 0.99717
0.085205 3988791.0 0.99717
0.08667 3988790.0 0.99717
0.08728 3988789.0 0.99717
0.087646 3988788.0 0.99717
0.09082 3988785.0 0.99717
0.092285 3988784.0 0.99717
0.092651 3988783.0 0.99717
0.092773 3988782.0 0.99717
0.093994 3988781.0 0.99717
0.094482 3988780.0 0.99717
0.096558 3988779.0 0.99717
0.09668 3988778.0 0.99717
0.097168 3988777.0 0.99717
0.09729 3988776.0 0.99717
0.097412 3988774.0 0.99717
0.098389 3988771.0 0.99717
0.099121 3988770.0 0.99717
0.099365 3988769.0 0.99717
0.099487 3988768.0 0.99717
0.099854 3988766.0 0.99717
0.10022 3988765.0 0.99717
0.10095 3988764.0 0.99717
0.10156 3988763.0 0.99717
0.10168 3988762.0 0.99717
0.10217 3988761.0 0.99717
0.10388 3988760.0 0.99717
0.10547 3988759.0 0.99717
0.10742 3988757.0 0.99716
0.10767 3988756.0 0.99716
0.10779 3988755.0 0.99716
0.10913 3988754.0 0.99716
0.11121 3988753.0 0.99716
0.1123 3988752.0 0.99716
0.11255 3988750.0 0.99716
0.11328 3988749.0 0.99716
0.11401 3988748.0 0.99716
0.11743 3988747.0 0.99716
0.11768 3988746.0 0.99716
0.11841 3988745.0 0.99716
0.1189 3988743.0 0.99716
0.12012 3988742.0 0.99716
0.12427 3988741.0 0.99716
0.12573 3988740.0 0.99716
0.12598 3988739.0 0.99716
0.12622 3988738.0 0.99716
0.12646 3988737.0 0.99716
0.12769 3988736.0 0.99716
0.12939 3988735.0 0.99716
0.13501 3988733.0 0.99716
0.13525 3988732.0 0.99716
0.1355 3988731.0 0.99716
0.13574 3988730.0 0.99716
0.13794 3988729.0 0.99716
0.13843 3988728.0 0.99716
0.13916 3988726.0 0.99716
0.13953 3988725.0 0.99716
0.13965 3988724.0 0.99716
0.14136 3988723.0 0.99716
0.14148 3988722.0 0.99716
0.14233 3988721.0 0.99716
0.14294 3988720.0 0.99716
0.1438 3988719.0 0.99716
0.14429 3988718.0 0.99716
0.14966 3988717.0 0.99715
0.15039 3988716.0 0.99715
0.15088 3988715.0 0.99715
0.15137 3988714.0 0.99715
0.15283 3988713.0 0.99715
0.15405 3988712.0 0.99715
0.15454 3988711.0 0.99715
0.15552 3988710.0 0.99715
0.15625 3988709.0 0.99715
0.15723 3988708.0 0.99715
0.15967 3988707.0 0.99715
0.16162 3988706.0 0.99715
0.16211 3988705.0 0.99715
0.16235 3988704.0 0.99715
0.1626 3988703.0 0.99715
0.16504 3988702.0 0.99715
0.1665 3988701.0 0.99715
0.16943 3988700.0 0.99715
0.17114 3988699.0 0.99715
0.17334 3988698.0 0.99715
0.17407 3988695.0 0.99715
0.17529 3988694.0 0.99715
0.17578 3988692.0 0.99715
0.1792 3988691.0 0.99715
0.18689 3988690.0 0.99715
0.18848 3988689.0 0.99715
0.2002 3988688.0 0.99715
0.20215 3988687.0 0.99715
0.20239 3988686.0 0.99715
0.20288 3988685.0 0.99715
0.20361 3988683.0 0.99715
0.2041 3988681.0 0.99715
0.20752 3988679.0 0.99715
0.21118 3988678.0 0.99715
0.21167 3988677.0 0.99714
0.21216 3988676.0 0.99714
0.21265 3988675.0 0.99714
0.21289 3988674.0 0.99714
0.21826 3988673.0 0.99714
0.22144 3988672.0 0.99714
0.22266 3988671.0 0.99714
0.22632 3988670.0 0.99714
0.23169 3988668.0 0.99714
0.23315 3988667.0 0.99714
0.23462 3988666.0 0.99714
0.2417 3988665.0 0.99714
0.24243 3988664.0 0.99714
0.24634 3988663.0 0.99714
0.24927 3988661.0 0.99714
0.25366 3988660.0 0.99714
0.25513 3988659.0 0.99714
0.25708 3988658.0 0.99714
0.25928 3988657.0 0.99714
0.26367 3988656.0 0.99714
0.26733 3988655.0 0.99714
0.26758 3988654.0 0.99714
0.26929 3988653.0 0.99714
0.27148 3988652.0 0.99714
0.2749 3988651.0 0.99714
0.28149 3988650.0 0.99714
0.28247 3988649.0 0.99714
0.2832 3988648.0 0.99714
0.28369 3988647.0 0.99714
0.28564 3988646.0 0.99714
0.28833 3988645.0 0.99714
0.29053 3988644.0 0.99714
0.2915 3988643.0 0.99714
0.29272 3988641.0 0.99714
0.29297 3988640.0 0.99714
0.30029 3988639.0 0.99714
0.31519 3988638.0 0.99714
0.31543 3988637.0 0.99713
0.31665 3988636.0 0.99713
0.3208 3988635.0 0.99713
0.32129 3988634.0 0.99713
0.32495 3988633.0 0.99713
0.32617 3988632.0 0.99713
0.32861 3988631.0 0.99713
0.32959 3988630.0 0.99713
0.33252 3988629.0 0.99713
0.33301 3988628.0 0.99713
0.34717 3988627.0 0.99713
0.34766 3988626.0 0.99713
0.35425 3988625.0 0.99713
0.35547 3988624.0 0.99713
0.36182 3988623.0 0.99713
0.36792 3988622.0 0.99713
0.36841 3988621.0 0.99713
0.37207 3988620.0 0.99713
0.37891 3988619.0 0.99713
0.3811 3988618.0 0.99713
0.38184 3988617.0 0.99713
0.38794 3988616.0 0.99713
0.39282 3988615.0 0.99713
0.3938 3988614.0 0.99713
0.39746 3988613.0 0.99713
0.40039 3988612.0 0.99713
0.40723 3988610.0 0.99713
0.40771 3988609.0 0.99713
0.41235 3988608.0 0.99713
0.41309 3988607.0 0.99713
0.41504 3988606.0 0.99713
0.41528 3988605.0 0.99713
0.41992 3988604.0 0.99713
0.42871 3988603.0 0.99713
0.42944 3988602.0 0.99713
0.43091 3988601.0 0.99713
0.43677 3988600.0 0.99713
0.43726 3988599.0 0.99713
0.44165 3988598.0 0.99713
0.44531 3988597.0 0.99712
0.4458 3988595.0 0.99712
0.45044 3988594.0 0.99712
0.45288 3988593.0 0.99712
0.45459 3988592.0 0.99712
0.46094 3988591.0 0.99712
0.46265 3988590.0 0.99712
0.46777 3988589.0 0.99712
0.46851 3988588.0 0.99712
0.47144 3988587.0 0.99712
0.47168 3988586.0 0.99712
0.47827 3988585.0 0.99712
0.47974 3988584.0 0.99712
0.48322 3988583.0 0.99712
0.4856 3988582.0 0.99712
0.49341 3988581.0 0.99712
0.49951 3988580.0 0.99712
0.5 3988579.0 0.99712
