0.060036 499932.0 1.0
0.06015 499931.0 1.0
0.061172 499930.0 0.99999
0.076248 499929.0 0.99999
0.085274 499928.0 0.99999
0.091576 499927.0 0.99999
0.10291 499926.0 0.99999
0.11481 499925.0 0.99998
0.11532 499924.0 0.99998
0.13222 499923.0 0.99998
0.14824 499922.0 0.99998
0.15714 499921.0 0.99998
0.18818 499920.0 0.99997
0.19796 499919.0 0.99997
0.2011 499918.0 0.99997
0.22581 499917.0 0.99997
0.24226 499916.0 0.99997
0.24795 499915.0 0.99996
0.28353 499914.0 0.99996
0.30112 499913.0 0.99996
0.32262 499912.0 0.99996
0.33241 499911.0 0.99996
0.35493 499910.0 0.99995
0.37133 499909.0 0.99995
0.40186 499908.0 0.99995
0.43639 499907.0 0.99995
0.45625 499906.0 0.99995
0.48106 499905.0 0.99994
