0.058281 1000127.0 1.0
0.07103 1000126.0 1.0
0.077621 1000125.0 1.0
0.08596 1000124.0 1.0
0.10567 1000123.0 0.99999
0.11169 1000122.0 0.99999
0.12785 1000121.0 0.99999
0.13705 1000120.0 0.99999
0.1641 1000119.0 0.99999
0.17844 1000118.0 0.99999
0.19336 1000117.0 0.99999
0.21667 1000116.0 0.99999
0.23078 1000115.0 0.99999
0.26685 1000114.0 0.99999
0.28395 1000113.0 0.99998
0.3015 1000112.0 0.99998
0.33903 1000111.0 0.99998
0.34142 1000110.0 0.99998
0.36835 1000109.0 0.99998
0.40151 1000108.0 0.99998
0.42906 1000107.0 0.99998
0.44309 1000106.0 0.99998
0.48544 1000105.0 0.99998
