0.032776 99981.0 0.99999
0.032837 99979.0 0.99997
0.032898 99977.0 0.99995
0.032959 99973.0 0.99991
0.03299 99971.0 0.99989
0.03302 99967.0 0.99985
0.033051 99966.0 0.99984
0.033081 99964.0 0.99982
0.033112 99963.0 0.99981
0.033142 99954.0 0.99972
0.033173 99953.0 0.99971
0.033203 99946.0 0.99964
0.033234 99945.0 0.99963
0.033264 99936.0 0.99954
0.033325 99925.0 0.99943
0.033356 99923.0 0.99941
0.033386 99919.0 0.99937
0.033417 99918.0 0.99936
0.033447 99911.0 0.99929
0.033508 99902.0 0.9992
0.033539 99899.0 0.99917
0.033569 99889.0 0.99907
0.0336 99886.0 0.99904
0.03363 99878.0 0.99896
0.033661 99876.0 0.99894
0.033691 99870.0 0.99888
0.033752 99863.0 0.99881
0.033813 99859.0 0.99877
0.033844 99856.0 0.99874
0.033875 99852.0 0.9987
0.033936 99848.0 0.99866
0.033966 99847.0 0.99865
0.033997 99841.0 0.99859
0.034027 99838.0 0.99856
0.034058 99834.0 0.99852
0.034088 99832.0 0.9985
0.034119 99830.0 0.99848
0.034149 99828.0 0.99846
0.03418 99819.0 0.99837
0.03421 99813.0 0.99831
0.034241 99806.0 0.99824
0.034271 99803.0 0.99821
0.034302 99798.0 0.99816
0.034332 99797.0 0.99815
0.034363 99796.0 0.99814
0.034393 99794.0 0.99812
0.034424 99790.0 0.99808
0.034454 99788.0 0.99806
0.034485 99781.0 0.99799
0.034515 99778.0 0.99796
0.034546 99771.0 0.99789
0.034576 99770.0 0.99788
0.034607 99768.0 0.99786
0.034637 99766.0 0.99784
0.034668 99765.0 0.99783
0.034698 99764.0 0.99782
0.034729 99761.0 0.99779
0.03476 99760.0 0.99778
0.03479 99758.0 0.99776
0.034821 99756.0 0.99774
0.034851 99752.0 0.9977
0.034882 99743.0 0.99761
0.034912 99742.0 0.9976
0.034943 99741.0 0.99759
0.034973 99740.0 0.99758
0.035004 99737.0 0.99755
0.035034 99736.0 0.99754
0.035095 99731.0 0.99749
0.035126 99729.0 0.99747
0.035156 99725.0 0.99743
0.035187 99721.0 0.99739
0.035217 99718.0 0.99736
0.035248 99715.0 0.99733
0.035278 99710.0 0.99728
0.035309 99704.0 0.99722
0.0354 99702.0 0.9972
0.035431 99701.0 0.99719
0.035492 99699.0 0.99717
0.035522 99696.0 0.99714
0.035553 99694.0 0.99712
0.035583 99692.0 0.9971
0.035614 99689.0 0.99707
0.035645 99686.0 0.99704
0.03566 99685.0 0.99703
0.035675 99682.0 0.997
0.03569 99681.0 0.99699
0.035706 99676.0 0.99694
0.035736 99675.0 0.99693
0.035767 99674.0 0.99692
0.035797 99673.0 0.99691
0.035828 99669.0 0.99687
0.035858 99668.0 0.99686
0.035889 99667.0 0.99685
0.035919 99665.0 0.99683
0.03595 99662.0 0.9968
0.03598 99659.0 0.99677
0.036011 99657.0 0.99675
0.036041 99653.0 0.99671
0.036072 99652.0 0.9967
0.036133 99650.0 0.99668
0.036163 99645.0 0.99663
0.036194 99644.0 0.99662
0.036224 99642.0 0.9966
0.036255 99641.0 0.99659
0.036285 99639.0 0.99657
0.036407 99637.0 0.99655
0.036438 99634.0 0.99652
0.036484 99633.0 0.99651
0.036499 99630.0 0.99648
0.03656 99629.0 0.99647
0.036575 99628.0 0.99646
0.036591 99627.0 0.99645
0.036606 99626.0 0.99644
0.036621 99624.0 0.99642
0.036652 99623.0 0.99641
0.036713 99622.0 0.9964
0.036774 99618.0 0.99636
0.036804 99617.0 0.99635
0.036835 99614.0 0.99632
0.03685 99613.0 0.99631
0.036896 99611.0 0.99629
0.036911 99609.0 0.99627
0.036926 99607.0 0.99625
0.036957 99606.0 0.99624
0.036987 99604.0 0.99622
0.037003 99603.0 0.99621
0.037018 99602.0 0.9962
0.037048 99600.0 0.99618
0.037109 99598.0 0.99616
0.03714 99595.0 0.99613
0.03717 99592.0 0.9961
0.037186 99591.0 0.99609
0.037201 99589.0 0.99607
0.037216 99588.0 0.99606
0.037231 99585.0 0.99603
0.037262 99583.0 0.99601
0.037277 99582.0 0.996
0.037292 99579.0 0.99597
0.037323 99578.0 0.99596
0.037338 99577.0 0.99595
0.037354 99576.0 0.99594
0.037369 99575.0 0.99593
0.037384 99574.0 0.99592
0.037399 99572.0 0.9959
0.037415 99569.0 0.99587
0.037445 99568.0 0.99586
0.037476 99565.0 0.99583
0.037537 99564.0 0.99582
0.037567 99563.0 0.99581
0.037628 99562.0 0.9958
0.037659 99559.0 0.99577
0.037689 99555.0 0.99573
0.03772 99553.0 0.99571
0.037735 99552.0 0.9957
0.03775 99549.0 0.99567
0.037766 99548.0 0.99566
0.037781 99547.0 0.99565
0.037796 99546.0 0.99564
0.037811 99544.0 0.99562
0.037872 99543.0 0.99561
0.037903 99541.0 0.99559
0.037918 99540.0 0.99558
0.037933 99539.0 0.99557
0.037964 99535.0 0.99553
0.037979 99534.0 0.99552
0.037994 99532.0 0.9955
0.03801 99529.0 0.99547
0.038025 99528.0 0.99546
0.038055 99526.0 0.99544
0.038071 99525.0 0.99543
0.038101 99524.0 0.99542
0.038116 99523.0 0.99541
0.038177 99520.0 0.99538
0.038239 99519.0 0.99537
0.038269 99517.0 0.99535
0.0383 99514.0 0.99532
0.038315 99513.0 0.99531
0.03833 99512.0 0.9953
0.038345 99511.0 0.99529
0.038361 99508.0 0.99526
0.038391 99507.0 0.99525
0.038406 99506.0 0.99524
0.038422 99505.0 0.99523
0.038452 99502.0 0.9952
0.038513 99501.0 0.99519
0.038544 99500.0 0.99518
0.038574 99498.0 0.99516
0.038605 99496.0 0.99514
0.038666 99493.0 0.99511
0.038727 99491.0 0.99509
0.038788 99485.0 0.99503
0.038818 99482.0 0.995
0.038849 99477.0 0.99495
0.038864 99476.0 0.99494
0.03891 99473.0 0.99491
0.03894 99471.0 0.99489
0.038971 99470.0 0.99488
0.039032 99468.0 0.99486
0.039062 99466.0 0.99484
0.039093 99462.0 0.9948
0.039108 99461.0 0.99479
0.039139 99460.0 0.99478
0.039154 99459.0 0.99477
0.039185 99458.0 0.99476
0.0392 99457.0 0.99475
0.039215 99455.0 0.99473
0.03923 99453.0 0.99471
0.039246 99451.0 0.99469
0.039276 99450.0 0.99468
0.039337 99448.0 0.99466
0.039352 99447.0 0.99465
0.039383 99446.0 0.99464
0.039429 99444.0 0.99462
0.039459 99443.0 0.99461
0.03949 99442.0 0.9946
0.039505 99441.0 0.99459
0.039566 99440.0 0.99458
0.039597 99439.0 0.99457
0.039612 99438.0 0.99456
0.039642 99436.0 0.99454
0.039719 99435.0 0.99453
0.039734 99433.0 0.99451
0.039764 99431.0 0.99449
0.039795 99429.0 0.99447
0.039825 99428.0 0.99446
0.039841 99427.0 0.99445
0.039856 99426.0 0.99444
0.039886 99425.0 0.99443
0.039902 99424.0 0.99442
0.039932 99423.0 0.99441
0.039948 99422.0 0.9944
0.040009 99420.0 0.99438
0.040039 99419.0 0.99437
0.040054 99417.0 0.99435
0.04007 99415.0 0.99433
0.0401 99414.0 0.99432
0.040131 99413.0 0.99431
0.040146 99412.0 0.9943
0.040161 99409.0 0.99427
0.040192 99408.0 0.99426
0.040207 99407.0 0.99425
0.040314 99405.0 0.99423
0.040344 99404.0 0.99422
0.040359 99403.0 0.99421
0.040375 99401.0 0.99419
0.040405 99399.0 0.99417
0.040466 99398.0 0.99416
0.040482 99397.0 0.99415
0.040497 99395.0 0.99413
0.040527 99393.0 0.99411
0.040558 99391.0 0.99409
0.040604 99390.0 0.99408
0.040619 99387.0 0.99405
0.040649 99385.0 0.99403
0.040665 99383.0 0.99401
0.04068 99381.0 0.99399
0.040695 99380.0 0.99398
0.040741 99379.0 0.99397
0.040802 99378.0 0.99396
0.040833 99377.0 0.99395
0.040863 99376.0 0.99394
0.040894 99375.0 0.99393
0.040924 99374.0 0.99392
0.040955 99373.0 0.99391
0.041046 99371.0 0.99389
0.041077 99369.0 0.99387
0.041107 99367.0 0.99385
0.041138 99365.0 0.99383
0.041153 99364.0 0.99382
0.041183 99363.0 0.99381
0.041229 99361.0 0.99379
0.04126 99359.0 0.99377
0.04129 99358.0 0.99376
0.041321 99357.0 0.99375
0.041351 99356.0 0.99374
0.041382 99355.0 0.99373
0.041412 99354.0 0.99372
0.041428 99353.0 0.99371
0.041443 99351.0 0.99369
0.041504 99350.0 0.99368
0.041519 99349.0 0.99367
0.041534 99348.0 0.99366
0.041565 99347.0 0.99365
0.04158 99346.0 0.99364
0.041595 99345.0 0.99363
0.041626 99344.0 0.99362
0.041641 99343.0 0.99361
0.041779 99342.0 0.9936
0.041901 99341.0 0.99359
0.041992 99340.0 0.99358
0.042023 99339.0 0.99357
0.042053 99338.0 0.99356
0.042068 99337.0 0.99355
0.042084 99336.0 0.99354
0.042114 99335.0 0.99353
0.042191 99334.0 0.99352
0.042206 99333.0 0.99351
0.042252 99332.0 0.9935
0.042267 99331.0 0.99349
0.042297 99330.0 0.99348
0.042328 99329.0 0.99347
0.042358 99327.0 0.99345
0.042419 99326.0 0.99344
0.04245 99324.0 0.99342
0.04248 99323.0 0.99341
0.042511 99322.0 0.9934
0.042542 99321.0 0.99339
0.042664 99320.0 0.99338
0.042725 99319.0 0.99337
0.042755 99318.0 0.99336
0.042786 99317.0 0.99335
0.042816 99315.0 0.99333
0.042847 99311.0 0.99329
0.042908 99310.0 0.99328
0.042969 99306.0 0.99324
0.042999 99305.0 0.99323
0.04303 99303.0 0.99321
0.04306 99301.0 0.99319
0.043091 99300.0 0.99318
0.043152 99299.0 0.99317
0.043182 99297.0 0.99315
0.043213 99295.0 0.99313
0.043243 99294.0 0.99312
0.043274 99293.0 0.99311
0.043304 99291.0 0.99309
0.043335 99288.0 0.99306
0.043365 99287.0 0.99305
0.043381 99286.0 0.99304
0.043427 99285.0 0.99303
0.043518 99284.0 0.99302
0.043533 99283.0 0.99301
0.043549 99282.0 0.993
0.043579 99281.0 0.99299
0.04361 99280.0 0.99298
0.04364 99278.0 0.99296
0.043671 99276.0 0.99294
0.043701 99273.0 0.99291
0.043732 99272.0 0.9929
0.043823 99270.0 0.99288
0.043854 99268.0 0.99286
0.043884 99267.0 0.99285
0.043915 99266.0 0.99284
0.043945 99264.0 0.99282
0.043976 99261.0 0.99279
0.044006 99260.0 0.99278
0.044067 99258.0 0.99276
0.044128 99256.0 0.99274
0.044189 99255.0 0.99273
0.04422 99254.0 0.99272
0.04425 99253.0 0.99271
0.044312 99250.0 0.99268
0.044342 99249.0 0.99267
0.044373 99247.0 0.99265
0.044403 99244.0 0.99262
0.044434 99242.0 0.9926
0.044556 99240.0 0.99258
0.044708 99238.0 0.99256
0.044739 99237.0 0.99255
0.044769 99236.0 0.99254
0.0448 99235.0 0.99253
0.04483 99234.0 0.99252
0.044891 99233.0 0.99251
0.044922 99232.0 0.9925
0.044983 99230.0 0.99248
0.045013 99229.0 0.99247
0.045074 99227.0 0.99245
0.04509 99226.0 0.99244
0.045105 99225.0 0.99243
0.045135 99224.0 0.99242
0.045197 99222.0 0.9924
0.045227 99220.0 0.99238
0.045273 99219.0 0.99237
0.045288 99218.0 0.99236
0.045319 99217.0 0.99235
0.045349 99215.0 0.99233
0.04541 99211.0 0.99229
0.045441 99210.0 0.99228
0.045471 99209.0 0.99227
0.045502 99208.0 0.99226
0.045532 99207.0 0.99225
0.045563 99206.0 0.99224
0.045609 99205.0 0.99223
0.045715 99204.0 0.99222
0.045746 99203.0 0.99221
0.045837 99200.0 0.99218
0.045898 99198.0 0.99216
0.045959 99197.0 0.99215
0.046036 99196.0 0.99214
0.046112 99195.0 0.99213
0.046143 99194.0 0.99212
0.046173 99193.0 0.99211
0.046204 99192.0 0.9921
0.046234 99191.0 0.99209
0.046249 99190.0 0.99208
0.046265 99189.0 0.99207
0.046295 99188.0 0.99206
0.046326 99187.0 0.99205
0.046356 99184.0 0.99202
0.046448 99183.0 0.99201
0.046478 99181.0 0.99199
0.046539 99180.0 0.99198
0.046677 99179.0 0.99197
0.046814 99176.0 0.99194
0.046936 99173.0 0.99191
0.047058 99172.0 0.9919
0.04718 99171.0 0.99189
0.047211 99170.0 0.99188
0.047241 99169.0 0.99187
0.047302 99167.0 0.99185
0.047363 99166.0 0.99184
0.047607 99165.0 0.99183
0.047729 99164.0 0.99182
0.047791 99163.0 0.99181
0.048035 99162.0 0.9918
0.048126 99160.0 0.99178
0.048157 99157.0 0.99175
0.048218 99155.0 0.99173
0.048279 99154.0 0.99172
0.048325 99153.0 0.99171
0.048401 99152.0 0.9917
0.048462 99150.0 0.99168
0.048492 99149.0 0.99167
0.048553 99148.0 0.99166
0.048584 99147.0 0.99165
0.048645 99146.0 0.99164
0.048676 99145.0 0.99163
0.048706 99143.0 0.99161
0.048737 99142.0 0.9916
0.048798 99140.0 0.99158
0.048828 99139.0 0.99157
0.048859 99138.0 0.99156
0.04895 99137.0 0.99155
0.048981 99136.0 0.99154
0.049011 99135.0 0.99153
0.049072 99134.0 0.99152
0.049133 99133.0 0.99151
0.049255 99132.0 0.9915
0.049316 99131.0 0.99149
0.049377 99130.0 0.99148
0.049438 99129.0 0.99147
0.0495 99127.0 0.99145
0.04953 99126.0 0.99144
0.049622 99124.0 0.99142
0.049683 99122.0 0.9914
0.049866 99121.0 0.99139
0.049927 99117.0 0.99135
0.050049 99116.0 0.99134
0.050171 99115.0 0.99133
0.050293 99114.0 0.99132
0.050385 99113.0 0.99131
0.050842 99111.0 0.99129
0.050873 99110.0 0.99128
0.050964 99109.0 0.99127
0.051086 99107.0 0.99125
0.051178 99106.0 0.99124
0.051331 99105.0 0.99123
0.051453 99103.0 0.99121
0.051636 99102.0 0.9912
0.051727 99101.0 0.99119
0.051941 99100.0 0.99118
0.052368 99098.0 0.99116
0.052399 99097.0 0.99115
0.052551 99096.0 0.99114
0.052734 99095.0 0.99113
0.052826 99094.0 0.99112
0.052856 99093.0 0.99111
0.053101 99091.0 0.99109
0.053223 99089.0 0.99107
0.053284 99087.0 0.99105
0.053406 99086.0 0.99104
0.053528 99085.0 0.99103
0.053619 99084.0 0.99102
0.05365 99083.0 0.99101
0.053772 99082.0 0.991
0.053894 99081.0 0.99099
0.054016 99080.0 0.99098
0.054199 99079.0 0.99097
0.05423 99078.0 0.99096
0.05426 99077.0 0.99095
0.054291 99076.0 0.99094
0.054504 99075.0 0.99093
0.054565 99074.0 0.99092
0.054626 99073.0 0.99091
0.05481 99072.0 0.9909
0.055054 99070.0 0.99088
0.055176 99069.0 0.99087
0.055237 99067.0 0.99085
0.055298 99066.0 0.99084
0.055359 99064.0 0.99082
0.05542 99063.0 0.99081
0.055542 99061.0 0.99079
0.055603 99060.0 0.99078
0.055725 99058.0 0.99076
0.055878 99057.0 0.99075
0.05603 99056.0 0.99074
0.056152 99054.0 0.99072
0.056519 99053.0 0.99071
0.056641 99052.0 0.9907
0.056824 99051.0 0.99069
0.056885 99049.0 0.99067
0.057129 99048.0 0.99066
0.057434 99047.0 0.99065
0.057678 99046.0 0.99064
0.057739 99044.0 0.99062
0.057983 99043.0 0.99061
0.058105 99042.0 0.9906
0.058136 99041.0 0.99059
0.058289 99040.0 0.99058
0.05835 99039.0 0.99057
0.058899 99038.0 0.99056
0.059021 99036.0 0.99054
0.059143 99035.0 0.99053
0.059204 99034.0 0.99052
0.059265 99033.0 0.99051
0.059448 99032.0 0.9905
0.05954 99031.0 0.99049
0.05957 99030.0 0.99048
0.059753 99029.0 0.99047
0.059814 99028.0 0.99046
0.06012 99027.0 0.99045
0.06073 99026.0 0.99044
0.060791 99025.0 0.99043
0.060913 99024.0 0.99042
0.060974 99023.0 0.99041
0.061035 99022.0 0.9904
0.061462 99020.0 0.99038
0.061523 99019.0 0.99037
0.061584 99018.0 0.99036
0.0625 99017.0 0.99035
0.062531 99016.0 0.99034
0.062866 99015.0 0.99033
0.06311 99014.0 0.99032
0.063782 99013.0 0.99031
0.063843 99012.0 0.9903
0.064087 99011.0 0.99029
0.06427 99009.0 0.99027
0.064514 99008.0 0.99026
0.064819 99007.0 0.99025
0.06488 99006.0 0.99024
0.064941 99005.0 0.99023
0.065063 99004.0 0.99022
0.065186 99003.0 0.99021
0.06543 99002.0 0.9902
0.065674 99001.0 0.99019
0.06665 99000.0 0.99018
0.066895 98999.0 0.99017
0.067139 98998.0 0.99016
0.067383 98997.0 0.99015
0.067505 98996.0 0.99014
0.067871 98995.0 0.99013
0.067993 98994.0 0.99012
0.068054 98993.0 0.99011
0.068115 98992.0 0.9901
0.068359 98991.0 0.99009
0.068481 98990.0 0.99008
0.068604 98988.0 0.99006
0.069092 98986.0 0.99004
0.069519 98984.0 0.99002
0.07019 98981.0 0.98999
0.070312 98980.0 0.98998
0.070557 98979.0 0.98997
0.071167 98978.0 0.98996
0.071228 98977.0 0.98995
0.071411 98976.0 0.98994
0.071716 98974.0 0.98992
0.072144 98973.0 0.98991
0.072266 98972.0 0.9899
0.072632 98969.0 0.98987
0.073364 98967.0 0.98985
0.073608 98966.0 0.98984
0.07373 98965.0 0.98983
0.073853 98963.0 0.98981
0.074158 98962.0 0.9898
0.074219 98960.0 0.98978
0.074341 98959.0 0.98977
0.074829 98958.0 0.98976
0.075134 98957.0 0.98975
0.075195 98956.0 0.98974
0.075806 98955.0 0.98973
0.075928 98954.0 0.98972
0.07605 98953.0 0.98971
0.076416 98952.0 0.9897
0.07666 98951.0 0.98969
0.076782 98950.0 0.98968
0.076904 98948.0 0.98966
0.077026 98946.0 0.98964
0.077881 98945.0 0.98963
0.078125 98944.0 0.98962
0.078735 98943.0 0.98961
0.079163 98942.0 0.9896
0.079712 98941.0 0.98959
0.079834 98940.0 0.98958
0.080322 98939.0 0.98957
0.080811 98938.0 0.98956
0.081543 98937.0 0.98955
0.081665 98936.0 0.98954
0.082397 98935.0 0.98953
0.082458 98934.0 0.98952
0.083008 98933.0 0.98951
0.083252 98932.0 0.9895
0.083374 98931.0 0.98949
0.08374 98930.0 0.98948
0.083862 98929.0 0.98947
0.084229 98928.0 0.98946
0.084595 98927.0 0.98945
0.084961 98926.0 0.98944
0.085205 98925.0 0.98943
0.085449 98924.0 0.98942
0.085571 98923.0 0.98941
0.085693 98922.0 0.9894
0.08606 98921.0 0.98939
0.086304 98920.0 0.98938
0.086426 98919.0 0.98937
0.08667 98918.0 0.98936
0.086792 98917.0 0.98935
0.086914 98916.0 0.98934
0.087524 98915.0 0.98933
0.087646 98914.0 0.98932
0.087769 98913.0 0.98931
0.087891 98912.0 0.9893
0.088074 98911.0 0.98929
0.088501 98910.0 0.98928
0.088623 98909.0 0.98927
0.088745 98908.0 0.98926
0.088867 98906.0 0.98924
0.088989 98904.0 0.98922
0.089233 98903.0 0.98921
0.089355 98902.0 0.9892
0.089478 98900.0 0.98918
0.0896 98899.0 0.98917
0.090088 98898.0 0.98916
0.090576 98897.0 0.98915
0.090698 98896.0 0.98914
0.091187 98895.0 0.98913
0.091309 98894.0 0.98912
0.091675 98892.0 0.9891
0.091919 98890.0 0.98908
0.092041 98889.0 0.98907
0.092285 98888.0 0.98906
0.092407 98887.0 0.98905
0.093018 98886.0 0.98904
0.09314 98885.0 0.98903
0.093506 98881.0 0.98899
0.09375 98880.0 0.98898
0.093872 98879.0 0.98897
0.094116 98878.0 0.98896
0.094238 98876.0 0.98894
0.094482 98875.0 0.98893
0.094849 98873.0 0.98891
0.094971 98870.0 0.98888
0.095093 98869.0 0.98887
0.095215 98868.0 0.98886
0.095703 98867.0 0.98885
0.095825 98866.0 0.98884
0.095947 98865.0 0.98883
0.096313 98864.0 0.98882
0.096436 98863.0 0.98881
0.096802 98862.0 0.9888
0.097168 98861.0 0.98879
0.097412 98860.0 0.98878
0.097656 98859.0 0.98877
0.0979 98858.0 0.98876
0.098145 98856.0 0.98874
0.098633 98855.0 0.98873
0.099365 98853.0 0.98871
0.099609 98851.0 0.98869
0.099731 98850.0 0.98868
0.099854 98849.0 0.98867
0.10083 98848.0 0.98866
0.10132 98846.0 0.98864
0.10156 98845.0 0.98863
0.10181 98844.0 0.98862
0.10205 98843.0 0.98861
0.10229 98842.0 0.9886
0.10242 98841.0 0.98859
0.10327 98840.0 0.98858
0.10352 98838.0 0.98856
0.10364 98837.0 0.98855
0.10376 98836.0 0.98854
0.104 98835.0 0.98853
0.10413 98834.0 0.98852
0.10461 98833.0 0.98851
0.10547 98831.0 0.98849
0.10559 98830.0 0.98848
0.10608 98829.0 0.98847
0.10693 98828.0 0.98846
0.10706 98827.0 0.98845
0.10718 98825.0 0.98843
0.10754 98824.0 0.98842
0.10791 98823.0 0.98841
0.10852 98822.0 0.9884
0.10974 98821.0 0.98839
0.11023 98820.0 0.98838
0.11035 98817.0 0.98835
0.1106 98816.0 0.98834
0.11108 98815.0 0.98833
0.11157 98813.0 0.98831
0.11182 98812.0 0.9883
0.11255 98811.0 0.98829
0.11267 98810.0 0.98828
0.11292 98809.0 0.98827
0.11353 98808.0 0.98826
0.11536 98807.0 0.98825
0.11609 98806.0 0.98824
0.11646 98805.0 0.98823
0.11682 98803.0 0.98821
0.11768 98801.0 0.98819
0.11841 98800.0 0.98818
0.11865 98799.0 0.98817
0.11877 98798.0 0.98816
0.11938 98797.0 0.98815
0.11963 98796.0 0.98814
0.12012 98795.0 0.98813
0.12085 98793.0 0.98811
0.12146 98792.0 0.9881
0.12427 98790.0 0.98808
0.125 98787.0 0.98805
0.12598 98786.0 0.98804
0.12671 98784.0 0.98802
0.12744 98783.0 0.98801
0.12769 98782.0 0.988
0.12817 98781.0 0.98799
0.12842 98780.0 0.98798
0.12939 98779.0 0.98797
0.12952 98778.0 0.98796
0.13062 98776.0 0.98794
0.13086 98774.0 0.98792
0.1311 98773.0 0.98791
0.13232 98771.0 0.98789
0.13257 98770.0 0.98788
0.13379 98769.0 0.98787
0.13403 98766.0 0.98784
0.13501 98764.0 0.98782
0.13672 98763.0 0.98781
0.13696 98762.0 0.9878
0.13721 98761.0 0.98779
0.1377 98760.0 0.98778
0.13818 98759.0 0.98777
0.13916 98758.0 0.98776
0.13965 98757.0 0.98775
0.13989 98756.0 0.98774
0.14233 98755.0 0.98773
0.14502 98754.0 0.98772
0.14575 98753.0 0.98771
0.14722 98751.0 0.98769
0.14795 98750.0 0.98768
0.15063 98749.0 0.98767
0.15186 98748.0 0.98766
0.15283 98747.0 0.98765
0.15625 98746.0 0.98764
0.15649 98744.0 0.98762
0.15674 98743.0 0.98761
0.15723 98742.0 0.9876
0.15918 98741.0 0.98759
0.15942 98740.0 0.98758
0.1604 98739.0 0.98757
0.16064 98738.0 0.98756
0.16089 98737.0 0.98755
0.16162 98736.0 0.98754
0.16187 98735.0 0.98753
0.16211 98734.0 0.98752
0.16235 98733.0 0.98751
0.16382 98732.0 0.9875
0.16699 98730.0 0.98748
0.16748 98729.0 0.98747
0.16992 98728.0 0.98746
0.17017 98727.0 0.98745
0.17065 98726.0 0.98744
0.17529 98725.0 0.98743
0.17554 98724.0 0.98742
0.17603 98723.0 0.98741
0.17627 98722.0 0.9874
0.17773 98721.0 0.98739
0.17969 98720.0 0.98738
0.18091 98719.0 0.98737
0.18164 98718.0 0.98736
0.18579 98717.0 0.98735
0.18701 98716.0 0.98734
0.18994 98715.0 0.98733
0.19165 98714.0 0.98732
0.19336 98713.0 0.98731
0.19775 98712.0 0.9873
0.19922 98711.0 0.98729
0.20044 98710.0 0.98728
0.20117 98709.0 0.98727
0.20728 98708.0 0.98726
0.20825 98707.0 0.98725
0.20874 98706.0 0.98724
0.21118 98705.0 0.98723
0.21338 98704.0 0.98722
0.21362 98703.0 0.98721
0.21484 98702.0 0.9872
0.21582 98701.0 0.98719
0.21899 98700.0 0.98718
0.21924 98699.0 0.98717
0.22119 98698.0 0.98716
0.22144 98697.0 0.98715
0.22168 98696.0 0.98714
0.22339 98695.0 0.98713
0.22583 98694.0 0.98712
0.22607 98693.0 0.98711
0.22852 98692.0 0.9871
0.229 98690.0 0.98708
0.22974 98689.0 0.98707
0.23169 98688.0 0.98706
0.23242 98687.0 0.98705
0.23486 98686.0 0.98704
0.23633 98685.0 0.98703
0.2373 98684.0 0.98702
0.24097 98683.0 0.98701
0.24561 98682.0 0.987
0.24951 98681.0 0.98699
0.25024 98679.0 0.98697
0.25635 98678.0 0.98696
0.25732 98677.0 0.98695
0.26343 98676.0 0.98694
0.26416 98675.0 0.98693
0.26636 98674.0 0.98692
0.27393 98673.0 0.98691
0.2749 98672.0 0.9869
0.27686 98671.0 0.98689
0.28149 98670.0 0.98688
0.28174 98669.0 0.98687
0.28784 98668.0 0.98686
0.29004 98667.0 0.98685
0.29053 98666.0 0.98684
0.2937 98665.0 0.98683
0.29565 98664.0 0.98682
0.2998 98663.0 0.98681
0.30249 98662.0 0.9868
0.3042 98660.0 0.98678
0.30664 98659.0 0.98677
0.30688 98658.0 0.98676
0.30835 98657.0 0.98675
0.31006 98656.0 0.98674
0.31128 98655.0 0.98673
0.31763 98654.0 0.98672
0.32495 98653.0 0.98671
0.32568 98652.0 0.9867
0.32715 98651.0 0.98669
0.32788 98650.0 0.98668
0.34058 98649.0 0.98667
0.34106 98648.0 0.98666
0.34863 98647.0 0.98665
0.34937 98646.0 0.98664
0.35742 98645.0 0.98663
0.35864 98644.0 0.98662
0.36011 98643.0 0.98661
0.36353 98642.0 0.9866
0.36426 98641.0 0.98659
0.36719 98640.0 0.98658
0.36743 98639.0 0.98657
0.36865 98638.0 0.98656
0.3689 98637.0 0.98655
0.37451 98636.0 0.98654
0.37598 98635.0 0.98653
0.38623 98634.0 0.98652
0.38892 98633.0 0.98651
0.38965 98632.0 0.9865
0.40552 98631.0 0.98649
0.40967 98630.0 0.98648
0.41724 98629.0 0.98647
0.41772 98628.0 0.98646
0.41968 98627.0 0.98645
0.43433 98626.0 0.98644
0.44165 98625.0 0.98643
0.44458 98624.0 0.98642
0.448 98623.0 0.98641
0.44946 98622.0 0.9864
0.45679 98621.0 0.98639
0.46045 98620.0 0.98638
0.4624 98619.0 0.98637
0.4668 98618.0 0.98636
0.47363 98617.0 0.98635
0.47778 98616.0 0.98634
0.47803 98615.0 0.98633
0.48071 98614.0 0.98632
0.4812 98613.0 0.98631
0.48608 98612.0 0.9863
0.4873 98611.0 0.98629
0.48901 98610.0 0.98628
0.49609 98609.0 0.98627
0.49683 98608.0 0.98626
0.49756 98607.0 0.98625
