0.065582 10000084.0 1.0
0.071121 10000083.0 1.0
0.084221 10000082.0 1.0
0.0923 10000081.0 1.0
0.1086 10000080.0 1.0
0.12045 10000079.0 1.0
0.12753 10000078.0 1.0
0.16713 10000077.0 1.0
0.16859 10000076.0 1.0
0.17179 10000075.0 1.0
0.19872 10000074.0 1.0
0.20583 10000073.0 1.0
0.24676 10000072.0 1.0
0.25141 10000071.0 1.0
0.25565 10000070.0 1.0
0.26583 10000069.0 1.0
0.29882 10000068.0 1.0
0.30118 10000067.0 1.0
0.34222 10000066.0 1.0
0.35809 10000065.0 1.0
0.36154 10000064.0 1.0
0.39695 10000063.0 1.0
0.42263 10000062.0 1.0
0.46432 10000061.0 1.0
0.478 10000060.0 1.0
0.4996 10000059.0 1.0
