0.03302 1000127.0 1.0
0.033096 1000126.0 1.0
0.033112 1000125.0 1.0
0.033127 1000121.0 0.99999
0.033142 1000120.0 0.99999
0.033157 1000114.0 0.99999
0.033173 1000109.0 0.99998
0.033188 1000108.0 0.99998
0.033203 1000101.0 0.99997
0.033218 1000095.0 0.99997
0.033234 1000077.0 0.99995
0.033249 1000061.0 0.99993
0.033264 1000045.0 0.99992
0.033279 1000029.0 0.9999
0.033295 1000017.0 0.99989
0.03331 1000004.0 0.99988
0.033325 999998.0 0.99987
0.03334 999996.0 0.99987
0.033348 999995.0 0.99987
0.033356 999981.0 0.99985
0.033371 999961.0 0.99983
0.033379 999960.0 0.99983
0.033386 999953.0 0.99982
0.033401 999942.0 0.99981
0.033417 999930.0 0.9998
0.033424 999929.0 0.9998
0.033432 999921.0 0.99979
0.033447 999911.0 0.99978
0.033463 999905.0 0.99978
0.03347 999904.0 0.99978
0.033478 999896.0 0.99977
0.033493 999886.0 0.99976
0.033508 999881.0 0.99975
0.033524 999869.0 0.99974
0.033539 999861.0 0.99973
0.033554 999855.0 0.99973
0.033562 999854.0 0.99973
0.033569 999847.0 0.99972
0.033585 999839.0 0.99971
0.0336 999833.0 0.99971
0.033615 999826.0 0.9997
0.033623 999825.0 0.9997
0.03363 999820.0 0.99969
0.033646 999812.0 0.99968
0.033653 999811.0 0.99968
0.033661 999804.0 0.99968
0.033669 999803.0 0.99968
0.033676 999797.0 0.99967
0.033684 999795.0 0.99967
0.033691 999786.0 0.99966
0.033699 999784.0 0.99966
0.033707 999775.0 0.99965
0.033714 999773.0 0.99965
0.033722 999767.0 0.99964
0.033737 999758.0 0.99963
0.033752 999749.0 0.99962
0.033768 999736.0 0.99961
0.033775 999735.0 0.99961
0.033783 999729.0 0.9996
0.033798 999720.0 0.99959
0.033806 999719.0 0.99959
0.033813 999712.0 0.99958
0.033821 999711.0 0.99958
0.033829 999707.0 0.99958
0.033844 999700.0 0.99957
0.033852 999699.0 0.99957
0.033859 999692.0 0.99956
0.033867 999690.0 0.99956
0.033875 999683.0 0.99956
0.033882 999682.0 0.99955
0.03389 999676.0 0.99955
0.033897 999674.0 0.99955
0.033905 999663.0 0.99954
0.033913 999661.0 0.99953
0.03392 999653.0 0.99953
0.033928 999651.0 0.99952
0.033936 999645.0 0.99952
0.033951 999639.0 0.99951
0.033958 999638.0 0.99951
0.033966 999636.0 0.99951
0.033981 999628.0 0.9995
0.033989 999627.0 0.9995
0.033997 999625.0 0.9995
0.034004 999623.0 0.9995
0.034012 999616.0 0.99949
0.034019 999615.0 0.99949
0.034027 999611.0 0.99948
0.034035 999610.0 0.99948
0.034042 999603.0 0.99948
0.03405 999601.0 0.99947
0.034058 999595.0 0.99947
0.034073 999594.0 0.99947
0.034088 999590.0 0.99946
0.034096 999587.0 0.99946
0.034103 999579.0 0.99945
0.034119 999576.0 0.99945
0.034126 999575.0 0.99945
0.034134 999570.0 0.99944
0.034142 999566.0 0.99944
0.034149 999561.0 0.99943
0.034157 999558.0 0.99943
0.034164 999552.0 0.99942
0.034172 999551.0 0.99942
0.03418 999547.0 0.99942
0.034195 999542.0 0.99941
0.034203 999540.0 0.99941
0.03421 999536.0 0.99941
0.034218 999534.0 0.99941
0.034225 999530.0 0.9994
0.034233 999525.0 0.9994
0.034241 999516.0 0.99939
0.034248 999512.0 0.99938
0.034256 999504.0 0.99938
0.034264 999502.0 0.99937
0.034271 999494.0 0.99937
0.034286 999489.0 0.99936
0.034294 999488.0 0.99936
0.034302 999485.0 0.99936
0.034309 999481.0 0.99935
0.034317 999474.0 0.99935
0.034325 999472.0 0.99934
0.034332 999471.0 0.99934
0.03434 999469.0 0.99934
0.034348 999462.0 0.99933
0.034355 999460.0 0.99933
0.034363 999455.0 0.99933
0.03437 999454.0 0.99933
0.034378 999449.0 0.99932
0.034386 999447.0 0.99932
0.034393 999439.0 0.99931
0.034401 999437.0 0.99931
0.034409 999436.0 0.99931
0.034416 999432.0 0.9993
0.034424 999423.0 0.9993
0.034431 999422.0 0.99929
0.034439 999415.0 0.99929
0.034447 999410.0 0.99928
0.034454 999402.0 0.99927
0.034462 999400.0 0.99927
0.03447 999394.0 0.99927
0.034477 999391.0 0.99926
0.034485 999386.0 0.99926
0.034492 999382.0 0.99925
0.0345 999376.0 0.99925
0.034508 999372.0 0.99924
0.034515 999365.0 0.99924
0.034523 999364.0 0.99924
0.034531 999360.0 0.99923
0.034546 999350.0 0.99922
0.034561 999346.0 0.99922
0.034569 999343.0 0.99922
0.034576 999338.0 0.99921
0.034588 999337.0 0.99921
0.034592 999332.0 0.9992
0.034599 999330.0 0.9992
0.034607 999326.0 0.9992
0.034615 999323.0 0.9992
0.034622 999321.0 0.99919
0.03463 999319.0 0.99919
0.034637 999316.0 0.99919
0.034645 999312.0 0.99918
0.034653 999305.0 0.99918
0.03466 999301.0 0.99917
0.034668 999294.0 0.99917
0.034676 999291.0 0.99916
0.034683 999284.0 0.99916
0.034691 999282.0 0.99915
0.034698 999278.0 0.99915
0.034714 999274.0 0.99915
0.034721 999272.0 0.99914
0.034729 999267.0 0.99914
0.034737 999266.0 0.99914
0.034744 999259.0 0.99913
0.034752 999257.0 0.99913
0.03476 999252.0 0.99912
0.034767 999250.0 0.99912
0.034775 999246.0 0.99912
0.034782 999243.0 0.99912
0.03479 999239.0 0.99911
0.034798 999235.0 0.99911
0.034805 999231.0 0.9991
0.034813 999229.0 0.9991
0.034821 999217.0 0.99909
0.034828 999214.0 0.99909
0.034836 999206.0 0.99908
0.034843 999204.0 0.99908
0.034851 999193.0 0.99907
0.034859 999190.0 0.99906
0.034866 999180.0 0.99905
0.034882 999175.0 0.99905
0.034889 999173.0 0.99905
0.034897 999166.0 0.99904
0.034904 999163.0 0.99904
0.034912 999154.0 0.99903
0.03492 999153.0 0.99903
0.034927 999146.0 0.99902
0.034935 999143.0 0.99902
0.034943 999130.0 0.999
0.03495 999124.0 0.999
0.034958 999113.0 0.99899
0.034966 999112.0 0.99898
0.034973 999103.0 0.99898
0.034981 999101.0 0.99897
0.034988 999093.0 0.99897
0.034996 999091.0 0.99896
0.035004 999083.0 0.99896
0.035011 999081.0 0.99895
0.035019 999076.0 0.99895
0.035027 999075.0 0.99895
0.035034 999066.0 0.99894
0.035042 999062.0 0.99893
0.035049 999058.0 0.99893
0.035057 999052.0 0.99892
0.035065 999048.0 0.99892
0.035072 999045.0 0.99892
0.03508 999039.0 0.99891
0.035088 999037.0 0.99891
0.035095 999028.0 0.9989
0.035103 999023.0 0.9989
0.03511 999013.0 0.99889
0.035118 999011.0 0.99888
0.035126 999004.0 0.99888
0.035133 999000.0 0.99887
0.035141 998993.0 0.99887
0.035149 998989.0 0.99886
0.035156 998983.0 0.99886
0.035164 998982.0 0.99885
0.035172 998976.0 0.99885
0.035179 998974.0 0.99885
0.035187 998973.0 0.99885
0.035194 998972.0 0.99884
0.035202 998967.0 0.99884
0.03521 998966.0 0.99884
0.035217 998957.0 0.99883
0.035225 998954.0 0.99883
0.035233 998946.0 0.99882
0.03524 998945.0 0.99882
0.035248 998939.0 0.99881
0.035255 998936.0 0.99881
0.035263 998925.0 0.9988
0.035271 998921.0 0.99879
0.035278 998917.0 0.99879
0.035286 998913.0 0.99879
0.035294 998908.0 0.99878
0.035301 998904.0 0.99878
0.035309 998896.0 0.99877
0.035316 998893.0 0.99877
0.035324 998887.0 0.99876
0.035332 998884.0 0.99876
0.035339 998881.0 0.99875
0.035343 998880.0 0.99875
0.035347 998878.0 0.99875
0.035355 998875.0 0.99875
0.035362 998867.0 0.99874
0.03537 998865.0 0.99874
0.035378 998861.0 0.99873
0.035385 998853.0 0.99873
0.035393 998850.0 0.99872
0.0354 998848.0 0.99872
0.035408 998843.0 0.99872
0.035416 998836.0 0.99871
0.035419 998835.0 0.99871
0.035423 998831.0 0.9987
0.035431 998824.0 0.9987
0.035439 998823.0 0.9987
0.035446 998816.0 0.99869
0.035454 998812.0 0.99868
0.035461 998807.0 0.99868
0.035469 998803.0 0.99868
0.035477 998796.0 0.99867
0.035484 998793.0 0.99867
0.035492 998788.0 0.99866
0.0355 998785.0 0.99866
0.035507 998783.0 0.99866
0.035515 998781.0 0.99865
0.035522 998779.0 0.99865
0.03553 998778.0 0.99865
0.035538 998775.0 0.99865
0.035545 998773.0 0.99865
0.035553 998772.0 0.99864
0.035561 998770.0 0.99864
0.035576 998767.0 0.99864
0.035583 998763.0 0.99864
0.035591 998759.0 0.99863
0.035599 998756.0 0.99863
0.035606 998751.0 0.99862
0.035614 998747.0 0.99862
0.035622 998745.0 0.99862
0.035629 998743.0 0.99862
0.035637 998740.0 0.99861
0.035645 998735.0 0.99861
0.035652 998729.0 0.9986
0.03566 998724.0 0.9986
0.035667 998721.0 0.99859
0.035675 998720.0 0.99859
0.035683 998719.0 0.99859
0.03569 998718.0 0.99859
0.035698 998713.0 0.99859
0.035706 998709.0 0.99858
0.035713 998705.0 0.99858
0.035721 998703.0 0.99858
0.035728 998702.0 0.99857
0.035732 998701.0 0.99857
0.035736 998698.0 0.99857
0.035744 998694.0 0.99857
0.035751 998687.0 0.99856
0.035759 998684.0 0.99856
0.035767 998682.0 0.99855
0.035774 998679.0 0.99855
0.035782 998676.0 0.99855
0.035789 998674.0 0.99855
0.035797 998672.0 0.99854
0.035805 998665.0 0.99854
0.035812 998664.0 0.99854
0.035828 998662.0 0.99853
0.035835 998660.0 0.99853
0.035843 998656.0 0.99853
0.035851 998652.0 0.99852
0.035858 998647.0 0.99852
0.035866 998643.0 0.99852
0.035873 998637.0 0.99851
0.035881 998634.0 0.99851
0.035889 998628.0 0.9985
0.035896 998624.0 0.9985
0.035904 998621.0 0.99849
0.035912 998617.0 0.99849
0.035919 998612.0 0.99848
0.035927 998611.0 0.99848
0.035934 998605.0 0.99848
0.035938 998604.0 0.99848
0.035942 998599.0 0.99847
0.035946 998598.0 0.99847
0.03595 998597.0 0.99847
0.035957 998596.0 0.99847
0.035965 998589.0 0.99846
0.035973 998588.0 0.99846
0.03598 998582.0 0.99845
0.035988 998578.0 0.99845
0.035995 998577.0 0.99845
0.036003 998574.0 0.99845
0.036011 998571.0 0.99844
0.036026 998569.0 0.99844
0.036037 998568.0 0.99844
0.036041 998563.0 0.99844
0.036049 998560.0 0.99843
0.036053 998559.0 0.99843
0.036057 998554.0 0.99843
0.036064 998553.0 0.99843
0.036072 998547.0 0.99842
0.036079 998545.0 0.99842
0.036087 998540.0 0.99841
0.036095 998537.0 0.99841
0.036102 998532.0 0.9984
0.03611 998526.0 0.9984
0.036118 998519.0 0.99839
0.036125 998515.0 0.99839
0.036133 998508.0 0.99838
0.03614 998506.0 0.99838
0.036144 998505.0 0.99838
0.036148 998498.0 0.99837
0.036156 998495.0 0.99837
0.036163 998491.0 0.99836
0.036171 998488.0 0.99836
0.036179 998484.0 0.99836
0.036186 998483.0 0.99836
0.036194 998477.0 0.99835
0.036201 998474.0 0.99835
0.036209 998468.0 0.99834
0.036217 998466.0 0.99834
0.036224 998464.0 0.99834
0.036228 998463.0 0.99834
0.036232 998461.0 0.99833
0.03624 998459.0 0.99833
0.036247 998455.0 0.99833
0.036255 998451.0 0.99832
0.036263 998449.0 0.99832
0.03627 998446.0 0.99832
0.036278 998440.0 0.99831
0.036285 998433.0 0.99831
0.036293 998432.0 0.9983
0.036301 998428.0 0.9983
0.036308 998422.0 0.99829
0.036316 998418.0 0.99829
0.036324 998412.0 0.99828
0.036331 998409.0 0.99828
0.036339 998406.0 0.99828
0.036346 998402.0 0.99827
0.036354 998401.0 0.99827
0.036362 998397.0 0.99827
0.036369 998393.0 0.99827
0.036377 998390.0 0.99826
0.036385 998389.0 0.99826
0.036392 998386.0 0.99826
0.036396 998384.0 0.99826
0.0364 998378.0 0.99825
0.036407 998371.0 0.99824
0.036415 998367.0 0.99824
0.036419 998366.0 0.99824
0.03643 998361.0 0.99823
0.036438 998358.0 0.99823
0.036446 998354.0 0.99823
0.036453 998349.0 0.99822
0.036461 998347.0 0.99822
0.036469 998344.0 0.99822
0.036476 998342.0 0.99821
0.036484 998340.0 0.99821
0.036491 998335.0 0.99821
0.036499 998334.0 0.99821
0.036507 998328.0 0.9982
0.036514 998327.0 0.9982
0.036522 998324.0 0.9982
0.036526 998323.0 0.9982
0.03653 998318.0 0.99819
0.036537 998317.0 0.99819
0.036545 998315.0 0.99819
0.036552 998313.0 0.99819
0.03656 998309.0 0.99818
0.036568 998305.0 0.99818
0.036575 998302.0 0.99817
0.036583 998300.0 0.99817
0.036591 998294.0 0.99817
0.036606 998289.0 0.99816
0.036613 998288.0 0.99816
0.036621 998282.0 0.99815
0.036629 998279.0 0.99815
0.036636 998271.0 0.99814
0.03664 998270.0 0.99814
0.036644 998267.0 0.99814
0.036652 998264.0 0.99814
0.036659 998260.0 0.99813
0.036667 998254.0 0.99813
0.036674 998249.0 0.99812
0.036682 998241.0 0.99811
0.03669 998240.0 0.99811
0.036697 998235.0 0.99811
0.036705 998230.0 0.9981
0.036713 998223.0 0.9981
0.03672 998220.0 0.99809
0.036728 998215.0 0.99809
0.036736 998212.0 0.99808
0.036743 998198.0 0.99807
0.036751 998197.0 0.99807
0.036758 998193.0 0.99807
0.036766 998188.0 0.99806
0.036774 998184.0 0.99806
0.036781 998178.0 0.99805
0.036789 998175.0 0.99805
0.036793 998174.0 0.99805
0.036797 998170.0 0.99804
0.036804 998164.0 0.99804
0.036812 998161.0 0.99803
0.036819 998151.0 0.99802
0.036827 998149.0 0.99802
0.036835 998142.0 0.99801
0.036842 998139.0 0.99801
0.03685 998136.0 0.99801
0.036858 998133.0 0.99801
0.036865 998125.0 0.998
0.036873 998124.0 0.998
0.03688 998118.0 0.99799
0.036884 998117.0 0.99799
0.036888 998114.0 0.99799
0.036896 998107.0 0.99798
0.036903 998105.0 0.99798
0.036911 998098.0 0.99797
0.036926 998092.0 0.99796
0.036934 998087.0 0.99796
0.036942 998083.0 0.99796
0.036949 998078.0 0.99795
0.036957 998075.0 0.99795
0.036964 998074.0 0.99795
0.036972 998071.0 0.99794
0.036987 998064.0 0.99794
0.036995 998060.0 0.99793
0.037003 998056.0 0.99793
0.03701 998051.0 0.99792
0.037018 998045.0 0.99792
0.037025 998040.0 0.99791
0.037033 998032.0 0.9979
0.037041 998028.0 0.9979
0.037048 998020.0 0.99789
0.037056 998019.0 0.99789
0.037064 998016.0 0.99789
0.037071 998013.0 0.99789
0.037079 998012.0 0.99788
0.037086 998008.0 0.99788
0.037094 998007.0 0.99788
0.037102 998002.0 0.99787
0.037109 997999.0 0.99787
0.037117 997993.0 0.99787
0.037125 997989.0 0.99786
0.037132 997984.0 0.99786
0.03714 997980.0 0.99785
0.037148 997976.0 0.99785
0.037155 997971.0 0.99784
0.037163 997966.0 0.99784
0.037167 997965.0 0.99784
0.03717 997959.0 0.99783
0.037186 997953.0 0.99783
0.037193 997951.0 0.99782
0.037201 997945.0 0.99782
0.037209 997944.0 0.99782
0.037216 997940.0 0.99781
0.037224 997939.0 0.99781
0.037231 997934.0 0.99781
0.037239 997932.0 0.9978
0.037247 997923.0 0.9978
0.037254 997919.0 0.99779
0.037262 997910.0 0.99778
0.03727 997906.0 0.99778
0.037277 997899.0 0.99777
0.037285 997898.0 0.99777
0.037292 997890.0 0.99776
0.0373 997885.0 0.99776
0.037308 997882.0 0.99775
0.037315 997880.0 0.99775
0.037323 997873.0 0.99775
0.037331 997872.0 0.99774
0.037338 997866.0 0.99774
0.037346 997865.0 0.99774
0.037354 997856.0 0.99773
0.037361 997851.0 0.99772
0.037369 997843.0 0.99772
0.037376 997842.0 0.99771
0.037384 997834.0 0.99771
0.037392 997828.0 0.9977
0.037399 997821.0 0.99769
0.037407 997816.0 0.99769
0.037415 997813.0 0.99769
0.037422 997809.0 0.99768
0.03743 997804.0 0.99768
0.037437 997800.0 0.99767
0.037445 997787.0 0.99766
0.037453 997781.0 0.99765
0.03746 997774.0 0.99765
0.037468 997771.0 0.99764
0.037476 997762.0 0.99763
0.037483 997760.0 0.99763
0.037491 997753.0 0.99763
0.037498 997748.0 0.99762
0.037506 997739.0 0.99761
0.037514 997736.0 0.99761
0.037521 997732.0 0.9976
0.037529 997727.0 0.9976
0.037537 997722.0 0.99759
0.037544 997718.0 0.99759
0.037552 997712.0 0.99758
0.03756 997708.0 0.99758
0.037567 997698.0 0.99757
0.037575 997693.0 0.99757
0.037582 997685.0 0.99756
0.03759 997684.0 0.99756
0.037598 997676.0 0.99755
0.037605 997674.0 0.99755
0.037613 997666.0 0.99754
0.037621 997664.0 0.99754
0.037628 997659.0 0.99753
0.037636 997656.0 0.99753
0.037643 997654.0 0.99753
0.037651 997651.0 0.99752
0.037659 997638.0 0.99751
0.037666 997636.0 0.99751
0.037674 997633.0 0.99751
0.037682 997630.0 0.9975
0.037689 997626.0 0.9975
0.037697 997625.0 0.9975
0.037704 997617.0 0.99749
0.037712 997614.0 0.99749
0.037716 997613.0 0.99749
0.03772 997608.0 0.99748
0.037727 997605.0 0.99748
0.037735 997598.0 0.99747
0.037743 997597.0 0.99747
0.03775 997590.0 0.99746
0.037758 997588.0 0.99746
0.037766 997582.0 0.99745
0.037773 997578.0 0.99745
0.037781 997567.0 0.99744
0.037788 997565.0 0.99744
0.037796 997560.0 0.99743
0.037804 997558.0 0.99743
0.037811 997552.0 0.99742
0.037827 997545.0 0.99742
0.037842 997544.0 0.99742
0.037849 997537.0 0.99741
0.037857 997528.0 0.9974
0.037865 997526.0 0.9974
0.037872 997521.0 0.99739
0.03788 997520.0 0.99739
0.037888 997511.0 0.99738
0.037895 997510.0 0.99738
0.037903 997504.0 0.99738
0.037907 997503.0 0.99738
0.03791 997501.0 0.99737
0.037918 997498.0 0.99737
0.037926 997495.0 0.99737
0.037933 997490.0 0.99736
0.037941 997488.0 0.99736
0.037949 997482.0 0.99735
0.037956 997481.0 0.99735
0.037964 997476.0 0.99735
0.037971 997473.0 0.99735
0.037979 997471.0 0.99734
0.037987 997470.0 0.99734
0.037994 997465.0 0.99734
0.038002 997462.0 0.99733
0.03801 997456.0 0.99733
0.038017 997453.0 0.99733
0.038025 997447.0 0.99732
0.03804 997446.0 0.99732
0.038048 997444.0 0.99732
0.038055 997438.0 0.99731
0.038063 997436.0 0.99731
0.038071 997429.0 0.9973
0.038078 997424.0 0.9973
0.038086 997418.0 0.99729
0.038094 997415.0 0.99729
0.038101 997405.0 0.99728
0.038109 997403.0 0.99728
0.038116 997399.0 0.99727
0.038124 997394.0 0.99727
0.038132 997388.0 0.99726
0.038139 997387.0 0.99726
0.038147 997383.0 0.99726
0.038155 997380.0 0.99725
0.038162 997377.0 0.99725
0.038177 997370.0 0.99724
0.038193 997367.0 0.99724
0.0382 997362.0 0.99723
0.038208 997357.0 0.99723
0.038216 997355.0 0.99723
0.038223 997349.0 0.99722
0.038231 997345.0 0.99722
0.038239 997336.0 0.99721
0.038246 997334.0 0.99721
0.038254 997329.0 0.9972
0.038261 997326.0 0.9972
0.038269 997322.0 0.99719
0.038277 997320.0 0.99719
0.038284 997312.0 0.99718
0.038292 997309.0 0.99718
0.0383 997304.0 0.99718
0.038307 997298.0 0.99717
0.038315 997292.0 0.99716
0.038322 997291.0 0.99716
0.03833 997287.0 0.99716
0.038338 997286.0 0.99716
0.038345 997283.0 0.99716
0.038353 997282.0 0.99715
0.038361 997277.0 0.99715
0.038368 997275.0 0.99715
0.038376 997271.0 0.99714
0.038383 997269.0 0.99714
0.038391 997266.0 0.99714
0.038399 997263.0 0.99714
0.038414 997260.0 0.99713
0.038422 997255.0 0.99713
0.038429 997254.0 0.99713
0.038437 997250.0 0.99712
0.038445 997246.0 0.99712
0.038452 997244.0 0.99712
0.03846 997239.0 0.99711
0.038467 997236.0 0.99711
0.038475 997234.0 0.99711
0.038483 997230.0 0.9971
0.03849 997226.0 0.9971
0.038498 997220.0 0.99709
0.038506 997216.0 0.99709
0.038513 997211.0 0.99708
0.038521 997206.0 0.99708
0.038528 997199.0 0.99707
0.038536 997197.0 0.99707
0.038544 997194.0 0.99707
0.038551 997193.0 0.99707
0.038559 997186.0 0.99706
0.038567 997184.0 0.99706
0.038574 997179.0 0.99705
0.038582 997176.0 0.99705
0.038589 997170.0 0.99704
0.038597 997168.0 0.99704
0.038605 997166.0 0.99704
0.03862 997161.0 0.99703
0.038628 997160.0 0.99703
0.038635 997156.0 0.99703
0.038651 997152.0 0.99702
0.038658 997151.0 0.99702
0.038666 997146.0 0.99702
0.038673 997145.0 0.99702
0.038681 997140.0 0.99701
0.038689 997139.0 0.99701
0.038696 997135.0 0.99701
0.038704 997131.0 0.997
0.038712 997130.0 0.997
0.038719 997126.0 0.997
0.038727 997123.0 0.997
0.038734 997122.0 0.99699
0.038742 997113.0 0.99699
0.038757 997110.0 0.99698
0.038765 997106.0 0.99698
0.038773 997093.0 0.99697
0.03878 997092.0 0.99696
0.038788 997089.0 0.99696
0.038795 997087.0 0.99696
0.038803 997084.0 0.99696
0.038811 997083.0 0.99696
0.038818 997079.0 0.99695
0.038834 997076.0 0.99695
0.038841 997074.0 0.99695
0.038857 997071.0 0.99694
0.038864 997069.0 0.99694
0.038872 997068.0 0.99694
0.038879 997061.0 0.99693
0.038895 997055.0 0.99693
0.038902 997052.0 0.99692
0.03891 997046.0 0.99692
0.038918 997044.0 0.99692
0.038925 997043.0 0.99692
0.038933 997042.0 0.99691
0.03894 997039.0 0.99691
0.038948 997038.0 0.99691
0.038956 997032.0 0.9969
0.038963 997027.0 0.9969
0.038971 997023.0 0.9969
0.038979 997021.0 0.99689
0.038986 997015.0 0.99689
0.038994 997011.0 0.99688
0.039001 997008.0 0.99688
0.039009 997006.0 0.99688
0.039017 997002.0 0.99687
0.039024 996999.0 0.99687
0.039032 996993.0 0.99687
0.03904 996991.0 0.99686
0.039047 996987.0 0.99686
0.039055 996985.0 0.99686
0.039062 996981.0 0.99685
0.03907 996980.0 0.99685
0.039078 996978.0 0.99685
0.039085 996977.0 0.99685
0.039093 996975.0 0.99685
0.039101 996972.0 0.99684
0.039108 996968.0 0.99684
0.039116 996965.0 0.99684
0.039124 996963.0 0.99684
0.039131 996959.0 0.99683
0.039139 996956.0 0.99683
0.039146 996954.0 0.99683
0.039154 996950.0 0.99682
0.039162 996949.0 0.99682
0.039177 996948.0 0.99682
0.039185 996946.0 0.99682
0.039192 996944.0 0.99682
0.0392 996943.0 0.99682
0.039207 996942.0 0.99681
0.039215 996938.0 0.99681
0.039223 996935.0 0.99681
0.03923 996929.0 0.9968
0.039238 996928.0 0.9968
0.039246 996925.0 0.9968
0.039253 996920.0 0.99679
0.039261 996916.0 0.99679
0.039268 996915.0 0.99679
0.039276 996911.0 0.99678
0.039284 996910.0 0.99678
0.039291 996909.0 0.99678
0.039307 996903.0 0.99678
0.039314 996899.0 0.99677
0.039322 996898.0 0.99677
0.03933 996897.0 0.99677
0.039337 996895.0 0.99677
0.039345 996893.0 0.99677
0.039352 996891.0 0.99676
0.03936 996889.0 0.99676
0.039368 996887.0 0.99676
0.039375 996884.0 0.99676
0.039383 996879.0 0.99675
0.039398 996877.0 0.99675
0.039406 996875.0 0.99675
0.039413 996871.0 0.99674
0.039421 996867.0 0.99674
0.039436 996865.0 0.99674
0.039444 996860.0 0.99673
0.039452 996859.0 0.99673
0.039459 996852.0 0.99672
0.039467 996847.0 0.99672
0.039482 996845.0 0.99672
0.03949 996843.0 0.99672
0.039505 996837.0 0.99671
0.039513 996833.0 0.99671
0.03952 996830.0 0.9967
0.039528 996828.0 0.9967
0.039536 996825.0 0.9967
0.039543 996823.0 0.9967
0.039551 996822.0 0.99669
0.039558 996820.0 0.99669
0.039566 996817.0 0.99669
0.039574 996813.0 0.99669
0.039581 996810.0 0.99668
0.039589 996809.0 0.99668
0.039597 996806.0 0.99668
0.039619 996805.0 0.99668
0.039627 996800.0 0.99667
0.039635 996798.0 0.99667
0.039642 996795.0 0.99667
0.03965 996794.0 0.99667
0.039665 996792.0 0.99666
0.039673 996791.0 0.99666
0.03968 996790.0 0.99666
0.039688 996787.0 0.99666
0.039703 996786.0 0.99666
0.039711 996783.0 0.99666
0.039719 996782.0 0.99665
0.039734 996780.0 0.99665
0.039749 996774.0 0.99665
0.039764 996769.0 0.99664
0.039772 996764.0 0.99664
0.03978 996763.0 0.99664
0.039787 996761.0 0.99663
0.039795 996759.0 0.99663
0.03981 996757.0 0.99663
0.039818 996756.0 0.99663
0.039825 996754.0 0.99663
0.039833 996752.0 0.99662
0.039841 996749.0 0.99662
0.039848 996744.0 0.99662
0.039852 996743.0 0.99662
0.039856 996741.0 0.99661
0.039864 996739.0 0.99661
0.039871 996738.0 0.99661
0.039886 996736.0 0.99661
0.039894 996735.0 0.99661
0.039902 996734.0 0.99661
0.039909 996728.0 0.9966
0.039917 996726.0 0.9966
0.039925 996725.0 0.9966
0.039932 996724.0 0.9966
0.039948 996721.0 0.99659
0.039963 996720.0 0.99659
0.03997 996719.0 0.99659
0.039978 996715.0 0.99659
0.039986 996714.0 0.99659
0.039993 996712.0 0.99658
0.040001 996709.0 0.99658
0.040016 996706.0 0.99658
0.040024 996705.0 0.99658
0.040031 996704.0 0.99658
0.040039 996702.0 0.99657
0.040054 996700.0 0.99657
0.04007 996699.0 0.99657
0.040077 996696.0 0.99657
0.040085 996692.0 0.99656
0.040092 996690.0 0.99656
0.0401 996687.0 0.99656
0.040108 996685.0 0.99656
0.040115 996683.0 0.99656
0.040131 996680.0 0.99655
0.040138 996678.0 0.99655
0.040146 996676.0 0.99655
0.040161 996672.0 0.99654
0.040169 996667.0 0.99654
0.040192 996664.0 0.99654
0.040207 996661.0 0.99653
0.040215 996659.0 0.99653
0.040222 996655.0 0.99653
0.040245 996654.0 0.99653
0.040253 996653.0 0.99653
0.040268 996652.0 0.99652
0.040276 996649.0 0.99652
0.040291 996647.0 0.99652
0.040298 996645.0 0.99652
0.040306 996643.0 0.99652
0.040314 996638.0 0.99651
0.040321 996637.0 0.99651
0.040329 996634.0 0.99651
0.040337 996632.0 0.9965
0.040344 996631.0 0.9965
0.040352 996629.0 0.9965
0.040359 996628.0 0.9965
0.040367 996625.0 0.9965
0.040382 996622.0 0.99649
0.04039 996620.0 0.99649
0.040405 996617.0 0.99649
0.040413 996614.0 0.99649
0.040428 996613.0 0.99649
0.040436 996611.0 0.99648
0.040451 996610.0 0.99648
0.040466 996607.0 0.99648
0.040474 996605.0 0.99648
0.040482 996602.0 0.99647
0.040489 996601.0 0.99647
0.040497 996598.0 0.99647
0.040512 996596.0 0.99647
0.040527 996594.0 0.99647
0.040535 996593.0 0.99647
0.040543 996592.0 0.99646
0.04055 996590.0 0.99646
0.040558 996587.0 0.99646
0.040573 996585.0 0.99646
0.040581 996583.0 0.99646
0.040588 996580.0 0.99645
0.040596 996579.0 0.99645
0.040604 996576.0 0.99645
0.040611 996574.0 0.99645
0.040619 996572.0 0.99644
0.040627 996570.0 0.99644
0.040634 996569.0 0.99644
0.040642 996568.0 0.99644
0.040649 996565.0 0.99644
0.040665 996561.0 0.99643
0.040672 996558.0 0.99643
0.04068 996555.0 0.99643
0.040688 996553.0 0.99643
0.040695 996551.0 0.99642
0.040703 996550.0 0.99642
0.040718 996548.0 0.99642
0.040726 996546.0 0.99642
0.040733 996545.0 0.99642
0.040749 996544.0 0.99642
0.040756 996543.0 0.99642
0.040764 996539.0 0.99641
0.040771 996538.0 0.99641
0.040787 996533.0 0.99641
0.040794 996529.0 0.9964
0.040802 996525.0 0.9964
0.040817 996518.0 0.99639
0.040833 996517.0 0.99639
0.04084 996514.0 0.99639
0.040848 996512.0 0.99638
0.040863 996511.0 0.99638
0.040871 996509.0 0.99638
0.040878 996508.0 0.99638
0.040886 996507.0 0.99638
0.040894 996505.0 0.99638
0.040901 996503.0 0.99638
0.040909 996501.0 0.99637
0.040924 996499.0 0.99637
0.040932 996498.0 0.99637
0.040939 996497.0 0.99637
0.040947 996494.0 0.99637
0.040962 996492.0 0.99636
0.04097 996491.0 0.99636
0.040977 996487.0 0.99636
0.040993 996485.0 0.99636
0.041 996482.0 0.99635
0.041008 996480.0 0.99635
0.041016 996478.0 0.99635
0.041023 996477.0 0.99635
0.041031 996476.0 0.99635
0.041077 996475.0 0.99635
0.041084 996474.0 0.99635
0.041092 996472.0 0.99634
0.0411 996471.0 0.99634
0.041107 996470.0 0.99634
0.041115 996468.0 0.99634
0.04113 996465.0 0.99634
0.041138 996464.0 0.99634
0.041145 996462.0 0.99633
0.041153 996458.0 0.99633
0.041161 996457.0 0.99633
0.041168 996455.0 0.99633
0.041176 996454.0 0.99633
0.041199 996453.0 0.99633
0.041214 996451.0 0.99632
0.041222 996450.0 0.99632
0.041229 996449.0 0.99632
0.041245 996448.0 0.99632
0.04126 996447.0 0.99632
0.041275 996444.0 0.99632
0.041283 996442.0 0.99631
0.041298 996441.0 0.99631
0.041306 996439.0 0.99631
0.041313 996437.0 0.99631
0.041321 996435.0 0.99631
0.041328 996433.0 0.99631
0.041336 996431.0 0.9963
0.041344 996429.0 0.9963
0.041351 996427.0 0.9963
0.041359 996426.0 0.9963
0.041367 996425.0 0.9963
0.041382 996423.0 0.9963
0.041397 996418.0 0.99629
0.041405 996416.0 0.99629
0.041412 996414.0 0.99629
0.04142 996413.0 0.99629
0.041443 996412.0 0.99628
0.041451 996411.0 0.99628
0.041458 996409.0 0.99628
0.041473 996406.0 0.99628
0.041489 996405.0 0.99628
0.041496 996404.0 0.99628
0.041527 996403.0 0.99628
0.041534 996400.0 0.99627
0.041542 996399.0 0.99627
0.04155 996396.0 0.99627
0.04158 996395.0 0.99627
0.041595 996392.0 0.99626
0.041603 996390.0 0.99626
0.041611 996389.0 0.99626
0.041626 996387.0 0.99626
0.041634 996386.0 0.99626
0.041641 996384.0 0.99626
0.041656 996383.0 0.99626
0.041664 996382.0 0.99625
0.041672 996379.0 0.99625
0.041687 996378.0 0.99625
0.04171 996377.0 0.99625
0.041718 996376.0 0.99625
0.041733 996374.0 0.99625
0.04174 996373.0 0.99625
0.041771 996371.0 0.99624
0.041779 996370.0 0.99624
0.041794 996368.0 0.99624
0.041801 996364.0 0.99624
0.041809 996362.0 0.99623
0.041817 996361.0 0.99623
0.04184 996360.0 0.99623
0.041885 996358.0 0.99623
0.041901 996357.0 0.99623
0.041924 996356.0 0.99623
0.041931 996355.0 0.99623
0.041954 996353.0 0.99623
0.041969 996352.0 0.99622
0.041977 996350.0 0.99622
0.041985 996349.0 0.99622
0.042 996348.0 0.99622
0.042015 996347.0 0.99622
0.042053 996346.0 0.99622
0.042068 996345.0 0.99622
0.042076 996344.0 0.99622
0.042084 996343.0 0.99622
0.042099 996341.0 0.99621
0.042114 996340.0 0.99621
0.042122 996338.0 0.99621
0.042137 996337.0 0.99621
0.04216 996336.0 0.99621
0.042168 996333.0 0.99621
0.042183 996332.0 0.9962
0.042206 996331.0 0.9962
0.042221 996330.0 0.9962
0.042229 996329.0 0.9962
0.042236 996327.0 0.9962
0.042244 996325.0 0.9962
0.042252 996324.0 0.9962
0.042259 996323.0 0.9962
0.042282 996322.0 0.99619
0.04232 996321.0 0.99619
0.042343 996320.0 0.99619
0.042358 996319.0 0.99619
0.042366 996318.0 0.99619
0.042374 996317.0 0.99619
0.042412 996314.0 0.99619
0.042419 996313.0 0.99619
0.042435 996312.0 0.99618
0.04248 996310.0 0.99618
0.042488 996309.0 0.99618
0.042496 996308.0 0.99618
0.042534 996306.0 0.99618
0.042542 996305.0 0.99618
0.042549 996304.0 0.99618
0.042572 996303.0 0.99618
0.04258 996302.0 0.99617
0.042587 996301.0 0.99617
0.042618 996300.0 0.99617
0.042633 996299.0 0.99617
0.042641 996298.0 0.99617
0.042648 996297.0 0.99617
0.042679 996296.0 0.99617
0.04274 996295.0 0.99617
0.042755 996293.0 0.99617
0.042763 996291.0 0.99616
0.042786 996290.0 0.99616
0.042816 996289.0 0.99616
0.042862 996288.0 0.99616
0.042877 996286.0 0.99616
0.042892 996285.0 0.99616
0.042923 996283.0 0.99616
0.042931 996282.0 0.99615
0.042938 996280.0 0.99615
0.042969 996279.0 0.99615
0.042984 996277.0 0.99615
0.042999 996276.0 0.99615
0.043053 996275.0 0.99615
0.043091 996274.0 0.99615
0.043121 996272.0 0.99614
0.04319 996270.0 0.99614
0.043251 996269.0 0.99614
0.043259 996268.0 0.99614
0.043274 996266.0 0.99614
0.043312 996265.0 0.99614
0.043335 996263.0 0.99614
0.043373 996262.0 0.99613
0.043381 996261.0 0.99613
0.043404 996260.0 0.99613
0.043427 996259.0 0.99613
0.043442 996258.0 0.99613
0.043457 996257.0 0.99613
0.043465 996256.0 0.99613
0.043526 996255.0 0.99613
0.043541 996254.0 0.99613
0.043564 996253.0 0.99613
0.043571 996252.0 0.99612
0.04361 996251.0 0.99612
0.043655 996248.0 0.99612
0.043671 996247.0 0.99612
0.043686 996246.0 0.99612
0.043701 996245.0 0.99612
0.043732 996243.0 0.99612
0.043739 996242.0 0.99611
0.043777 996241.0 0.99611
0.043854 996239.0 0.99611
0.043861 996238.0 0.99611
0.043869 996237.0 0.99611
0.043915 996236.0 0.99611
0.044006 996234.0 0.99611
0.044037 996233.0 0.99611
0.044052 996232.0 0.9961
0.044128 996231.0 0.9961
0.044159 996230.0 0.9961
0.044189 996229.0 0.9961
0.044197 996228.0 0.9961
0.044205 996227.0 0.9961
0.044235 996225.0 0.9961
0.044312 996224.0 0.9961
0.044327 996222.0 0.99609
0.044403 996220.0 0.99609
0.044434 996219.0 0.99609
0.044464 996218.0 0.99609
0.044495 996216.0 0.99609
0.044502 996215.0 0.99609
0.044556 996214.0 0.99609
0.044586 996213.0 0.99609
0.044601 996212.0 0.99608
0.044647 996211.0 0.99608
0.044662 996210.0 0.99608
0.0448 996209.0 0.99608
0.044891 996208.0 0.99608
0.044983 996206.0 0.99608
0.045044 996205.0 0.99608
0.045059 996204.0 0.99608
0.045074 996203.0 0.99608
0.045105 996201.0 0.99607
0.045151 996200.0 0.99607
0.045166 996199.0 0.99607
0.045197 996198.0 0.99607
0.045227 996196.0 0.99607
0.045258 996195.0 0.99607
0.045288 996194.0 0.99607
0.045319 996193.0 0.99607
0.045334 996192.0 0.99606
0.045349 996191.0 0.99606
0.04538 996189.0 0.99606
0.04541 996188.0 0.99606
0.045502 996186.0 0.99606
0.045593 996185.0 0.99606
0.045609 996184.0 0.99606
0.045624 996183.0 0.99606
0.04567 996182.0 0.99605
0.045685 996181.0 0.99605
0.045761 996180.0 0.99605
0.045776 996179.0 0.99605
0.045837 996177.0 0.99605
0.045868 996176.0 0.99605
0.045898 996175.0 0.99605
0.04599 996173.0 0.99605
0.046082 996172.0 0.99604
0.046112 996171.0 0.99604
0.046204 996170.0 0.99604
0.046234 996169.0 0.99604
0.046265 996168.0 0.99604
0.046326 996166.0 0.99604
0.046341 996165.0 0.99604
0.046356 996164.0 0.99604
0.046387 996163.0 0.99604
0.046417 996162.0 0.99603
0.046463 996161.0 0.99603
0.046478 996160.0 0.99603
0.046539 996159.0 0.99603
0.046555 996158.0 0.99603
0.04657 996157.0 0.99603
0.046692 996156.0 0.99603
0.046738 996155.0 0.99603
0.046753 996154.0 0.99603
0.046783 996153.0 0.99603
0.046875 996152.0 0.99602
0.047028 996150.0 0.99602
0.047058 996149.0 0.99602
0.047089 996148.0 0.99602
0.047119 996147.0 0.99602
0.04715 996146.0 0.99602
0.04718 996145.0 0.99602
0.047241 996143.0 0.99602
0.047272 996142.0 0.99601
0.047302 996139.0 0.99601
0.047394 996138.0 0.99601
0.047516 996137.0 0.99601
0.047546 996136.0 0.99601
0.047607 996134.0 0.99601
0.047668 996132.0 0.996
0.047699 996131.0 0.996
0.04776 996129.0 0.996
0.047821 996128.0 0.996
0.047852 996127.0 0.996
0.047882 996126.0 0.996
0.047913 996125.0 0.996
0.047974 996124.0 0.996
0.048004 996123.0 0.996
0.048157 996121.0 0.99599
0.048187 996120.0 0.99599
0.04837 996119.0 0.99599
0.048462 996118.0 0.99599
0.048492 996117.0 0.99599
0.048523 996116.0 0.99599
0.048553 996115.0 0.99599
0.048584 996114.0 0.99599
0.048645 996113.0 0.99599
0.048706 996112.0 0.99598
0.048767 996110.0 0.99598
0.048828 996109.0 0.99598
0.04892 996108.0 0.99598
0.049072 996107.0 0.99598
0.049133 996106.0 0.99598
0.049225 996105.0 0.99598
0.04924 996104.0 0.99598
0.049255 996103.0 0.99598
0.049377 996102.0 0.99597
0.049469 996101.0 0.99597
0.0495 996099.0 0.99597
0.04953 996098.0 0.99597
0.049561 996097.0 0.99597
0.049622 996094.0 0.99597
0.049637 996093.0 0.99597
0.049652 996092.0 0.99596
0.049683 996089.0 0.99596
0.049744 996087.0 0.99596
0.049774 996085.0 0.99596
0.049805 996083.0 0.99596
0.049866 996081.0 0.99595
0.049896 996080.0 0.99595
0.049927 996079.0 0.99595
0.049957 996078.0 0.99595
0.049988 996076.0 0.99595
0.050049 996073.0 0.99595
0.05011 996072.0 0.99594
0.05014 996070.0 0.99594
0.050171 996068.0 0.99594
0.050293 996066.0 0.99594
0.050354 996064.0 0.99594
0.050415 996061.0 0.99593
0.050476 996060.0 0.99593
0.050537 996058.0 0.99593
0.050568 996056.0 0.99593
0.050781 996055.0 0.99593
0.050812 996052.0 0.99592
0.050873 996051.0 0.99592
0.050903 996049.0 0.99592
0.050964 996047.0 0.99592
0.05098 996046.0 0.99592
0.051025 996044.0 0.99592
0.051056 996043.0 0.99592
0.051117 996042.0 0.99591
0.051147 996040.0 0.99591
0.051208 996039.0 0.99591
0.0513 996038.0 0.99591
0.051392 996037.0 0.99591
0.051453 996034.0 0.99591
0.051575 996033.0 0.99591
0.051636 996032.0 0.9959
0.051727 996031.0 0.9959
0.051758 996030.0 0.9959
0.051788 996029.0 0.9959
0.051819 996028.0 0.9959
0.05188 996027.0 0.9959
0.05191 996026.0 0.9959
0.051941 996025.0 0.9959
0.052002 996024.0 0.9959
0.052032 996023.0 0.9959
0.052124 996022.0 0.99589
0.052155 996021.0 0.99589
0.052185 996020.0 0.99589
0.052216 996017.0 0.99589
0.052277 996016.0 0.99589
0.052338 996014.0 0.99589
0.052521 996013.0 0.99589
0.052734 996012.0 0.99588
0.053009 996011.0 0.99588
0.05307 996010.0 0.99588
0.053162 996009.0 0.99588
0.053223 996008.0 0.99588
0.053284 996007.0 0.99588
0.053406 996006.0 0.99588
0.053467 996005.0 0.99588
0.053589 996004.0 0.99588
0.053772 996003.0 0.99588
0.053833 996002.0 0.99587
0.053955 996001.0 0.99587
0.054016 996000.0 0.99587
0.054382 995999.0 0.99587
0.054443 995998.0 0.99587
0.054474 995997.0 0.99587
0.054504 995996.0 0.99587
0.054565 995995.0 0.99587
0.054626 995993.0 0.99587
0.054688 995992.0 0.99586
0.05481 995990.0 0.99586
0.054871 995989.0 0.99586
0.054932 995988.0 0.99586
0.055054 995987.0 0.99586
0.055298 995986.0 0.99586
0.055389 995985.0 0.99586
0.05542 995984.0 0.99586
0.055481 995983.0 0.99586
0.055542 995981.0 0.99585
0.055756 995980.0 0.99585
0.055847 995979.0 0.99585
0.055908 995977.0 0.99585
0.05603 995976.0 0.99585
0.056152 995974.0 0.99585
0.056213 995972.0 0.99584
0.056335 995971.0 0.99584
0.056396 995970.0 0.99584
0.057007 995969.0 0.99584
0.057129 995968.0 0.99584
0.05719 995967.0 0.99584
0.057251 995966.0 0.99584
0.057312 995965.0 0.99584
0.057373 995964.0 0.99584
0.057434 995963.0 0.99584
0.057617 995961.0 0.99583
0.057709 995960.0 0.99583
0.057739 995959.0 0.99583
0.0578 995958.0 0.99583
0.057861 995957.0 0.99583
0.057922 995956.0 0.99583
0.058167 995955.0 0.99583
0.05835 995954.0 0.99583
0.058472 995952.0 0.99582
0.058533 995950.0 0.99582
0.05896 995949.0 0.99582
0.059082 995947.0 0.99582
0.059143 995946.0 0.99582
0.059265 995945.0 0.99582
0.059326 995944.0 0.99582
0.059387 995943.0 0.99582
0.059448 995942.0 0.99581
0.059814 995941.0 0.99581
0.059937 995940.0 0.99581
0.060059 995939.0 0.99581
0.06012 995938.0 0.99581
0.060547 995937.0 0.99581
0.060669 995936.0 0.99581
0.061035 995935.0 0.99581
0.061279 995934.0 0.99581
0.061646 995933.0 0.99581
0.06189 995932.0 0.9958
0.062012 995931.0 0.9958
0.062256 995930.0 0.9958
0.062439 995929.0 0.9958
0.062988 995928.0 0.9958
0.063232 995926.0 0.9958
0.063599 995925.0 0.9958
0.063843 995924.0 0.9958
0.063965 995923.0 0.9958
0.064331 995922.0 0.99579
0.064819 995921.0 0.99579
0.065186 995919.0 0.99579
0.06543 995918.0 0.99579
0.066406 995917.0 0.99579
0.066528 995916.0 0.99579
0.066772 995915.0 0.99579
0.067017 995914.0 0.99579
0.067261 995913.0 0.99579
0.067383 995911.0 0.99578
0.067444 995910.0 0.99578
0.067505 995909.0 0.99578
0.067749 995907.0 0.99578
0.067871 995906.0 0.99578
0.067993 995904.0 0.99578
0.068298 995902.0 0.99577
0.068359 995901.0 0.99577
0.068481 995900.0 0.99577
0.068726 995898.0 0.99577
0.068848 995897.0 0.99577
0.06897 995896.0 0.99577
0.069214 995895.0 0.99577
0.06958 995894.0 0.99577
0.069702 995892.0 0.99576
0.069763 995891.0 0.99576
0.070435 995889.0 0.99576
0.070496 995888.0 0.99576
0.070679 995885.0 0.99576
0.070801 995883.0 0.99576
0.070862 995882.0 0.99575
0.070984 995881.0 0.99575
0.071106 995880.0 0.99575
0.071167 995878.0 0.99575
0.071228 995877.0 0.99575
0.071289 995875.0 0.99575
0.071411 995873.0 0.99575
0.071655 995871.0 0.99574
0.071777 995870.0 0.99574
0.071899 995868.0 0.99574
0.072144 995867.0 0.99574
0.072266 995865.0 0.99574
0.072388 995864.0 0.99574
0.07251 995862.0 0.99573
0.072632 995858.0 0.99573
0.072754 995856.0 0.99573
0.07312 995855.0 0.99573
0.073364 995853.0 0.99573
0.073486 995851.0 0.99572
0.073608 995849.0 0.99572
0.073669 995848.0 0.99572
0.07373 995847.0 0.99572
0.073853 995845.0 0.99572
0.073975 995844.0 0.99572
0.074219 995843.0 0.99572
0.074341 995842.0 0.99571
0.074463 995840.0 0.99571
0.074524 995839.0 0.99571
0.074585 995837.0 0.99571
0.074829 995835.0 0.99571
0.07489 995834.0 0.99571
0.074951 995833.0 0.99571
0.075073 995830.0 0.9957
0.075134 995829.0 0.9957
0.075256 995828.0 0.9957
0.075317 995827.0 0.9957
0.075439 995821.0 0.99569
0.075684 995819.0 0.99569
0.075806 995818.0 0.99569
0.07605 995817.0 0.99569
0.076172 995815.0 0.99569
0.076294 995812.0 0.99568
0.076416 995810.0 0.99568
0.076477 995809.0 0.99568
0.07666 995806.0 0.99568
0.076782 995804.0 0.99568
0.076843 995803.0 0.99568
0.076904 995801.0 0.99567
0.077026 995796.0 0.99567
0.077148 995795.0 0.99567
0.077271 995794.0 0.99567
0.077393 995792.0 0.99566
0.077637 995791.0 0.99566
0.077759 995789.0 0.99566
0.07782 995788.0 0.99566
0.078003 995787.0 0.99566
0.078125 995786.0 0.99566
0.078247 995783.0 0.99566
0.078369 995782.0 0.99565
0.078491 995781.0 0.99565
0.078613 995780.0 0.99565
0.078857 995779.0 0.99565
0.078979 995778.0 0.99565
0.079102 995776.0 0.99565
0.079224 995774.0 0.99565
0.079346 995773.0 0.99565
0.079468 995770.0 0.99564
0.079712 995768.0 0.99564
0.079834 995767.0 0.99564
0.079956 995766.0 0.99564
0.080078 995765.0 0.99564
0.0802 995763.0 0.99564
0.080322 995760.0 0.99563
0.080444 995757.0 0.99563
0.080688 995756.0 0.99563
0.080811 995755.0 0.99563
0.080933 995754.0 0.99563
0.080994 995753.0 0.99563
0.081055 995752.0 0.99562
0.081299 995751.0 0.99562
0.081543 995749.0 0.99562
0.081726 995748.0 0.99562
0.081909 995746.0 0.99562
0.082397 995745.0 0.99562
0.08252 995744.0 0.99562
0.082642 995743.0 0.99562
0.082886 995742.0 0.99561
0.083008 995741.0 0.99561
0.08313 995740.0 0.99561
0.083252 995739.0 0.99561
0.083374 995738.0 0.99561
0.083618 995737.0 0.99561
0.084595 995736.0 0.99561
0.084839 995735.0 0.99561
0.084961 995733.0 0.99561
0.085083 995732.0 0.9956
0.085205 995730.0 0.9956
0.085327 995729.0 0.9956
0.085938 995727.0 0.9956
0.08606 995725.0 0.9956
0.086304 995724.0 0.9956
0.086426 995722.0 0.99559
0.08667 995721.0 0.99559
0.086914 995719.0 0.99559
0.087646 995718.0 0.99559
0.088257 995717.0 0.99559
0.088379 995716.0 0.99559
0.088501 995715.0 0.99559
0.088989 995714.0 0.99559
0.089355 995713.0 0.99559
0.0896 995711.0 0.99558
0.089722 995710.0 0.99558
0.089844 995709.0 0.99558
0.090088 995708.0 0.99558
0.09021 995707.0 0.99558
0.090454 995706.0 0.99558
0.090576 995703.0 0.99558
0.09082 995702.0 0.99557
0.090942 995701.0 0.99557
0.091187 995700.0 0.99557
0.091675 995699.0 0.99557
0.091797 995696.0 0.99557
0.092285 995695.0 0.99557
0.092529 995693.0 0.99557
0.092651 995692.0 0.99556
0.092773 995690.0 0.99556
0.092896 995688.0 0.99556
0.093018 995686.0 0.99556
0.09314 995685.0 0.99556
0.093506 995682.0 0.99555
0.093872 995679.0 0.99555
0.094238 995678.0 0.99555
0.094482 995676.0 0.99555
0.094971 995675.0 0.99555
0.095215 995674.0 0.99555
0.095337 995673.0 0.99555
0.095581 995671.0 0.99554
0.095703 995670.0 0.99554
0.095825 995669.0 0.99554
0.095947 995666.0 0.99554
0.096191 995665.0 0.99554
0.09668 995663.0 0.99554
0.096802 995662.0 0.99553
0.096924 995660.0 0.99553
0.097046 995659.0 0.99553
0.09729 995656.0 0.99553
0.097412 995653.0 0.99553
0.097656 995650.0 0.99552
0.0979 995649.0 0.99552
0.098145 995648.0 0.99552
0.098389 995647.0 0.99552
0.098877 995645.0 0.99552
0.099121 995644.0 0.99552
0.099243 995642.0 0.99551
0.099731 995641.0 0.99551
0.099854 995639.0 0.99551
0.099976 995638.0 0.99551
0.1001 995636.0 0.99551
0.10083 995635.0 0.99551
0.10095 995634.0 0.99551
0.10107 995631.0 0.9955
0.10144 995630.0 0.9955
0.10181 995628.0 0.9955
0.10217 995627.0 0.9955
0.10229 995625.0 0.9955
0.10242 995623.0 0.9955
0.10254 995622.0 0.99549
0.10291 995621.0 0.99549
0.10303 995620.0 0.99549
0.10376 995619.0 0.99549
0.10461 995618.0 0.99549
0.10474 995617.0 0.99549
0.10498 995616.0 0.99549
0.10522 995614.0 0.99549
0.10693 995613.0 0.99549
0.1073 995612.0 0.99548
0.10742 995611.0 0.99548
0.10767 995610.0 0.99548
0.10815 995608.0 0.99548
0.1084 995605.0 0.99548
0.10901 995604.0 0.99548
0.10962 995602.0 0.99547
0.1106 995600.0 0.99547
0.11108 995599.0 0.99547
0.11182 995598.0 0.99547
0.11206 995595.0 0.99547
0.11255 995594.0 0.99547
0.11267 995593.0 0.99547
0.11316 995591.0 0.99546
0.11328 995590.0 0.99546
0.11353 995587.0 0.99546
0.11389 995585.0 0.99546
0.11426 995584.0 0.99546
0.1145 995581.0 0.99545
0.11475 995580.0 0.99545
0.11536 995579.0 0.99545
0.11597 995578.0 0.99545
0.11621 995576.0 0.99545
0.1167 995573.0 0.99545
0.11682 995572.0 0.99544
0.11694 995571.0 0.99544
0.11719 995570.0 0.99544
0.11743 995569.0 0.99544
0.11768 995567.0 0.99544
0.1178 995566.0 0.99544
0.11792 995565.0 0.99544
0.11804 995564.0 0.99544
0.11816 995563.0 0.99544
0.11841 995562.0 0.99543
0.11853 995561.0 0.99543
0.11865 995560.0 0.99543
0.11926 995559.0 0.99543
0.11975 995558.0 0.99543
0.12 995557.0 0.99543
0.12012 995556.0 0.99543
0.12048 995554.0 0.99543
0.12085 995551.0 0.99542
0.12097 995550.0 0.99542
0.12122 995549.0 0.99542
0.12158 995547.0 0.99542
0.12207 995545.0 0.99542
0.12305 995543.0 0.99542
0.12329 995541.0 0.99541
0.12451 995539.0 0.99541
0.12463 995538.0 0.99541
0.12549 995537.0 0.99541
0.12622 995535.0 0.99541
0.12683 995534.0 0.99541
0.12695 995533.0 0.99541
0.12769 995532.0 0.9954
0.12903 995531.0 0.9954
0.13013 995529.0 0.9954
0.13037 995528.0 0.9954
0.13062 995526.0 0.9954
0.1311 995524.0 0.9954
0.13159 995523.0 0.9954
0.13171 995522.0 0.99539
0.13208 995520.0 0.99539
0.13232 995519.0 0.99539
0.13257 995517.0 0.99539
0.13306 995515.0 0.99539
0.13354 995514.0 0.99539
0.13379 995513.0 0.99539
0.13403 995511.0 0.99538
0.13428 995510.0 0.99538
0.1355 995509.0 0.99538
0.13623 995508.0 0.99538
0.13635 995507.0 0.99538
0.13672 995506.0 0.99538
0.13721 995504.0 0.99538
0.13843 995503.0 0.99538
0.13892 995502.0 0.99537
0.13916 995501.0 0.99537
0.13928 995500.0 0.99537
0.1394 995498.0 0.99537
0.13989 995497.0 0.99537
0.14038 995494.0 0.99537
0.14172 995493.0 0.99537
0.14221 995492.0 0.99536
0.1427 995491.0 0.99536
0.14307 995489.0 0.99536
0.14392 995487.0 0.99536
0.14404 995486.0 0.99536
0.14429 995485.0 0.99536
0.14441 995484.0 0.99536
0.14453 995483.0 0.99536
0.1449 995482.0 0.99535
0.14539 995480.0 0.99535
0.14575 995479.0 0.99535
0.146 995478.0 0.99535
0.14746 995477.0 0.99535
0.14868 995476.0 0.99535
0.1488 995475.0 0.99535
0.14929 995474.0 0.99535
0.14966 995473.0 0.99535
0.15149 995472.0 0.99534
0.15161 995471.0 0.99534
0.1521 995470.0 0.99534
0.15234 995469.0 0.99534
0.15308 995468.0 0.99534
0.1532 995467.0 0.99534
0.15356 995466.0 0.99534
0.15527 995465.0 0.99534
0.15552 995464.0 0.99534
0.15576 995462.0 0.99533
0.15601 995461.0 0.99533
0.15649 995460.0 0.99533
0.15698 995457.0 0.99533
0.15845 995456.0 0.99533
0.15894 995455.0 0.99533
0.15979 995454.0 0.99533
0.15991 995453.0 0.99533
0.16016 995452.0 0.99532
0.16089 995451.0 0.99532
0.16138 995450.0 0.99532
0.16187 995449.0 0.99532
0.16309 995448.0 0.99532
0.16333 995447.0 0.99532
0.16406 995446.0 0.99532
0.16418 995444.0 0.99532
0.16431 995443.0 0.99532
0.16443 995442.0 0.99531
0.16455 995441.0 0.99531
0.16528 995440.0 0.99531
0.16553 995439.0 0.99531
0.16602 995437.0 0.99531
0.16711 995436.0 0.99531
0.16748 995435.0 0.99531
0.1676 995434.0 0.99531
0.16772 995433.0 0.99531
0.1687 995432.0 0.9953
0.16895 995431.0 0.9953
0.16919 995429.0 0.9953
0.16943 995427.0 0.9953
0.16968 995426.0 0.9953
0.17078 995425.0 0.9953
0.17139 995423.0 0.9953
0.17163 995421.0 0.99529
0.17212 995420.0 0.99529
0.1731 995419.0 0.99529
0.17358 995418.0 0.99529
0.17407 995417.0 0.99529
0.17468 995416.0 0.99529
0.1748 995414.0 0.99529
0.17676 995413.0 0.99529
0.17798 995412.0 0.99528
0.17847 995411.0 0.99528
0.1792 995410.0 0.99528
0.18042 995409.0 0.99528
0.18188 995408.0 0.99528
0.18433 995407.0 0.99528
0.18457 995406.0 0.99528
0.18628 995405.0 0.99528
0.18701 995403.0 0.99528
0.18799 995402.0 0.99527
0.1897 995401.0 0.99527
0.18982 995400.0 0.99527
0.1936 995399.0 0.99527
0.19409 995398.0 0.99527
0.19482 995395.0 0.99527
0.19604 995394.0 0.99527
0.19629 995393.0 0.99527
0.19702 995392.0 0.99526
0.19849 995391.0 0.99526
0.19946 995390.0 0.99526
0.19995 995389.0 0.99526
0.20044 995388.0 0.99526
0.20068 995387.0 0.99526
0.20117 995386.0 0.99526
0.20361 995385.0 0.99526
0.2041 995384.0 0.99526
0.20532 995383.0 0.99526
0.20605 995382.0 0.99525
0.20776 995381.0 0.99525
0.20898 995380.0 0.99525
0.20911 995379.0 0.99525
0.20947 995378.0 0.99525
0.21021 995377.0 0.99525
0.2135 995376.0 0.99525
0.21362 995375.0 0.99525
0.21509 995372.0 0.99524
0.21533 995371.0 0.99524
0.2168 995370.0 0.99524
0.21826 995367.0 0.99524
0.21875 995366.0 0.99524
0.22192 995365.0 0.99524
0.22656 995363.0 0.99524
0.22778 995362.0 0.99523
0.229 995361.0 0.99523
0.22913 995360.0 0.99523
0.22925 995359.0 0.99523
0.22986 995358.0 0.99523
0.22998 995357.0 0.99523
0.23022 995356.0 0.99523
0.23047 995355.0 0.99523
0.23157 995354.0 0.99523
0.23242 995353.0 0.99523
0.23425 995352.0 0.99522
0.23486 995351.0 0.99522
0.23511 995350.0 0.99522
0.23682 995349.0 0.99522
0.2373 995348.0 0.99522
0.23779 995347.0 0.99522
0.23877 995346.0 0.99522
0.24023 995345.0 0.99522
0.24048 995344.0 0.99522
0.24072 995343.0 0.99522
0.24146 995342.0 0.99521
0.24268 995341.0 0.99521
0.24377 995340.0 0.99521
0.24414 995339.0 0.99521
0.24561 995337.0 0.99521
0.24683 995336.0 0.99521
0.24756 995335.0 0.99521
0.24817 995334.0 0.99521
0.24854 995333.0 0.99521
0.24902 995332.0 0.9952
0.25024 995331.0 0.9952
0.25244 995330.0 0.9952
0.25269 995329.0 0.9952
0.25659 995328.0 0.9952
0.25708 995326.0 0.9952
0.25757 995325.0 0.9952
0.2583 995324.0 0.9952
0.25867 995323.0 0.9952
0.25879 995322.0 0.99519
0.26001 995321.0 0.99519
0.26099 995320.0 0.99519
0.26538 995319.0 0.99519
0.26807 995317.0 0.99519
0.26819 995316.0 0.99519
0.26831 995315.0 0.99519
0.27026 995314.0 0.99519
0.27173 995312.0 0.99518
0.27271 995310.0 0.99518
0.27734 995309.0 0.99518
0.27759 995308.0 0.99518
0.27783 995307.0 0.99518
0.27795 995306.0 0.99518
0.27808 995305.0 0.99518
0.27832 995303.0 0.99518
0.28198 995301.0 0.99517
0.28442 995300.0 0.99517
0.28516 995299.0 0.99517
0.28784 995298.0 0.99517
0.28931 995297.0 0.99517
0.28992 995296.0 0.99517
0.29016 995295.0 0.99517
0.29224 995294.0 0.99517
0.29614 995293.0 0.99517
0.29834 995292.0 0.99516
0.30103 995291.0 0.99516
0.30127 995290.0 0.99516
0.30151 995289.0 0.99516
0.30273 995288.0 0.99516
0.3042 995287.0 0.99516
0.30566 995286.0 0.99516
0.30811 995285.0 0.99516
0.31201 995283.0 0.99516
0.31299 995282.0 0.99515
0.3136 995281.0 0.99515
0.31421 995280.0 0.99515
0.3186 995279.0 0.99515
0.32153 995278.0 0.99515
0.32166 995277.0 0.99515
0.32178 995276.0 0.99515
0.32568 995275.0 0.99515
0.32617 995274.0 0.99515
0.32642 995273.0 0.99515
0.32715 995272.0 0.99514
0.328 995271.0 0.99514
0.3291 995270.0 0.99514
0.32935 995269.0 0.99514
0.33008 995268.0 0.99514
0.33044 995267.0 0.99514
0.33057 995266.0 0.99514
0.33301 995265.0 0.99514
0.33362 995264.0 0.99514
0.33472 995263.0 0.99514
0.33569 995262.0 0.99513
0.3374 995261.0 0.99513
0.33789 995260.0 0.99513
0.33936 995259.0 0.99513
0.34082 995258.0 0.99513
0.3418 995257.0 0.99513
0.34351 995256.0 0.99513
0.34497 995255.0 0.99513
0.34521 995254.0 0.99513
0.34546 995253.0 0.99513
0.34668 995252.0 0.99512
0.34766 995251.0 0.99512
0.34985 995250.0 0.99512
0.35034 995249.0 0.99512
0.35278 995248.0 0.99512
0.35449 995247.0 0.99512
0.35547 995246.0 0.99512
0.35962 995245.0 0.99512
0.36108 995243.0 0.99512
0.36157 995242.0 0.99511
0.36206 995241.0 0.99511
0.3623 995240.0 0.99511
0.36377 995239.0 0.99511
0.36816 995238.0 0.99511
0.37183 995237.0 0.99511
0.37451 995235.0 0.99511
0.37476 995234.0 0.99511
0.37488 995233.0 0.99511
0.37793 995232.0 0.9951
0.38062 995231.0 0.9951
0.3811 995230.0 0.9951
0.3833 995229.0 0.9951
0.38452 995228.0 0.9951
0.38599 995227.0 0.9951
0.38684 995226.0 0.9951
0.38696 995225.0 0.9951
0.3894 995224.0 0.9951
0.38989 995223.0 0.9951
0.39209 995222.0 0.99509
0.39258 995221.0 0.99509
0.39673 995220.0 0.99509
0.39893 995219.0 0.99509
0.40015 995218.0 0.99509
0.4021 995217.0 0.99509
0.40356 995216.0 0.99509
0.40503 995215.0 0.99509
0.40698 995214.0 0.99509
0.4071 995213.0 0.99509
0.41016 995212.0 0.99508
0.41235 995211.0 0.99508
0.4126 995210.0 0.99508
0.41309 995209.0 0.99508
0.41455 995208.0 0.99508
0.41614 995207.0 0.99508
0.41675 995206.0 0.99508
0.41748 995205.0 0.99508
0.41919 995204.0 0.99508
0.42163 995203.0 0.99508
0.42224 995202.0 0.99507
0.42529 995201.0 0.99507
0.42542 995200.0 0.99507
0.42773 995199.0 0.99507
0.43066 995198.0 0.99507
0.43188 995197.0 0.99507
0.43213 995196.0 0.99507
0.43311 995195.0 0.99507
0.43335 995194.0 0.99507
0.43384 995193.0 0.99507
0.43408 995192.0 0.99506
0.43494 995191.0 0.99506
0.43555 995190.0 0.99506
0.43628 995189.0 0.99506
0.43652 995188.0 0.99506
0.44092 995186.0 0.99506
0.44165 995185.0 0.99506
0.44214 995184.0 0.99506
0.44409 995183.0 0.99506
0.4458 995182.0 0.99505
0.44604 995181.0 0.99505
0.45044 995180.0 0.99505
0.45239 995179.0 0.99505
0.45312 995178.0 0.99505
0.45337 995177.0 0.99505
0.45361 995176.0 0.99505
0.4563 995175.0 0.99505
0.4585 995174.0 0.99505
0.46094 995173.0 0.99505
0.46265 995172.0 0.99504
0.4646 995171.0 0.99504
0.46655 995170.0 0.99504
0.4668 995169.0 0.99504
0.46924 995168.0 0.99504
0.47119 995167.0 0.99504
0.47241 995166.0 0.99504
0.47266 995165.0 0.99504
0.47339 995164.0 0.99504
0.47681 995163.0 0.99504
0.47998 995162.0 0.99503
0.48047 995161.0 0.99503
0.48291 995160.0 0.99503
0.48486 995158.0 0.99503
0.48511 995157.0 0.99503
0.48853 995156.0 0.99503
0.49097 995155.0 0.99503
0.49133 995154.0 0.99503
0.4917 995153.0 0.99503
0.49194 995152.0 0.99502
