0.032928 250051.0 1.0
0.03299 250050.0 0.99999
0.03302 250047.0 0.99998
0.033051 250046.0 0.99998
0.033081 250042.0 0.99996
0.033112 250038.0 0.99994
0.033142 250031.0 0.99992
0.033173 250025.0 0.99989
0.033203 250021.0 0.99988
0.033234 250013.0 0.99984
0.033249 250012.0 0.99984
0.033264 250002.0 0.9998
0.033295 249996.0 0.99978
0.033325 249989.0 0.99975
0.033356 249979.0 0.99971
0.033386 249967.0 0.99966
0.033417 249956.0 0.99962
0.033447 249948.0 0.99958
0.033478 249940.0 0.99955
0.033493 249939.0 0.99955
0.033508 249934.0 0.99953
0.033539 249931.0 0.99952
0.033554 249930.0 0.99951
0.033569 249920.0 0.99947
0.0336 249912.0 0.99944
0.03363 249907.0 0.99942
0.033646 249906.0 0.99942
0.033661 249900.0 0.99939
0.033676 249899.0 0.99939
0.033691 249890.0 0.99935
0.033722 249884.0 0.99933
0.033752 249880.0 0.99931
0.033783 249875.0 0.99929
0.033813 249867.0 0.99926
0.033844 249859.0 0.99923
0.033859 249858.0 0.99922
0.033875 249851.0 0.9992
0.033905 249843.0 0.99916
0.033936 249836.0 0.99914
0.033966 249827.0 0.9991
0.033997 249822.0 0.99908
0.034027 249818.0 0.99906
0.034058 249809.0 0.99903
0.034088 249805.0 0.99901
0.034119 249797.0 0.99898
0.034149 249792.0 0.99896
0.03418 249788.0 0.99894
0.03421 249783.0 0.99892
0.034225 249782.0 0.99892
0.034241 249777.0 0.9989
0.034256 249776.0 0.9989
0.034271 249771.0 0.99888
0.034302 249766.0 0.99886
0.034317 249764.0 0.99885
0.034332 249756.0 0.99882
0.034363 249749.0 0.99879
0.034378 249748.0 0.99878
0.034393 249741.0 0.99876
0.034409 249740.0 0.99875
0.034424 249734.0 0.99873
0.034439 249733.0 0.99872
0.034454 249723.0 0.99868
0.03447 249722.0 0.99868
0.034485 249718.0 0.99866
0.0345 249717.0 0.99866
0.034515 249714.0 0.99865
0.034546 249704.0 0.99861
0.034561 249703.0 0.9986
0.034576 249694.0 0.99857
0.034592 249693.0 0.99856
0.034607 249687.0 0.99854
0.034637 249685.0 0.99853
0.034668 249682.0 0.99852
0.034698 249681.0 0.99852
0.034729 249673.0 0.99848
0.034744 249671.0 0.99848
0.03476 249669.0 0.99847
0.034775 249666.0 0.99846
0.03479 249663.0 0.99844
0.034805 249662.0 0.99844
0.034821 249657.0 0.99842
0.034836 249656.0 0.99842
0.034851 249647.0 0.99838
0.034866 249646.0 0.99838
0.034882 249642.0 0.99836
0.034912 249633.0 0.99832
0.034943 249631.0 0.99832
0.034958 249628.0 0.9983
0.034973 249624.0 0.99829
0.034988 249622.0 0.99828
0.035004 249619.0 0.99827
0.035019 249616.0 0.99826
0.035034 249614.0 0.99825
0.035049 249612.0 0.99824
0.035065 249610.0 0.99823
0.03508 249606.0 0.99822
0.035095 249602.0 0.9982
0.035126 249599.0 0.99819
0.035141 249597.0 0.99818
0.035156 249589.0 0.99815
0.035172 249586.0 0.99814
0.035187 249585.0 0.99813
0.035202 249584.0 0.99813
0.035217 249581.0 0.99812
0.035233 249580.0 0.99811
0.035248 249576.0 0.9981
0.035263 249574.0 0.99809
0.035278 249572.0 0.99808
0.035294 249568.0 0.99806
0.035309 249566.0 0.99806
0.035324 249563.0 0.99804
0.035339 249560.0 0.99803
0.035355 249559.0 0.99803
0.03537 249556.0 0.99802
0.035385 249555.0 0.99801
0.0354 249552.0 0.998
0.035416 249551.0 0.998
0.035431 249548.0 0.99798
0.035446 249547.0 0.99798
0.035461 249545.0 0.99797
0.035477 249543.0 0.99796
0.035492 249538.0 0.99794
0.035507 249537.0 0.99794
0.035522 249532.0 0.99792
0.035553 249530.0 0.99791
0.035568 249527.0 0.9979
0.035583 249524.0 0.99789
0.035599 249522.0 0.99788
0.035614 249520.0 0.99787
0.035629 249519.0 0.99787
0.035645 249514.0 0.99785
0.03566 249512.0 0.99784
0.035675 249509.0 0.99783
0.035706 249505.0 0.99781
0.035721 249503.0 0.9978
0.035736 249502.0 0.9978
0.035751 249500.0 0.99779
0.035767 249498.0 0.99778
0.035782 249495.0 0.99777
0.035797 249493.0 0.99776
0.035812 249492.0 0.99776
0.035828 249491.0 0.99776
0.035843 249490.0 0.99775
0.035858 249486.0 0.99774
0.035873 249485.0 0.99773
0.035889 249483.0 0.99772
0.035919 249480.0 0.99771
0.035934 249472.0 0.99768
0.03595 249467.0 0.99766
0.035965 249466.0 0.99766
0.03598 249463.0 0.99764
0.035995 249460.0 0.99763
0.036011 249458.0 0.99762
0.036041 249456.0 0.99762
0.036057 249455.0 0.99761
0.036064 249454.0 0.99761
0.036072 249451.0 0.9976
0.036087 249449.0 0.99759
0.036102 249445.0 0.99757
0.036118 249443.0 0.99756
0.036133 249441.0 0.99756
0.036148 249438.0 0.99754
0.036156 249437.0 0.99754
0.036163 249435.0 0.99753
0.036194 249430.0 0.99751
0.036209 249428.0 0.9975
0.036224 249427.0 0.9975
0.03624 249425.0 0.99749
0.036255 249420.0 0.99747
0.03627 249418.0 0.99746
0.036285 249415.0 0.99745
0.036301 249414.0 0.99745
0.036316 249411.0 0.99744
0.036324 249410.0 0.99743
0.036331 249408.0 0.99742
0.036346 249405.0 0.99741
0.036354 249404.0 0.99741
0.036362 249403.0 0.9974
0.036377 249400.0 0.99739
0.036392 249398.0 0.99738
0.036407 249397.0 0.99738
0.036438 249393.0 0.99736
0.036469 249391.0 0.99736
0.036484 249390.0 0.99735
0.036514 249384.0 0.99733
0.03653 249383.0 0.99732
0.036537 249382.0 0.99732
0.036545 249381.0 0.99732
0.03656 249379.0 0.99731
0.036575 249377.0 0.9973
0.036591 249374.0 0.99729
0.036606 249372.0 0.99728
0.036621 249370.0 0.99727
0.036636 249369.0 0.99727
0.036644 249368.0 0.99726
0.036667 249367.0 0.99726
0.036697 249363.0 0.99724
0.036713 249360.0 0.99723
0.036728 249359.0 0.99723
0.036751 249358.0 0.99722
0.036758 249356.0 0.99722
0.036774 249354.0 0.99721
0.036789 249351.0 0.9972
0.036804 249348.0 0.99718
0.036812 249347.0 0.99718
0.036819 249345.0 0.99717
0.036835 249343.0 0.99716
0.03685 249340.0 0.99715
0.03688 249338.0 0.99714
0.036896 249337.0 0.99714
0.036911 249336.0 0.99714
0.036919 249335.0 0.99713
0.036926 249334.0 0.99713
0.036942 249332.0 0.99712
0.036957 249331.0 0.99712
0.036987 249330.0 0.99711
0.037003 249328.0 0.9971
0.037018 249323.0 0.99708
0.037033 249320.0 0.99707
0.037041 249319.0 0.99707
0.037048 249316.0 0.99706
0.037064 249313.0 0.99704
0.037079 249309.0 0.99703
0.037094 249302.0 0.997
0.037109 249298.0 0.99698
0.037117 249297.0 0.99698
0.037125 249295.0 0.99697
0.03714 249293.0 0.99696
0.037155 249291.0 0.99696
0.03717 249290.0 0.99695
0.037186 249288.0 0.99694
0.037201 249286.0 0.99694
0.037216 249283.0 0.99692
0.037231 249276.0 0.9969
0.037247 249275.0 0.99689
0.037262 249274.0 0.99689
0.03727 249273.0 0.99688
0.037277 249272.0 0.99688
0.037292 249270.0 0.99687
0.037308 249268.0 0.99686
0.037323 249264.0 0.99685
0.037338 249262.0 0.99684
0.037354 249260.0 0.99683
0.037369 249255.0 0.99681
0.037376 249254.0 0.99681
0.037384 249250.0 0.99679
0.037399 249249.0 0.99679
0.037415 249247.0 0.99678
0.03743 249245.0 0.99677
0.037445 249243.0 0.99676
0.03746 249240.0 0.99675
0.037476 249238.0 0.99674
0.037491 249235.0 0.99673
0.037506 249234.0 0.99673
0.037521 249232.0 0.99672
0.037537 249227.0 0.9967
0.037552 249225.0 0.99669
0.037567 249224.0 0.99669
0.037582 249219.0 0.99667
0.037598 249217.0 0.99666
0.037613 249216.0 0.99666
0.037621 249215.0 0.99665
0.037628 249212.0 0.99664
0.037643 249210.0 0.99663
0.037659 249208.0 0.99662
0.037674 249204.0 0.99661
0.037689 249201.0 0.9966
0.037704 249199.0 0.99659
0.037735 249197.0 0.99658
0.03775 249195.0 0.99657
0.037758 249194.0 0.99657
0.037766 249190.0 0.99655
0.037781 249189.0 0.99655
0.037827 249188.0 0.99654
0.037857 249185.0 0.99653
0.037872 249181.0 0.99652
0.037888 249180.0 0.99651
0.037903 249179.0 0.99651
0.037918 249178.0 0.9965
0.037941 249177.0 0.9965
0.037964 249176.0 0.9965
0.037979 249172.0 0.99648
0.037994 249170.0 0.99647
0.03801 249167.0 0.99646
0.038025 249165.0 0.99645
0.03804 249164.0 0.99645
0.038055 249163.0 0.99644
0.038071 249160.0 0.99643
0.038086 249156.0 0.99642
0.038101 249155.0 0.99641
0.038116 249154.0 0.99641
0.038124 249153.0 0.9964
0.038132 249152.0 0.9964
0.038139 249151.0 0.9964
0.038162 249150.0 0.99639
0.038177 249148.0 0.99638
0.038208 249145.0 0.99637
0.038216 249144.0 0.99637
0.038223 249141.0 0.99636
0.038239 249138.0 0.99634
0.038254 249136.0 0.99634
0.038269 249133.0 0.99632
0.038284 249130.0 0.99631
0.0383 249128.0 0.9963
0.038307 249127.0 0.9963
0.038315 249125.0 0.99629
0.03833 249123.0 0.99628
0.038338 249121.0 0.99628
0.038345 249118.0 0.99626
0.038361 249116.0 0.99626
0.038376 249115.0 0.99625
0.038391 249112.0 0.99624
0.038422 249110.0 0.99623
0.038437 249108.0 0.99622
0.038452 249106.0 0.99622
0.038483 249105.0 0.99621
0.038498 249104.0 0.99621
0.038513 249102.0 0.9962
0.038528 249101.0 0.9962
0.038544 249098.0 0.99618
0.038559 249095.0 0.99617
0.038574 249092.0 0.99616
0.038589 249091.0 0.99616
0.038605 249089.0 0.99615
0.038612 249088.0 0.99614
0.03862 249087.0 0.99614
0.038635 249085.0 0.99613
0.038651 249083.0 0.99612
0.038666 249082.0 0.99612
0.038681 249081.0 0.99612
0.038689 249080.0 0.99611
0.038696 249078.0 0.9961
0.038712 249077.0 0.9961
0.038727 249073.0 0.99608
0.038742 249069.0 0.99607
0.038773 249066.0 0.99606
0.038788 249064.0 0.99605
0.038818 249062.0 0.99604
0.038834 249059.0 0.99603
0.038849 249058.0 0.99602
0.038864 249056.0 0.99602
0.038879 249054.0 0.99601
0.038895 249053.0 0.996
0.03891 249051.0 0.996
0.038925 249050.0 0.99599
0.03894 249045.0 0.99597
0.038956 249039.0 0.99595
0.038971 249038.0 0.99594
0.038986 249034.0 0.99593
0.039001 249031.0 0.99592
0.039017 249029.0 0.99591
0.039032 249028.0 0.9959
0.039047 249026.0 0.9959
0.039078 249025.0 0.99589
0.039093 249024.0 0.99589
0.039108 249023.0 0.99588
0.039124 249021.0 0.99588
0.039139 249020.0 0.99587
0.039154 249018.0 0.99586
0.039169 249017.0 0.99586
0.039215 249015.0 0.99585
0.03923 249013.0 0.99584
0.039246 249012.0 0.99584
0.039284 249011.0 0.99584
0.039291 249010.0 0.99583
0.039322 249009.0 0.99583
0.039337 249008.0 0.99582
0.039352 249005.0 0.99581
0.039368 249002.0 0.9958
0.039383 248997.0 0.99578
0.039398 248994.0 0.99577
0.039436 248992.0 0.99576
0.039444 248991.0 0.99576
0.039452 248990.0 0.99575
0.039459 248989.0 0.99575
0.039474 248988.0 0.99574
0.03949 248987.0 0.99574
0.039505 248985.0 0.99573
0.03952 248983.0 0.99572
0.039536 248981.0 0.99572
0.039551 248980.0 0.99571
0.039566 248978.0 0.9957
0.039597 248976.0 0.9957
0.039612 248975.0 0.99569
0.039619 248974.0 0.99569
0.039627 248972.0 0.99568
0.039642 248970.0 0.99567
0.039658 248969.0 0.99567
0.039665 248968.0 0.99566
0.039688 248966.0 0.99566
0.039719 248964.0 0.99565
0.039734 248961.0 0.99564
0.039749 248959.0 0.99563
0.039764 248957.0 0.99562
0.03978 248956.0 0.99562
0.039795 248954.0 0.99561
0.03981 248953.0 0.9956
0.039825 248950.0 0.99559
0.039856 248949.0 0.99559
0.039871 248946.0 0.99558
0.039902 248943.0 0.99556
0.039917 248942.0 0.99556
0.039932 248941.0 0.99556
0.039963 248938.0 0.99554
0.039978 248937.0 0.99554
0.039993 248936.0 0.99554
0.040009 248934.0 0.99553
0.040024 248929.0 0.99551
0.040039 248927.0 0.9955
0.040085 248925.0 0.99549
0.0401 248924.0 0.99549
0.040131 248922.0 0.99548
0.040146 248920.0 0.99547
0.040161 248918.0 0.99546
0.040176 248914.0 0.99545
0.040207 248912.0 0.99544
0.040222 248910.0 0.99543
0.040237 248908.0 0.99542
0.040253 248904.0 0.99541
0.040283 248902.0 0.9954
0.040298 248900.0 0.99539
0.040314 248898.0 0.99538
0.040329 248897.0 0.99538
0.040375 248896.0 0.99538
0.04039 248894.0 0.99537
0.040436 248893.0 0.99536
0.040466 248892.0 0.99536
0.040497 248890.0 0.99535
0.040512 248888.0 0.99534
0.040527 248886.0 0.99534
0.040558 248885.0 0.99533
0.040588 248882.0 0.99532
0.040604 248881.0 0.99532
0.040619 248880.0 0.99531
0.040649 248879.0 0.99531
0.040665 248878.0 0.9953
0.040695 248877.0 0.9953
0.04071 248875.0 0.99529
0.040726 248874.0 0.99529
0.040756 248873.0 0.99529
0.040863 248872.0 0.99528
0.040878 248871.0 0.99528
0.040894 248870.0 0.99527
0.040909 248868.0 0.99527
0.040939 248866.0 0.99526
0.040955 248865.0 0.99525
0.040985 248864.0 0.99525
0.041 248863.0 0.99525
0.041016 248862.0 0.99524
0.041046 248860.0 0.99523
0.041077 248859.0 0.99523
0.041092 248856.0 0.99522
0.041122 248855.0 0.99521
0.04113 248854.0 0.99521
0.041138 248852.0 0.9952
0.041145 248851.0 0.9952
0.041153 248850.0 0.99519
0.041199 248849.0 0.99519
0.041229 248847.0 0.99518
0.041275 248846.0 0.99518
0.04129 248845.0 0.99517
0.041321 248843.0 0.99517
0.041367 248841.0 0.99516
0.041382 248840.0 0.99515
0.041397 248839.0 0.99515
0.041412 248836.0 0.99514
0.041428 248835.0 0.99513
0.041443 248834.0 0.99513
0.041458 248833.0 0.99513
0.041504 248832.0 0.99512
0.04155 248831.0 0.99512
0.041565 248829.0 0.99511
0.041611 248827.0 0.9951
0.041626 248825.0 0.99509
0.041656 248823.0 0.99509
0.041687 248822.0 0.99508
0.041702 248821.0 0.99508
0.041718 248819.0 0.99507
0.041733 248818.0 0.99507
0.041748 248817.0 0.99506
0.041763 248816.0 0.99506
0.041809 248814.0 0.99505
0.04184 248813.0 0.99505
0.041855 248811.0 0.99504
0.041885 248810.0 0.99503
0.041901 248808.0 0.99503
0.041916 248807.0 0.99502
0.041946 248806.0 0.99502
0.041977 248805.0 0.99501
0.041992 248802.0 0.995
0.042007 248799.0 0.99499
0.042038 248797.0 0.99498
0.042053 248796.0 0.99498
0.042068 248795.0 0.99497
0.042084 248792.0 0.99496
0.042114 248791.0 0.99496
0.042145 248788.0 0.99495
0.042175 248783.0 0.99493
0.042221 248781.0 0.99492
0.042236 248779.0 0.99491
0.042252 248778.0 0.99491
0.042313 248777.0 0.9949
0.042328 248776.0 0.9949
0.042343 248774.0 0.99489
0.042358 248773.0 0.99489
0.04245 248771.0 0.99488
0.042465 248769.0 0.99487
0.04248 248768.0 0.99487
0.042496 248764.0 0.99485
0.042542 248763.0 0.99485
0.042603 248761.0 0.99484
0.042664 248759.0 0.99483
0.042786 248757.0 0.99482
0.042831 248756.0 0.99482
0.042847 248755.0 0.99481
0.042862 248753.0 0.99481
0.042892 248752.0 0.9948
0.042969 248751.0 0.9948
0.042984 248750.0 0.99479
0.042999 248748.0 0.99479
0.043091 248746.0 0.99478
0.043121 248744.0 0.99477
0.043152 248742.0 0.99476
0.043182 248741.0 0.99476
0.043243 248739.0 0.99475
0.043274 248737.0 0.99474
0.043289 248736.0 0.99474
0.04332 248735.0 0.99473
0.043335 248734.0 0.99473
0.04335 248733.0 0.99473
0.043381 248732.0 0.99472
0.043396 248731.0 0.99472
0.043411 248730.0 0.99471
0.043427 248729.0 0.99471
0.043442 248728.0 0.99471
0.043457 248726.0 0.9947
0.043488 248724.0 0.99469
0.043503 248723.0 0.99469
0.043549 248720.0 0.99467
0.043594 248719.0 0.99467
0.04361 248718.0 0.99467
0.04364 248717.0 0.99466
0.043701 248716.0 0.99466
0.043716 248715.0 0.99465
0.043732 248714.0 0.99465
0.043823 248713.0 0.99465
0.043854 248712.0 0.99464
0.0439 248711.0 0.99464
0.043945 248710.0 0.99463
0.043961 248709.0 0.99463
0.043991 248708.0 0.99463
0.044006 248707.0 0.99462
0.044067 248705.0 0.99461
0.044083 248704.0 0.99461
0.044098 248702.0 0.9946
0.044128 248698.0 0.99459
0.044144 248697.0 0.99458
0.044174 248696.0 0.99458
0.044189 248693.0 0.99457
0.04425 248691.0 0.99456
0.044266 248690.0 0.99455
0.044312 248689.0 0.99455
0.044327 248688.0 0.99455
0.044342 248687.0 0.99454
0.044357 248686.0 0.99454
0.044373 248683.0 0.99453
0.044479 248682.0 0.99452
0.044495 248681.0 0.99452
0.044525 248679.0 0.99451
0.04454 248678.0 0.99451
0.044556 248676.0 0.9945
0.044571 248675.0 0.99449
0.044586 248674.0 0.99449
0.044617 248671.0 0.99448
0.044647 248670.0 0.99447
0.044693 248669.0 0.99447
0.044739 248668.0 0.99447
0.044769 248667.0 0.99446
0.0448 248666.0 0.99446
0.044861 248664.0 0.99445
0.044891 248662.0 0.99444
0.044922 248659.0 0.99443
0.044952 248657.0 0.99442
0.044968 248656.0 0.99442
0.044983 248655.0 0.99441
0.045029 248654.0 0.99441
0.045044 248653.0 0.99441
0.045074 248652.0 0.9944
0.04509 248651.0 0.9944
0.045105 248648.0 0.99439
0.045135 248646.0 0.99438
0.045166 248645.0 0.99437
0.045197 248644.0 0.99437
0.045227 248642.0 0.99436
0.045242 248640.0 0.99435
0.045288 248637.0 0.99434
0.045303 248636.0 0.99434
0.045319 248635.0 0.99433
0.04538 248634.0 0.99433
0.045395 248633.0 0.99433
0.04541 248631.0 0.99432
0.045441 248629.0 0.99431
0.045471 248628.0 0.99431
0.045502 248626.0 0.9943
0.045532 248622.0 0.99428
0.045547 248621.0 0.99428
0.045563 248620.0 0.99427
0.045654 248619.0 0.99427
0.045715 248618.0 0.99427
0.045776 248617.0 0.99426
0.045807 248616.0 0.99426
0.045837 248612.0 0.99424
0.045868 248611.0 0.99424
0.045898 248606.0 0.99422
0.045929 248604.0 0.99421
0.045959 248603.0 0.99421
0.04599 248600.0 0.99419
0.046005 248598.0 0.99419
0.046021 248597.0 0.99418
0.046082 248595.0 0.99417
0.046112 248593.0 0.99417
0.046143 248592.0 0.99416
0.046173 248591.0 0.99416
0.046204 248590.0 0.99415
0.046326 248588.0 0.99415
0.046356 248587.0 0.99414
0.046387 248584.0 0.99413
0.046432 248583.0 0.99413
0.046463 248581.0 0.99412
0.046509 248578.0 0.99411
0.046631 248576.0 0.9941
0.046661 248575.0 0.99409
0.046692 248570.0 0.99407
0.046722 248569.0 0.99407
0.046753 248568.0 0.99407
0.046783 248567.0 0.99406
0.046799 248566.0 0.99406
0.046844 248564.0 0.99405
0.046875 248562.0 0.99404
0.046936 248560.0 0.99403
0.046967 248559.0 0.99403
0.047119 248557.0 0.99402
0.047134 248556.0 0.99402
0.04715 248555.0 0.99401
0.04718 248553.0 0.99401
0.047211 248551.0 0.994
0.047241 248550.0 0.99399
0.047302 248546.0 0.99398
0.047318 248545.0 0.99397
0.047424 248542.0 0.99396
0.047455 248541.0 0.99396
0.047485 248538.0 0.99395
0.047516 248537.0 0.99394
0.047546 248536.0 0.99394
0.047577 248535.0 0.99393
0.047592 248534.0 0.99393
0.047607 248530.0 0.99391
0.047638 248529.0 0.99391
0.047699 248528.0 0.99391
0.047729 248527.0 0.9939
0.047791 248526.0 0.9939
0.047821 248525.0 0.99389
0.047852 248522.0 0.99388
0.047882 248521.0 0.99388
0.047913 248520.0 0.99387
0.047974 248516.0 0.99386
0.048111 248515.0 0.99385
0.048157 248514.0 0.99385
0.048218 248512.0 0.99384
0.048279 248508.0 0.99383
0.048309 248507.0 0.99382
0.04834 248506.0 0.99382
0.048401 248505.0 0.99381
0.048431 248504.0 0.99381
0.048462 248503.0 0.99381
0.048553 248502.0 0.9938
0.048615 248501.0 0.9938
0.048676 248499.0 0.99379
0.048706 248496.0 0.99378
0.048737 248494.0 0.99377
0.048767 248492.0 0.99376
0.048798 248491.0 0.99376
0.048828 248489.0 0.99375
0.048859 248488.0 0.99375
0.048904 248487.0 0.99374
0.04892 248485.0 0.99373
0.04895 248484.0 0.99373
0.048981 248481.0 0.99372
0.049011 248479.0 0.99371
0.049042 248477.0 0.9937
0.049072 248476.0 0.9937
0.049133 248473.0 0.99369
0.049194 248472.0 0.99368
0.049255 248471.0 0.99368
0.049316 248469.0 0.99367
0.049347 248467.0 0.99366
0.049377 248463.0 0.99365
0.049408 248462.0 0.99364
0.049438 248460.0 0.99363
0.049469 248459.0 0.99363
0.0495 248456.0 0.99362
0.049561 248455.0 0.99361
0.049744 248454.0 0.99361
0.049805 248453.0 0.99361
0.049896 248451.0 0.9936
0.049927 248450.0 0.99359
0.049957 248449.0 0.99359
0.050018 248448.0 0.99359
0.050049 248446.0 0.99358
0.050079 248445.0 0.99357
0.05011 248443.0 0.99357
0.050171 248437.0 0.99354
0.050201 248436.0 0.99354
0.050262 248434.0 0.99353
0.050323 248433.0 0.99353
0.050354 248432.0 0.99352
0.050385 248430.0 0.99351
0.050415 248427.0 0.9935
0.050476 248424.0 0.99349
0.050598 248423.0 0.99349
0.050629 248422.0 0.99348
0.050659 248417.0 0.99346
0.05069 248416.0 0.99346
0.05072 248411.0 0.99344
0.050781 248410.0 0.99343
0.050903 248409.0 0.99343
0.051025 248408.0 0.99343
0.051147 248406.0 0.99342
0.051178 248405.0 0.99341
0.051208 248400.0 0.99339
0.051239 248399.0 0.99339
0.05127 248398.0 0.99339
0.051331 248392.0 0.99336
0.051361 248391.0 0.99336
0.051392 248390.0 0.99335
0.051422 248389.0 0.99335
0.051514 248384.0 0.99333
0.051575 248383.0 0.99333
0.051636 248382.0 0.99332
0.051697 248381.0 0.99332
0.051758 248377.0 0.9933
0.051788 248376.0 0.9933
0.05188 248375.0 0.99329
0.05191 248374.0 0.99329
0.051941 248372.0 0.99328
0.052063 248370.0 0.99327
0.052094 248369.0 0.99327
0.052124 248365.0 0.99325
0.052155 248364.0 0.99325
0.052216 248363.0 0.99325
0.052246 248362.0 0.99324
0.052307 248360.0 0.99323
0.052338 248359.0 0.99323
0.05249 248357.0 0.99322
0.052551 248356.0 0.99322
0.052643 248355.0 0.99321
0.052673 248353.0 0.99321
0.052734 248352.0 0.9932
0.052856 248349.0 0.99319
0.052917 248347.0 0.99318
0.05307 248346.0 0.99318
0.053162 248345.0 0.99317
0.053223 248344.0 0.99317
0.053284 248343.0 0.99317
0.053314 248341.0 0.99316
0.053375 248340.0 0.99315
0.053406 248339.0 0.99315
0.053467 248337.0 0.99314
0.053528 248336.0 0.99314
0.053558 248335.0 0.99313
0.05365 248334.0 0.99313
0.053711 248333.0 0.99313
0.053772 248331.0 0.99312
0.053802 248330.0 0.99311
0.053864 248329.0 0.99311
0.053894 248326.0 0.9931
0.053986 248325.0 0.99309
0.054016 248324.0 0.99309
0.054138 248323.0 0.99309
0.054199 248322.0 0.99308
0.05426 248319.0 0.99307
0.054291 248318.0 0.99307
0.054382 248317.0 0.99306
0.054443 248316.0 0.99306
0.054565 248315.0 0.99305
0.054657 248314.0 0.99305
0.054779 248313.0 0.99305
0.054871 248312.0 0.99304
0.054932 248310.0 0.99303
0.054993 248309.0 0.99303
0.055115 248307.0 0.99302
0.055176 248306.0 0.99302
0.055298 248305.0 0.99301
0.055389 248304.0 0.99301
0.05542 248302.0 0.993
0.055878 248301.0 0.993
0.056091 248299.0 0.99299
0.056152 248297.0 0.99298
0.056274 248296.0 0.99298
0.056305 248295.0 0.99297
0.056396 248294.0 0.99297
0.056458 248292.0 0.99296
0.056519 248291.0 0.99296
0.05658 248290.0 0.99295
0.056671 248288.0 0.99295
0.056702 248286.0 0.99294
0.056763 248285.0 0.99293
0.056824 248284.0 0.99293
0.056885 248282.0 0.99292
0.057007 248281.0 0.99292
0.057129 248280.0 0.99291
0.057251 248279.0 0.99291
0.057373 248278.0 0.99291
0.057434 248277.0 0.9929
0.057495 248275.0 0.99289
0.057678 248274.0 0.99289
0.057922 248273.0 0.99289
0.057983 248270.0 0.99287
0.058167 248269.0 0.99287
0.05835 248268.0 0.99287
0.058441 248267.0 0.99286
0.058472 248266.0 0.99286
0.058838 248265.0 0.99285
0.05896 248264.0 0.99285
0.059021 248263.0 0.99285
0.059082 248262.0 0.99284
0.059326 248261.0 0.99284
0.059937 248260.0 0.99283
0.060059 248258.0 0.99283
0.060303 248257.0 0.99282
0.060425 248255.0 0.99281
0.060486 248254.0 0.99281
0.060547 248252.0 0.9928
0.060791 248251.0 0.9928
0.060852 248250.0 0.99279
0.06134 248248.0 0.99279
0.061646 248246.0 0.99278
0.06189 248245.0 0.99277
0.061951 248243.0 0.99277
0.062561 248242.0 0.99276
0.062866 248241.0 0.99276
0.063171 248240.0 0.99275
0.063232 248238.0 0.99275
0.063354 248237.0 0.99274
0.063477 248236.0 0.99274
0.06366 248235.0 0.99273
0.063782 248234.0 0.99273
0.063843 248233.0 0.99273
0.065002 248232.0 0.99272
0.065063 248231.0 0.99272
0.065125 248229.0 0.99271
0.065186 248228.0 0.99271
0.065308 248227.0 0.9927
0.065369 248226.0 0.9927
0.06543 248225.0 0.99269
0.065674 248224.0 0.99269
0.066589 248223.0 0.99269
0.066833 248222.0 0.99268
0.067017 248221.0 0.99268
0.067261 248220.0 0.99267
0.068115 248219.0 0.99267
0.068481 248218.0 0.99267
0.068604 248216.0 0.99266
0.068726 248215.0 0.99265
0.068848 248214.0 0.99265
0.06897 248213.0 0.99265
0.069092 248212.0 0.99264
0.069214 248211.0 0.99264
0.069702 248210.0 0.99263
0.069946 248207.0 0.99262
0.070129 248206.0 0.99262
0.07019 248205.0 0.99261
0.070312 248203.0 0.99261
0.070435 248202.0 0.9926
0.070496 248201.0 0.9926
0.070557 248200.0 0.99259
0.070679 248199.0 0.99259
0.070801 248197.0 0.99258
0.070923 248196.0 0.99258
0.071167 248195.0 0.99257
0.071289 248194.0 0.99257
0.071411 248193.0 0.99257
0.071533 248190.0 0.99255
0.071777 248189.0 0.99255
0.071899 248187.0 0.99254
0.072021 248186.0 0.99254
0.072083 248185.0 0.99253
0.072144 248184.0 0.99253
0.072266 248183.0 0.99253
0.072388 248181.0 0.99252
0.07251 248178.0 0.99251
0.072754 248177.0 0.9925
0.072876 248175.0 0.99249
0.072998 248173.0 0.99249
0.073059 248172.0 0.99248
0.07312 248171.0 0.99248
0.073181 248170.0 0.99247
0.073364 248169.0 0.99247
0.073853 248168.0 0.99247
0.074219 248167.0 0.99246
0.074341 248166.0 0.99246
0.074463 248165.0 0.99245
0.074707 248163.0 0.99245
0.074768 248162.0 0.99244
0.074829 248160.0 0.99243
0.07489 248159.0 0.99243
0.074951 248158.0 0.99243
0.075073 248156.0 0.99242
0.075195 248155.0 0.99241
0.075317 248154.0 0.99241
0.075439 248153.0 0.99241
0.0755 248152.0 0.9924
0.075867 248151.0 0.9924
0.075928 248149.0 0.99239
0.07605 248148.0 0.99239
0.076111 248147.0 0.99238
0.076538 248146.0 0.99238
0.07666 248144.0 0.99237
0.076721 248143.0 0.99237
0.076904 248140.0 0.99235
0.077026 248139.0 0.99235
0.077148 248137.0 0.99234
0.077271 248136.0 0.99234
0.077637 248135.0 0.99233
0.077759 248132.0 0.99232
0.077881 248129.0 0.99231
0.078003 248127.0 0.9923
0.078125 248125.0 0.99229
0.078369 248124.0 0.99229
0.078613 248122.0 0.99228
0.078674 248121.0 0.99228
0.078735 248118.0 0.99227
0.079102 248116.0 0.99226
0.079224 248111.0 0.99224
0.07959 248110.0 0.99223
0.079712 248109.0 0.99223
0.080078 248108.0 0.99223
0.0802 248105.0 0.99221
0.080322 248103.0 0.99221
0.080444 248102.0 0.9922
0.080566 248099.0 0.99219
0.080688 248097.0 0.99218
0.080811 248095.0 0.99217
0.081177 248093.0 0.99217
0.081299 248091.0 0.99216
0.081421 248090.0 0.99215
0.081543 248087.0 0.99214
0.081665 248085.0 0.99213
0.081787 248084.0 0.99213
0.081909 248083.0 0.99213
0.082153 248081.0 0.99212
0.082397 248080.0 0.99211
0.08252 248079.0 0.99211
0.082642 248077.0 0.9921
0.082764 248076.0 0.9921
0.082825 248075.0 0.99209
0.082947 248074.0 0.99209
0.08313 248073.0 0.99209
0.083252 248071.0 0.99208
0.083618 248070.0 0.99207
0.083862 248069.0 0.99207
0.083984 248068.0 0.99207
0.084106 248067.0 0.99206
0.084229 248064.0 0.99205
0.084351 248062.0 0.99204
0.084473 248060.0 0.99203
0.084595 248059.0 0.99203
0.084839 248058.0 0.99203
0.084961 248056.0 0.99202
0.085083 248054.0 0.99201
0.085205 248053.0 0.99201
0.085327 248052.0 0.992
0.085449 248049.0 0.99199
0.085938 248047.0 0.99198
0.08606 248046.0 0.99198
0.086182 248045.0 0.99197
0.086304 248044.0 0.99197
0.086548 248043.0 0.99197
0.08667 248042.0 0.99196
0.086792 248041.0 0.99196
0.087036 248040.0 0.99195
0.087158 248039.0 0.99195
0.087402 248037.0 0.99194
0.087524 248036.0 0.99194
0.088135 248033.0 0.99193
0.088745 248032.0 0.99192
0.088867 248031.0 0.99192
0.089111 248030.0 0.99191
0.089355 248029.0 0.99191
0.089844 248027.0 0.9919
0.089966 248026.0 0.9919
0.090454 248024.0 0.99189
0.090576 248023.0 0.99189
0.09082 248022.0 0.99188
0.091187 248021.0 0.99188
0.091553 248019.0 0.99187
0.091675 248018.0 0.99187
0.091919 248017.0 0.99186
0.092041 248016.0 0.99186
0.092285 248015.0 0.99185
0.092407 248013.0 0.99185
0.092529 248012.0 0.99184
0.092651 248011.0 0.99184
0.092773 248010.0 0.99183
0.09314 248009.0 0.99183
0.09375 248008.0 0.99183
0.093872 248007.0 0.99182
0.093994 248006.0 0.99182
0.094116 248004.0 0.99181
0.094604 248003.0 0.99181
0.094971 248001.0 0.9918
0.095093 248000.0 0.99179
0.095215 247999.0 0.99179
0.095337 247998.0 0.99179
0.095581 247997.0 0.99178
0.095703 247995.0 0.99177
0.095947 247994.0 0.99177
0.096191 247992.0 0.99176
0.096313 247991.0 0.99176
0.096436 247989.0 0.99175
0.096558 247988.0 0.99175
0.09668 247987.0 0.99174
0.096802 247986.0 0.99174
0.097046 247985.0 0.99173
0.097168 247984.0 0.99173
0.09729 247983.0 0.99173
0.097656 247982.0 0.99172
0.097778 247981.0 0.99172
0.098145 247978.0 0.99171
0.098755 247977.0 0.9917
0.098877 247976.0 0.9917
0.099121 247975.0 0.99169
0.099243 247974.0 0.99169
0.099976 247973.0 0.99169
0.10022 247972.0 0.99168
0.10071 247970.0 0.99167
0.10083 247968.0 0.99167
0.10095 247967.0 0.99166
0.1012 247966.0 0.99166
0.10132 247965.0 0.99165
0.10168 247964.0 0.99165
0.10181 247963.0 0.99165
0.10193 247961.0 0.99164
0.10205 247960.0 0.99163
0.10229 247959.0 0.99163
0.10254 247956.0 0.99162
0.10303 247955.0 0.99161
0.10315 247954.0 0.99161
0.10327 247953.0 0.99161
0.10352 247951.0 0.9916
0.10376 247950.0 0.99159
0.104 247948.0 0.99159
0.10413 247946.0 0.99158
0.10449 247944.0 0.99157
0.10461 247943.0 0.99157
0.10474 247942.0 0.99156
0.10498 247940.0 0.99155
0.10535 247939.0 0.99155
0.10547 247938.0 0.99155
0.10596 247937.0 0.99154
0.1062 247936.0 0.99154
0.10645 247935.0 0.99153
0.10693 247934.0 0.99153
0.1073 247933.0 0.99153
0.10742 247932.0 0.99152
0.10767 247931.0 0.99152
0.10791 247930.0 0.99151
0.10815 247928.0 0.99151
0.10828 247927.0 0.9915
0.10864 247925.0 0.99149
0.10876 247924.0 0.99149
0.10889 247923.0 0.99149
0.10913 247922.0 0.99148
0.10986 247921.0 0.99148
0.10999 247919.0 0.99147
0.11108 247917.0 0.99146
0.11243 247916.0 0.99146
0.11279 247913.0 0.99145
0.11292 247912.0 0.99144
0.11328 247910.0 0.99143
0.11389 247909.0 0.99143
0.11401 247908.0 0.99143
0.11475 247906.0 0.99142
0.11499 247905.0 0.99141
0.11572 247904.0 0.99141
0.11621 247903.0 0.99141
0.11743 247902.0 0.9914
0.11768 247900.0 0.99139
0.11792 247899.0 0.99139
0.11841 247898.0 0.99139
0.11877 247897.0 0.99138
0.1189 247896.0 0.99138
0.11902 247895.0 0.99137
0.11914 247894.0 0.99137
0.11963 247891.0 0.99136
0.11987 247890.0 0.99135
0.12036 247888.0 0.99135
0.12109 247887.0 0.99134
0.12183 247886.0 0.99134
0.12207 247883.0 0.99133
0.12256 247882.0 0.99132
0.12292 247881.0 0.99132
0.12415 247880.0 0.99131
0.12463 247879.0 0.99131
0.125 247878.0 0.99131
0.12512 247877.0 0.9913
0.12549 247876.0 0.9913
0.12622 247874.0 0.99129
0.12646 247873.0 0.99129
0.12695 247872.0 0.99128
0.12769 247870.0 0.99127
0.12842 247869.0 0.99127
0.12891 247867.0 0.99126
0.12988 247866.0 0.99126
0.13 247865.0 0.99125
0.13013 247863.0 0.99125
0.13037 247862.0 0.99124
0.13135 247861.0 0.99124
0.13184 247860.0 0.99123
0.13257 247859.0 0.99123
0.13281 247858.0 0.99123
0.1333 247857.0 0.99122
0.13379 247855.0 0.99121
0.13452 247854.0 0.99121
0.13501 247852.0 0.9912
0.13525 247851.0 0.9912
0.13672 247850.0 0.99119
0.13745 247849.0 0.99119
0.1377 247848.0 0.99119
0.13916 247847.0 0.99118
0.1394 247846.0 0.99118
0.14014 247845.0 0.99117
0.14038 247844.0 0.99117
0.14136 247843.0 0.99117
0.14185 247841.0 0.99116
0.14258 247840.0 0.99115
0.14307 247838.0 0.99115
0.14331 247837.0 0.99114
0.14355 247836.0 0.99114
0.1438 247835.0 0.99113
0.14404 247834.0 0.99113
0.14453 247833.0 0.99113
0.14478 247832.0 0.99112
0.1449 247831.0 0.99112
0.14551 247829.0 0.99111
0.14624 247828.0 0.99111
0.14673 247827.0 0.9911
0.14819 247825.0 0.99109
0.14893 247823.0 0.99109
0.15039 247822.0 0.99108
0.15088 247821.0 0.99108
0.15161 247820.0 0.99107
0.15308 247819.0 0.99107
0.15405 247818.0 0.99107
0.15479 247816.0 0.99106
0.15552 247815.0 0.99105
0.15649 247813.0 0.99105
0.15796 247812.0 0.99104
0.15845 247811.0 0.99104
0.16064 247810.0 0.99103
0.16089 247809.0 0.99103
0.16162 247808.0 0.99103
0.16309 247807.0 0.99102
0.16333 247806.0 0.99102
0.16357 247805.0 0.99101
0.16406 247804.0 0.99101
0.16455 247803.0 0.99101
0.16553 247802.0 0.991
0.16602 247801.0 0.991
0.16614 247800.0 0.99099
0.1687 247799.0 0.99099
0.16943 247797.0 0.99098
0.17041 247796.0 0.99098
0.17065 247793.0 0.99097
0.17139 247789.0 0.99095
0.17261 247788.0 0.99095
0.17529 247787.0 0.99094
0.17627 247786.0 0.99094
0.17749 247785.0 0.99093
0.17773 247784.0 0.99093
0.17883 247783.0 0.99093
0.18188 247782.0 0.99092
0.18213 247781.0 0.99092
0.18506 247780.0 0.99091
0.18701 247777.0 0.9909
0.18823 247776.0 0.9909
0.18896 247775.0 0.99089
0.19092 247774.0 0.99089
0.19116 247773.0 0.99089
0.19141 247772.0 0.99088
0.19189 247771.0 0.99088
0.19238 247770.0 0.99087
0.19312 247769.0 0.99087
0.1936 247767.0 0.99086
0.19482 247766.0 0.99086
0.198 247765.0 0.99085
0.19824 247764.0 0.99085
0.19873 247763.0 0.99085
0.19897 247762.0 0.99084
0.19995 247761.0 0.99084
0.20044 247760.0 0.99083
0.20581 247759.0 0.99083
0.20801 247757.0 0.99082
0.2085 247756.0 0.99082
0.20874 247755.0 0.99081
0.20898 247754.0 0.99081
0.21069 247753.0 0.99081
0.21094 247752.0 0.9908
0.21118 247750.0 0.99079
0.21216 247749.0 0.99079
0.21338 247748.0 0.99079
0.21484 247747.0 0.99078
0.2168 247746.0 0.99078
0.21973 247745.0 0.99077
0.22095 247744.0 0.99077
0.22241 247743.0 0.99077
0.22534 247742.0 0.99076
0.22559 247741.0 0.99076
0.22681 247740.0 0.99075
0.22754 247739.0 0.99075
0.22876 247738.0 0.99075
0.23145 247737.0 0.99074
0.23169 247736.0 0.99074
0.23389 247735.0 0.99073
0.23535 247734.0 0.99073
0.2356 247733.0 0.99073
0.23633 247732.0 0.99072
0.23706 247731.0 0.99072
0.24072 247730.0 0.99071
0.2417 247729.0 0.99071
0.24292 247728.0 0.99071
0.24414 247727.0 0.9907
0.24609 247726.0 0.9907
0.25098 247725.0 0.99069
0.25269 247724.0 0.99069
0.25293 247723.0 0.99069
0.25342 247722.0 0.99068
0.25366 247721.0 0.99068
0.25513 247720.0 0.99067
0.25635 247718.0 0.99067
0.26172 247717.0 0.99066
0.26514 247715.0 0.99065
0.26562 247714.0 0.99065
0.26587 247713.0 0.99065
0.26733 247711.0 0.99064
0.26831 247710.0 0.99063
0.27319 247709.0 0.99063
0.27368 247708.0 0.99063
0.27417 247706.0 0.99062
0.27441 247705.0 0.99061
0.27661 247704.0 0.99061
0.27856 247703.0 0.99061
0.27881 247702.0 0.9906
0.28076 247701.0 0.9906
0.28589 247700.0 0.99059
0.28906 247699.0 0.99059
0.28955 247698.0 0.99059
0.29346 247697.0 0.99058
0.29492 247696.0 0.99058
0.2959 247694.0 0.99057
0.29639 247692.0 0.99056
0.30469 247691.0 0.99056
0.30884 247690.0 0.99055
0.31104 247689.0 0.99055
0.31274 247688.0 0.99055
0.31323 247687.0 0.99054
0.31421 247685.0 0.99053
0.3147 247684.0 0.99053
0.31885 247683.0 0.99053
0.32031 247682.0 0.99052
0.32324 247681.0 0.99052
0.32471 247680.0 0.99051
0.32593 247679.0 0.99051
0.32739 247678.0 0.99051
0.32886 247677.0 0.9905
0.33008 247676.0 0.9905
0.33179 247675.0 0.99049
0.33325 247674.0 0.99049
0.33911 247673.0 0.99049
0.3396 247672.0 0.99048
0.33984 247670.0 0.99047
0.34131 247669.0 0.99047
0.34814 247668.0 0.99047
0.34863 247667.0 0.99046
0.35083 247666.0 0.99046
0.35181 247665.0 0.99045
0.35352 247664.0 0.99045
0.35547 247663.0 0.99045
0.35889 247662.0 0.99044
0.36108 247661.0 0.99044
0.37183 247660.0 0.99043
0.37598 247659.0 0.99043
0.38037 247658.0 0.99043
0.38452 247657.0 0.99042
0.38647 247656.0 0.99042
0.38867 247655.0 0.99041
0.39038 247654.0 0.99041
0.39258 247653.0 0.99041
0.39307 247652.0 0.9904
0.40063 247651.0 0.9904
0.40088 247650.0 0.99039
0.40503 247649.0 0.99039
0.40967 247648.0 0.99039
0.41064 247647.0 0.99038
0.41187 247646.0 0.99038
0.41504 247645.0 0.99037
0.41553 247644.0 0.99037
0.4165 247643.0 0.99037
0.41895 247642.0 0.99036
0.4209 247641.0 0.99036
0.42383 247640.0 0.99035
0.42651 247638.0 0.99035
0.43115 247637.0 0.99034
0.43286 247636.0 0.99034
0.43335 247635.0 0.99033
0.4353 247634.0 0.99033
0.43579 247633.0 0.99033
0.44165 247632.0 0.99032
0.44629 247631.0 0.99032
0.44702 247630.0 0.99031
0.44873 247629.0 0.99031
0.45361 247628.0 0.99031
0.45483 247627.0 0.9903
0.45703 247626.0 0.9903
0.46045 247625.0 0.99029
0.46216 247624.0 0.99029
0.46509 247623.0 0.99029
0.46533 247621.0 0.99028
0.47168 247620.0 0.99027
0.47461 247619.0 0.99027
0.47534 247618.0 0.99027
0.47656 247617.0 0.99026
0.48096 247616.0 0.99026
0.4834 247615.0 0.99025
0.48438 247614.0 0.99025
0.48779 247613.0 0.99025
0.49072 247612.0 0.99024
0.49707 247611.0 0.99024
0.49731 247610.0 0.99023
0.4978 247609.0 0.99023
0.49951 247608.0 0.99023
