0.046082 499932.0 1.0
0.046356 499931.0 1.0
0.046631 499930.0 0.99999
0.051697 499929.0 0.99999
0.053986 499928.0 0.99999
0.057465 499927.0 0.99999
0.05835 499926.0 0.99999
0.06073 499925.0 0.99998
0.063324 499924.0 0.99998
0.066925 499923.0 0.99998
0.067322 499922.0 0.99998
0.067902 499921.0 0.99998
0.070251 499920.0 0.99997
0.071136 499919.0 0.99997
0.077179 499918.0 0.99997
0.077759 499917.0 0.99997
0.077911 499916.0 0.99997
0.080872 499915.0 0.99996
0.083435 499914.0 0.99996
0.086182 499913.0 0.99996
0.090454 499912.0 0.99996
0.093445 499911.0 0.99996
0.097778 499910.0 0.99995
0.099487 499909.0 0.99995
0.10477 499908.0 0.99995
0.11481 499907.0 0.99995
0.11935 499906.0 0.99995
0.12637 499905.0 0.99994
0.12762 499904.0 0.99994
0.13025 499903.0 0.99994
0.13098 499902.0 0.99994
0.13403 499901.0 0.99994
0.14822 499900.0 0.99993
0.14908 499899.0 0.99993
0.15982 499898.0 0.99993
0.15991 499897.0 0.99993
0.16605 499896.0 0.99993
0.16843 499895.0 0.99992
0.17676 499894.0 0.99992
0.17984 499893.0 0.99992
0.18634 499892.0 0.99992
0.19501 499891.0 0.99992
0.20392 499890.0 0.99991
0.2066 499889.0 0.99991
0.2084 499888.0 0.99991
0.21463 499887.0 0.99991
0.21539 499886.0 0.99991
0.21918 499885.0 0.9999
0.23734 499884.0 0.9999
0.23907 499883.0 0.9999
0.24057 499882.0 0.9999
0.25204 499881.0 0.9999
0.27017 499880.0 0.99989
0.27621 499879.0 0.99989
0.2908 499878.0 0.99989
0.29343 499877.0 0.99989
0.29395 499876.0 0.99989
0.31082 499875.0 0.99988
0.31195 499874.0 0.99988
0.31323 499873.0 0.99988
0.33441 499872.0 0.99988
0.3353 499871.0 0.99988
0.34286 499870.0 0.99987
0.36172 499869.0 0.99987
0.3891 499868.0 0.99987
0.39252 499867.0 0.99987
0.39621 499866.0 0.99987
0.40042 499865.0 0.99986
0.40366 499864.0 0.99986
0.42334 499863.0 0.99986
0.42822 499862.0 0.99986
0.43225 499861.0 0.99986
0.45676 499860.0 0.99985
0.47 499859.0 0.99985
0.47144 499858.0 0.99985
0.4736 499857.0 0.99985
0.48196 499856.0 0.99985
