0.034103 99981.0 0.99999
0.034363 99980.0 0.99998
0.036041 99979.0 0.99997
0.037506 99978.0 0.99996
0.037537 99977.0 0.99995
0.037628 99976.0 0.99994
0.037781 99975.0 0.99993
0.039948 99974.0 0.99992
0.040955 99973.0 0.99991
0.042816 99972.0 0.9999
0.044403 99971.0 0.99989
0.045685 99970.0 0.99988
0.045807 99969.0 0.99987
0.046021 99968.0 0.99986
0.046234 99967.0 0.99985
0.046509 99966.0 0.99984
0.04657 99965.0 0.99983
0.048615 99964.0 0.99982
0.050018 99963.0 0.99981
0.05127 99962.0 0.9998
0.051666 99961.0 0.99979
0.051788 99960.0 0.99978
0.052399 99959.0 0.99977
0.05249 99958.0 0.99976
0.052521 99957.0 0.99975
0.05307 99956.0 0.99974
0.053802 99955.0 0.99973
0.055389 99954.0 0.99972
0.05545 99953.0 0.99971
0.055603 99952.0 0.9997
0.057098 99951.0 0.99969
0.057495 99950.0 0.99968
0.058746 99949.0 0.99967
0.05896 99948.0 0.99966
0.06192 99947.0 0.99965
0.061981 99946.0 0.99964
0.062439 99945.0 0.99963
0.065613 99944.0 0.99962
0.066254 99943.0 0.99961
0.066559 99942.0 0.9996
0.067413 99941.0 0.99959
0.069061 99940.0 0.99958
0.071014 99939.0 0.99957
0.07251 99938.0 0.99956
0.073425 99937.0 0.99955
0.074127 99936.0 0.99954
0.074585 99935.0 0.99953
0.075836 99934.0 0.99952
0.077881 99933.0 0.99951
0.079681 99932.0 0.9995
0.080109 99931.0 0.99949
0.08017 99930.0 0.99948
0.080963 99929.0 0.99947
0.085114 99928.0 0.99946
0.087402 99927.0 0.99945
0.089661 99926.0 0.99944
0.093628 99925.0 0.99943
0.09494 99924.0 0.99942
0.096985 99923.0 0.99941
0.098267 99922.0 0.9994
0.10168 99921.0 0.99939
0.10425 99920.0 0.99938
0.10468 99919.0 0.99937
0.10651 99918.0 0.99936
0.11035 99917.0 0.99935
0.11197 99916.0 0.99934
0.11234 99915.0 0.99933
0.11298 99914.0 0.99932
0.11533 99913.0 0.99931
0.11581 99912.0 0.9993
0.11783 99911.0 0.99929
0.11966 99910.0 0.99928
0.12686 99909.0 0.99927
0.13303 99908.0 0.99926
0.13965 99907.0 0.99925
0.13983 99906.0 0.99924
0.14572 99905.0 0.99923
0.14645 99904.0 0.99922
0.15143 99903.0 0.99921
0.15933 99902.0 0.9992
0.16223 99901.0 0.99919
0.16254 99900.0 0.99918
0.16513 99899.0 0.99917
0.16522 99898.0 0.99916
0.16867 99897.0 0.99915
0.1709 99896.0 0.99914
0.17972 99895.0 0.99913
0.1828 99894.0 0.99912
0.18307 99893.0 0.99911
0.18933 99892.0 0.9991
0.18985 99891.0 0.99909
0.19064 99890.0 0.99908
0.19937 99889.0 0.99907
0.20181 99888.0 0.99906
0.20499 99887.0 0.99905
0.21771 99886.0 0.99904
0.22202 99885.0 0.99903
0.22351 99884.0 0.99902
0.23154 99883.0 0.99901
0.23193 99882.0 0.999
0.23334 99881.0 0.99899
0.23584 99880.0 0.99898
0.23666 99879.0 0.99897
0.23987 99878.0 0.99896
0.24466 99877.0 0.99895
0.24808 99876.0 0.99894
0.25323 99875.0 0.99893
0.26703 99874.0 0.99892
0.26752 99873.0 0.99891
0.27127 99872.0 0.9989
0.27383 99871.0 0.99889
0.28333 99870.0 0.99888
0.28995 99869.0 0.99887
0.29254 99868.0 0.99886
0.3031 99867.0 0.99885
0.3118 99866.0 0.99884
0.31369 99865.0 0.99883
0.31476 99864.0 0.99882
0.32297 99863.0 0.99881
0.32724 99862.0 0.9988
0.3418 99861.0 0.99879
0.34433 99860.0 0.99878
0.35416 99859.0 0.99877
0.35452 99858.0 0.99876
0.3558 99857.0 0.99875
0.36606 99856.0 0.99874
0.36621 99855.0 0.99873
0.36926 99854.0 0.99872
0.37958 99853.0 0.99871
0.38336 99852.0 0.9987
0.38614 99851.0 0.99869
0.39606 99850.0 0.99868
0.40137 99849.0 0.99867
0.40762 99848.0 0.99866
0.40921 99847.0 0.99865
0.41098 99846.0 0.99864
0.42441 99845.0 0.99863
0.4317 99844.0 0.99862
0.43655 99843.0 0.99861
0.4408 99842.0 0.9986
0.44806 99841.0 0.99859
0.44995 99840.0 0.99858
0.46368 99839.0 0.99857
0.48117 99838.0 0.99856
0.4895 99837.0 0.99855
0.49106 99836.0 0.99854
0.49829 99835.0 0.99853
