0.049622 1000127.0 1.0
0.057892 1000126.0 1.0
0.059845 1000125.0 1.0
0.062469 1000124.0 1.0
0.062714 1000123.0 0.99999
0.067017 1000122.0 0.99999
0.070984 1000121.0 0.99999
0.073639 1000120.0 0.99999
0.08194 1000119.0 0.99999
0.083649 1000118.0 0.99999
0.085815 1000117.0 0.99999
0.089722 1000116.0 0.99999
0.099518 1000115.0 0.99999
0.10037 1000114.0 0.99999
0.10077 1000113.0 0.99998
0.1106 1000112.0 0.99998
0.12408 1000111.0 0.99998
0.12659 1000110.0 0.99998
0.14767 1000109.0 0.99998
0.15189 1000108.0 0.99998
0.15372 1000107.0 0.99998
0.15558 1000106.0 0.99998
0.1557 1000105.0 0.99998
0.1701 1000104.0 0.99998
0.17398 1000103.0 0.99997
0.18872 1000102.0 0.99997
0.21048 1000101.0 0.99997
0.21878 1000100.0 0.99997
0.2189 1000099.0 0.99997
0.21973 1000098.0 0.99997
0.22641 1000097.0 0.99997
0.2547 1000096.0 0.99997
0.27682 1000095.0 0.99997
0.27747 1000094.0 0.99997
0.2851 1000093.0 0.99996
0.29788 1000092.0 0.99996
0.2988 1000091.0 0.99996
0.31879 1000090.0 0.99996
0.32825 1000089.0 0.99996
0.3472 1000088.0 0.99996
0.36444 1000087.0 0.99996
0.3656 1000086.0 0.99996
0.36993 1000085.0 0.99996
0.40625 1000084.0 0.99996
0.41345 1000083.0 0.99995
0.41858 1000082.0 0.99995
0.42288 1000081.0 0.99995
0.45898 1000080.0 0.99995
0.46283 1000079.0 0.99995
0.49393 1000078.0 0.99995
0.49908 1000077.0 0.99995
