0.060204 750029.0 1.0
0.072372 750028.0 1.0
0.086227 750027.0 1.0
0.088608 750026.0 0.99999
0.10306 750025.0 0.99999
0.12224 750024.0 0.99999
0.13461 750023.0 0.99999
0.1516 750022.0 0.99999
0.17618 750021.0 0.99999
0.17947 750020.0 0.99999
0.21075 750019.0 0.99999
0.22532 750018.0 0.99998
0.22712 750017.0 0.99998
0.26109 750016.0 0.99998
0.28373 750015.0 0.99998
0.31239 750014.0 0.99998
0.33112 750013.0 0.99998
0.33716 750012.0 0.99998
0.37866 750011.0 0.99997
0.41633 750010.0 0.99997
0.42383 750009.0 0.99997
0.46219 750008.0 0.99997
0.4975 750007.0 0.99997
