0.063049 4000097.0 1.0
0.067627 4000096.0 1.0
0.077026 4000095.0 1.0
0.080322 4000094.0 1.0
0.087769 4000093.0 1.0
0.091553 4000092.0 1.0
0.097168 4000091.0 1.0
0.097534 4000090.0 1.0
0.09967 4000089.0 1.0
0.10107 4000088.0 1.0
0.11346 4000087.0 1.0
0.11591 4000086.0 1.0
0.14624 4000085.0 1.0
0.14966 4000084.0 1.0
0.15045 4000083.0 1.0
0.15094 4000082.0 1.0
0.15839 4000081.0 1.0
0.16321 4000080.0 1.0
0.16791 4000079.0 1.0
0.16907 4000078.0 1.0
0.1709 4000077.0 0.99999
0.18451 4000076.0 0.99999
0.18524 4000075.0 0.99999
0.19641 4000074.0 0.99999
0.22339 4000073.0 0.99999
0.22742 4000072.0 0.99999
0.23572 4000071.0 0.99999
0.23651 4000070.0 0.99999
0.27118 4000069.0 0.99999
0.28882 4000068.0 0.99999
0.29517 4000067.0 0.99999
0.30017 4000066.0 0.99999
0.30255 4000065.0 0.99999
0.31775 4000064.0 0.99999
0.32184 4000063.0 0.99999
0.32397 4000062.0 0.99999
0.35858 4000061.0 0.99999
0.36102 4000060.0 0.99999
0.38788 4000059.0 0.99999
0.39441 4000058.0 0.99999
0.43591 4000057.0 0.99999
0.43738 4000056.0 0.99999
0.46002 4000055.0 0.99999
0.47491 4000054.0 0.99999
0.49835 4000053.0 0.99999
