#100k
3e-05 0.0
6e-05 0.0
9e-05 0.0
0.00012 0.0
0.00015 0.0
0.00018 0.0
0.00021 0.0
0.00024 1e-05
0.00027 1e-05
0.0003 1e-05
0.00033 1e-05
0.00036 1e-05
0.00039 1e-05
0.00042 1e-05
0.00045 1e-05
0.00048 1e-05
0.00051 1e-05
0.00054 1e-05
0.00057 1e-05
0.0006 1e-05
0.00063 1e-05
0.00066 1e-05
0.00069 1e-05
0.00072 1e-05
0.00075 2e-05
0.00078 2e-05
0.00081 2e-05
0.00084 2e-05
0.00087 2e-05
0.0009 2e-05
0.00093 2e-05
0.00096 2e-05
0.00099 2e-05
0.00102 2e-05
0.00105 2e-05
0.00108 2e-05
0.00111 2e-05
0.00114 2e-05
0.00117 2e-05
0.0012 2e-05
0.00123 2e-05
0.00126 2e-05
0.00129 2e-05
0.00132 2e-05
0.00135 3e-05
0.00138 3e-05
0.00141 3e-05
0.00144 3e-05
0.00147 3e-05
0.0015 3e-05
0.00153 3e-05
0.00156 4e-05
0.00159 4e-05
0.00162 6e-05
0.00165 7e-05
0.00168 9e-05
0.00171 0.0001
0.00174 0.00012
0.00177 0.00012
0.0018 0.00015
0.00183 0.00017
0.00186 0.00018
0.00189 0.00022
0.00192 0.00023
0.00195 0.00026
0.00198 0.00026
0.00201 0.00029
0.00204 0.0003
0.00207 0.00037
0.0021 0.00046
0.00213 0.00053
0.00216 0.00058
0.00219 0.0007
0.00222 0.00076
0.00225 0.00088
0.00228 0.001
0.00231 0.00111
0.00234 0.00127
0.00237 0.00137
0.0024 0.00151
0.00243 0.00158
0.00246 0.00168
0.00249 0.00181
0.00252 0.00196
0.00255 0.00211
0.00258 0.00225
0.00261 0.00228
0.00264 0.0024
0.00267 0.00247
0.0027 0.00256
0.00273 0.00267
0.00276 0.00277
0.00279 0.00281
0.00282 0.00288
0.00285 0.00296
0.00288 0.00301
0.00291 0.00303
0.00294 0.00308
0.00297 0.00311
0.003 0.00317
0.00303 0.0032
0.00306 0.00324
0.00309 0.0033
0.00312 0.00339
0.00315 0.00344
0.00318 0.00351
0.00321 0.00362
0.00324 0.0037
0.00327 0.00374
0.0033 0.00381
0.00333 0.00387
0.00336 0.00392
0.00339 0.00396
0.00342 0.00398
0.00345 0.00404
0.00348 0.00413
0.00351 0.00422
0.00354 0.00425
0.00357 0.00433
0.0036 0.00449
0.00363 0.00457
0.00366 0.00463
0.00369 0.00471
0.00372 0.00489
0.00375 0.00506
0.00378 0.00514
0.00381 0.00524
0.00384 0.00539
0.00387 0.00553
0.0039 0.00561
0.00393 0.00576
0.00396 0.00585
0.00399 0.00602
0.00402 0.00616
0.00405 0.0063
0.00408 0.00642
0.00411 0.00658
0.00414 0.00668
0.00417 0.0068
0.0042 0.00686
0.00423 0.00694
0.00426 0.00706
0.00429 0.00719
0.00432 0.00737
0.00435 0.00753
0.00438 0.0077
0.00441 0.00778
0.00444 0.00793
0.00447 0.00808
0.0045 0.00818
0.00453 0.00831
0.00456 0.00849
0.00459 0.00865
0.00462 0.00884
0.00465 0.00896
0.00468 0.00908
0.00471 0.00912
0.00474 0.00923
0.00477 0.00935
0.0048 0.00946
0.00483 0.00959
0.00486 0.00969
0.00489 0.00986
0.00492 0.00996
0.00495 0.01011
0.00498 0.0103
0.00501 0.01045
0.00504 0.01064
0.00507 0.01075
0.0051 0.0109
0.00513 0.01097
0.00516 0.01106
0.00519 0.01113
0.00522 0.01126
0.00525 0.0114
0.00528 0.01157
0.00531 0.01171
0.00534 0.01185
0.00537 0.012
0.0054 0.01208
0.00543 0.01222
0.00546 0.01236
0.00549 0.01255
0.00552 0.01266
0.00555 0.01281
0.00558 0.01296
0.00561 0.01305
0.00564 0.01314
0.00567 0.01333
0.0057 0.01342
0.00573 0.01358
0.00576 0.01366
0.00579 0.01383
0.00582 0.01394
0.00585 0.01407
0.00588 0.01416
0.00591 0.01427
0.00594 0.01436
0.00597 0.01451
0.006 0.01463
0.00603 0.01481
0.00606 0.01494
0.00609 0.01506
0.00612 0.01519
0.00615 0.01533
0.00618 0.01538
0.00621 0.01554
0.00624 0.01562
0.00627 0.01575
0.0063 0.01587
0.00633 0.01601
0.00636 0.01616
0.00639 0.01627
0.00642 0.01642
0.00645 0.01652
0.00648 0.01662
0.00651 0.0168
0.00654 0.01699
0.00657 0.01708
0.0066 0.01716
0.00663 0.01728
0.00666 0.01738
0.00669 0.01755
0.00672 0.01769
0.00675 0.01786
0.00678 0.01801
0.00681 0.0181
0.00684 0.01825
0.00687 0.01834
0.0069 0.01849
0.00693 0.01862
0.00696 0.0188
0.00699 0.01891
0.00702 0.01903
0.00705 0.01917
0.00708 0.01927
0.00711 0.01937
0.00714 0.01945
0.00717 0.01958
0.0072 0.01972
0.00723 0.01989
0.00726 0.02
0.00729 0.02011
0.00732 0.02032
0.00735 0.02044
0.00738 0.02055
0.00741 0.02067
0.00744 0.02083
0.00747 0.02099
0.0075 0.02119
0.00753 0.02139
0.00756 0.0215
0.00759 0.02165
0.00762 0.02179
0.00765 0.02187
0.00768 0.02198
0.00771 0.02207
0.00774 0.02221
0.00777 0.02238
0.0078 0.02255
0.00783 0.02268
0.00786 0.0228
0.00789 0.02298
0.00792 0.02305
0.00795 0.0232
0.00798 0.02336
0.00801 0.02353
0.00804 0.02362
0.00807 0.02374
0.0081 0.0239
0.00813 0.02411
0.00816 0.02425
0.00819 0.02441
0.00822 0.02451
0.00825 0.02463
0.00828 0.02475
0.00831 0.02487
0.00834 0.02496
0.00837 0.02504
0.0084 0.02522
0.00843 0.02537
0.00846 0.02555
0.00849 0.02572
0.00852 0.02583
0.00855 0.02599
0.00858 0.02613
0.00861 0.02625
0.00864 0.02648
0.00867 0.02664
0.0087 0.02673
0.00873 0.02691
0.00876 0.02712
0.00879 0.02727
0.00882 0.02747
0.00885 0.02758
0.00888 0.0277
0.00891 0.02782
0.00894 0.02793
0.00897 0.02802
0.009 0.02821
0.00903 0.02832
0.00906 0.02842
0.00909 0.02853
0.00912 0.02871
0.00915 0.0288
0.00918 0.02897
0.00921 0.02923
0.00924 0.02933
0.00927 0.02949
0.0093 0.02964
0.00933 0.02981
0.00936 0.02993
0.00939 0.03006
0.00942 0.0302
0.00945 0.03036
0.00948 0.03054
0.00951 0.03064
0.00954 0.03086
0.00957 0.03097
0.0096 0.03112
0.00963 0.03124
0.00966 0.03146
0.00969 0.03159
0.00972 0.03178
0.00975 0.0319
0.00978 0.03201
0.00981 0.03215
0.00984 0.03229
0.00987 0.03248
0.0099 0.03262
0.00993 0.03272
0.00996 0.03283
0.00999 0.03298
0.01002 0.03319
0.01005 0.03323
0.01008 0.03336
0.01011 0.03344
0.01014 0.03364
0.01017 0.03376
0.0102 0.03378
0.01023 0.03399
0.01026 0.03408
0.01029 0.03424
0.01032 0.03442
0.01035 0.03455
0.01038 0.03469
0.01041 0.03485
0.01044 0.03511
0.01047 0.0352
0.0105 0.0354
0.01053 0.03561
0.01056 0.03577
0.01059 0.0359
0.01062 0.036
0.01065 0.03618
0.01068 0.03634
0.01071 0.03651
0.01074 0.03657
0.01077 0.03666
0.0108 0.03675
0.01083 0.03688
0.01086 0.03703
0.01089 0.03709
0.01092 0.0372
0.01095 0.03729
0.01098 0.03741
0.01101 0.03748
0.01104 0.03756
0.01107 0.03766
0.0111 0.03789
0.01113 0.03804
0.01116 0.03811
0.01119 0.03824
0.01122 0.03837
0.01125 0.03844
0.01128 0.03856
0.01131 0.03872
0.01134 0.03879
0.01137 0.03886
0.0114 0.039
0.01143 0.03912
0.01146 0.03923
0.01149 0.0394
0.01152 0.03953
0.01155 0.03963
0.01158 0.03971
0.01161 0.03986
0.01164 0.03997
0.01167 0.04008
0.0117 0.04021
0.01173 0.04037
0.01176 0.04048
0.01179 0.04055
0.01182 0.0406
0.01185 0.04073
0.01188 0.04095
0.01191 0.04107
0.01194 0.04115
0.01197 0.04125
0.012 0.0414
0.01203 0.04152
0.01206 0.04163
0.01209 0.04173
0.01212 0.04193
0.01215 0.04211
0.01218 0.0422
0.01221 0.04234
0.01224 0.04243
0.01227 0.04252
0.0123 0.04265
0.01233 0.04274
0.01236 0.04283
0.01239 0.04291
0.01242 0.04302
0.01245 0.04312
0.01248 0.04321
0.01251 0.04339
0.01254 0.04352
0.01257 0.04369
0.0126 0.04382
0.01263 0.04395
0.01266 0.04407
0.01269 0.04425
0.01272 0.04432
0.01275 0.04442
0.01278 0.04455
0.01281 0.04459
0.01284 0.04468
0.01287 0.04486
0.0129 0.04495
0.01293 0.04502
0.01296 0.04513
0.01299 0.04527
0.01302 0.04537
0.01305 0.04544
0.01308 0.04555
0.01311 0.04568
0.01314 0.04582
0.01317 0.0459
0.0132 0.04598
0.01323 0.04613
0.01326 0.04633
0.01329 0.0464
0.01332 0.04655
0.01335 0.04659
0.01338 0.04667
0.01341 0.04677
0.01344 0.04684
0.01347 0.04696
0.0135 0.0471
0.01353 0.04727
0.01356 0.04737
0.01359 0.04745
0.01362 0.04757
0.01365 0.04768
0.01368 0.04779
0.01371 0.04787
0.01374 0.04798
0.01377 0.04809
0.0138 0.04815
0.01383 0.04826
0.01386 0.04833
0.01389 0.04845
0.01392 0.04856
0.01395 0.04866
0.01398 0.04878
0.01401 0.04889
0.01404 0.04892
0.01407 0.04898
0.0141 0.04905
0.01413 0.0491
0.01416 0.04916
0.01419 0.04922
0.01422 0.04927
0.01425 0.04932
0.01428 0.04947
0.01431 0.04951
0.01434 0.04956
0.01437 0.04964
0.0144 0.04967
0.01443 0.04977
0.01446 0.04983
0.01449 0.04985
0.01452 0.04997
0.01455 0.05005
0.01458 0.05012
0.01461 0.05013
0.01464 0.05024
0.01467 0.05032
0.0147 0.05037
0.01473 0.05047
0.01476 0.05057
0.01479 0.05062
0.01482 0.0507
0.01485 0.05076
0.01488 0.05085
0.01491 0.05093
0.01494 0.05099
0.01497 0.05108
0.015 0.0512
0.01503 0.05128
0.01506 0.05139
0.01509 0.05148
0.01512 0.05156
0.01515 0.05166
0.01518 0.05176
0.01521 0.05189
0.01524 0.05202
0.01527 0.05208
0.0153 0.05229
0.01533 0.05242
0.01536 0.05257
0.01539 0.05271
0.01542 0.05286
0.01545 0.05303
0.01548 0.05325
0.01551 0.05347
0.01554 0.05369
0.01557 0.054
0.0156 0.05434
0.01563 0.05477
0.01566 0.05502
0.01569 0.05545
0.01572 0.05585
0.01575 0.05629
0.01578 0.05686
0.01581 0.05752
0.01584 0.05808
0.01587 0.05886
0.0159 0.05961
0.01593 0.06048
0.01596 0.06165
0.01599 0.06283
0.01602 0.06414
0.01605 0.06568
0.01608 0.0674
0.01611 0.06936
0.01614 0.07164
0.01617 0.07418
0.0162 0.07678
0.01623 0.079971
0.01626 0.083372
0.01629 0.087373
0.01632 0.091414
0.01635 0.096215
0.01638 0.101366
0.01641 0.107397
0.01644 0.113918
0.01647 0.121209
0.0165 0.12939
0.01653 0.138502
0.01656 0.148164
0.01659 0.158666
0.01662 0.170828
0.01665 0.18347
0.01668 0.197643
0.01671 0.213116
0.01674 0.229709
0.01677 0.246392
0.0168 0.265215
0.01683 0.284799
0.01686 0.306113
0.01689 0.327857
0.01692 0.350091
0.01695 0.373745
0.01698 0.398439
0.01701 0.423724
0.01704 0.449649
0.01707 0.476074
0.0171 0.503179
0.01713 0.529914
0.01716 0.556139
0.01719 0.582984
0.01722 0.609059
0.01725 0.636454
0.01728 0.661799
0.01731 0.685813
0.01734 0.709737
0.01737 0.732471
0.0174 0.754245
0.01743 0.775079
0.01746 0.795363
0.01749 0.813316
0.01752 0.829939
0.01755 0.845602
0.01758 0.860325
0.01761 0.874478
0.01764 0.88723
0.01767 0.899262
0.0177 0.909484
0.01773 0.919486
0.01776 0.928188
0.01779 0.936129
0.01782 0.94364
0.01785 0.950251
0.01788 0.955902
0.01791 0.961383
0.01794 0.966484
0.01797 0.970345
0.018 0.974176
0.01803 0.977217
0.01806 0.980248
0.01809 0.982828
0.01812 0.985108
0.01815 0.987178
0.01818 0.988958
0.01821 0.990538
0.01824 0.991668
0.01827 0.992668
0.0183 0.993588
0.01833 0.994488
0.01836 0.995298
0.01839 0.996058
0.01842 0.996668
0.01845 0.997148
0.01848 0.997538
0.01851 0.997908
0.01854 0.998178
0.01857 0.998308
0.0186 0.998438
0.01863 0.998598
0.01866 0.998798
0.01869 0.998948
0.01872 0.999068
0.01875 0.999148
0.01878 0.999158
0.01881 0.999218
0.01884 0.999298
0.01887 0.999328
0.0189 0.999378
0.01893 0.999398
0.01896 0.999438
0.01899 0.999448
0.01902 0.999468
0.01905 0.999488
0.01908 0.999528
0.01911 0.999528
0.01914 0.999528
0.01917 0.999528
0.0192 0.999528
0.01923 0.999528
0.01926 0.999528
0.01929 0.999528
0.01932 0.999538
0.01935 0.999538
0.01938 0.999538
0.01941 0.999538
0.01944 0.999538
0.01947 0.999538
0.0195 0.999538
0.01953 0.999538
0.01956 0.999538
0.01959 0.999538
0.01962 0.999538
0.01965 0.999538
0.01968 0.999538
0.01971 0.999538
0.01974 0.999538
0.01977 0.999538
0.0198 0.999538
0.01983 0.999538
0.01986 0.999538
0.01989 0.999538
0.01992 0.999538
0.01995 0.999538
0.01998 0.999538
0.02001 0.999548
0.02004 0.999548
0.02007 0.999548
0.0201 0.999548
0.02013 0.999548
0.02016 0.999548
0.02019 0.999548
0.02022 0.999548
0.02025 0.999548
0.02028 0.999548
0.02031 0.999548
0.02034 0.999548
0.02037 0.999548
0.0204 0.999548
0.02043 0.999548
0.02046 0.999548
0.02049 0.999548
0.02052 0.999548
0.02055 0.999548
0.02058 0.999548
0.02061 0.999548
0.02064 0.999548
0.02067 0.999548
0.0207 0.999548
0.02073 0.999548
0.02076 0.999548
0.02079 0.999548
0.02082 0.999548
0.02085 0.999548
0.02088 0.999548
0.02091 0.999548
0.02094 0.999548
0.02097 0.999548
0.021 0.999548
0.02103 0.999548
0.02106 0.999548
0.02109 0.999548
0.02112 0.999548
0.02115 0.999548
0.02118 0.999548
0.02121 0.999548
0.02124 0.999548
0.02127 0.999548
0.0213 0.999548
0.02133 0.999548
0.02136 0.999548
0.02139 0.999548
0.02142 0.999548
0.02145 0.999548
0.02148 0.999548
0.02151 0.999548
0.02154 0.999548
0.02157 0.999548
0.0216 0.999548
0.02163 0.999558
0.02166 0.999558
0.02169 0.999558
0.02172 0.999558
0.02175 0.999558
0.02178 0.999558
0.02181 0.999558
0.02184 0.999558
0.02187 0.999558
0.0219 0.999558
0.02193 0.999558
0.02196 0.999558
0.02199 0.999558
0.02202 0.999558
0.02205 0.999558
0.02208 0.999558
0.02211 0.999558
0.02214 0.999558
0.02217 0.999558
0.0222 0.999558
0.02223 0.999558
0.02226 0.999558
0.02229 0.999558
0.02232 0.999558
0.02235 0.999558
0.02238 0.999558
0.02241 0.999558
0.02244 0.999558
0.02247 0.999558
0.0225 0.999558
0.02253 0.999558
0.02256 0.999558
0.02259 0.999558
0.02262 0.999558
0.02265 0.999558
0.02268 0.999558
0.02271 0.999558
0.02274 0.999558
0.02277 0.999558
0.0228 0.999558
0.02283 0.999558
0.02286 0.999558
0.02289 0.999558
0.02292 0.999558
0.02295 0.999558
0.02298 0.999558
0.02301 0.999558
0.02304 0.999558
0.02307 0.999558
0.0231 0.999558
0.02313 0.999558
0.02316 0.999558
0.02319 0.999558
0.02322 0.999558
0.02325 0.999558
0.02328 0.999558
0.02331 0.999558
0.02334 0.999558
0.02337 0.999558
0.0234 0.999558
0.02343 0.999558
0.02346 0.999558
0.02349 0.999558
0.02352 0.999558
0.02355 0.999558
0.02358 0.999558
0.02361 0.999558
0.02364 0.999558
0.02367 0.999558
0.0237 0.999558
0.02373 0.999558
0.02376 0.999558
0.02379 0.999558
0.02382 0.999558
0.02385 0.999558
0.02388 0.999558
0.02391 0.999558
0.02394 0.999558
0.02397 0.999558
0.024 0.999558
0.02403 0.999558
0.02406 0.999558
0.02409 0.999558
0.02412 0.999558
0.02415 0.999558
0.02418 0.999558
0.02421 0.999558
0.02424 0.999558
0.02427 0.999558
0.0243 0.999558
0.02433 0.999558
0.02436 0.999558
0.02439 0.999558
0.02442 0.999558
0.02445 0.999558
0.02448 0.999558
0.02451 0.999558
0.02454 0.999558
0.02457 0.999558
0.0246 0.999558
0.02463 0.999558
0.02466 0.999558
0.02469 0.999558
0.02472 0.999558
0.02475 0.999558
0.02478 0.999558
0.02481 0.999558
0.02484 0.999558
0.02487 0.999558
0.0249 0.999558
0.02493 0.999558
0.02496 0.999558
0.02499 0.999558
0.02502 0.999558
0.02505 0.999558
0.02508 0.999558
0.02511 0.999558
0.02514 0.999558
0.02517 0.999558
0.0252 0.999558
0.02523 0.999558
0.02526 0.999558
0.02529 0.999558
0.02532 0.999558
0.02535 0.999558
0.02538 0.999558
0.02541 0.999558
0.02544 0.999558
0.02547 0.999558
0.0255 0.999558
0.02553 0.999558
0.02556 0.999558
0.02559 0.999558
0.02562 0.999558
0.02565 0.999558
0.02568 0.999558
0.02571 0.999558
0.02574 0.999558
0.02577 0.999558
0.0258 0.999558
0.02583 0.999558
0.02586 0.999558
0.02589 0.999558
0.02592 0.999558
0.02595 0.999558
0.02598 0.999558
0.02601 0.999558
0.02604 0.999558
0.02607 0.999558
0.0261 0.999558
0.02613 0.999558
0.02616 0.999558
0.02619 0.999558
0.02622 0.999558
0.02625 0.999558
0.02628 0.999558
0.02631 0.999558
0.02634 0.999558
0.02637 0.999558
0.0264 0.999558
0.02643 0.999558
0.02646 0.999558
0.02649 0.999558
0.02652 0.999558
0.02655 0.999558
0.02658 0.999558
0.02661 0.999558
0.02664 0.999558
0.02667 0.999558
0.0267 0.999558
0.02673 0.999558
0.02676 0.999558
0.02679 0.999558
0.02682 0.999558
0.02685 0.999558
0.02688 0.999558
0.02691 0.999558
0.02694 0.999558
0.02697 0.999558
0.027 0.999558
0.02703 0.999558
0.02706 0.999558
0.02709 0.999558
0.02712 0.999558
0.02715 0.999558
0.02718 0.999558
0.02721 0.999558
0.02724 0.999558
0.02727 0.999558
0.0273 0.999558
0.02733 0.999558
0.02736 0.999558
0.02739 0.999558
0.02742 0.999558
0.02745 0.999558
0.02748 0.999558
0.02751 0.999558
0.02754 0.999558
0.02757 0.999558
0.0276 0.999558
0.02763 0.999558
0.02766 0.999558
0.02769 0.999558
0.02772 0.999558
0.02775 0.999558
0.02778 0.999558
0.02781 0.999558
0.02784 0.999558
0.02787 0.999558
0.0279 0.999558
0.02793 0.999558
0.02796 0.999558
0.02799 0.999558
0.02802 0.999558
0.02805 0.999558
0.02808 0.999558
0.02811 0.999558
0.02814 0.999558
0.02817 0.999558
0.0282 0.999558
0.02823 0.999558
0.02826 0.999558
0.02829 0.999558
0.02832 0.999558
0.02835 0.999558
0.02838 0.999558
0.02841 0.999558
0.02844 0.999558
0.02847 0.999558
0.0285 0.999558
0.02853 0.999558
0.02856 0.999558
0.02859 0.999558
0.02862 0.999558
0.02865 0.999558
0.02868 0.999558
0.02871 0.999558
0.02874 0.999558
0.02877 0.999558
0.0288 0.999558
0.02883 0.999558
0.02886 0.999558
0.02889 0.999558
0.02892 0.999558
0.02895 0.999558
0.02898 0.999558
0.02901 0.999558
0.02904 0.999558
0.02907 0.999558
0.0291 0.999558
0.02913 0.999558
0.02916 0.999558
0.02919 0.999558
0.02922 0.999558
0.02925 0.999558
0.02928 0.999558
0.02931 0.999558
0.02934 0.999558
0.02937 0.999558
0.0294 0.999558
0.02943 0.999558
0.02946 0.999558
0.02949 0.999558
0.02952 0.999558
0.02955 0.999558
0.02958 0.999558
0.02961 0.999558
0.02964 0.999558
0.02967 0.999558
0.0297 0.999558
0.02973 0.999558
0.02976 0.999558
0.02979 0.999558
0.02982 0.999558
0.02985 0.999558
0.02988 0.999558
0.02991 0.999558
0.02994 0.999558
0.02997 0.999558
#250k
3e-05 0.0
6e-05 0.0
9e-05 0.0
0.00012 0.0
0.00015 0.0
0.00018 0.0
0.00021 0.0
0.00024 0.0
0.00027 0.0
0.0003 0.0
0.00033 0.0
0.00036 0.0
0.00039 0.0
0.00042 0.0
0.00045 0.0
0.00048 0.0
0.00051 4e-06
0.00054 4e-06
0.00057 4e-06
0.0006 4e-06
0.00063 4e-06
0.00066 4e-06
0.00069 4e-06
0.00072 4e-06
0.00075 4e-06
0.00078 4e-06
0.00081 4e-06
0.00084 4e-06
0.00087 4e-06
0.0009 4e-06
0.00093 4e-06
0.00096 4e-06
0.00099 4e-06
0.00102 4e-06
0.00105 4e-06
0.00108 4e-06
0.00111 8e-06
0.00114 8e-06
0.00117 8e-06
0.0012 8e-06
0.00123 8e-06
0.00126 8e-06
0.00129 8e-06
0.00132 8e-06
0.00135 8e-06
0.00138 8e-06
0.00141 8e-06
0.00144 1.2e-05
0.00147 1.6e-05
0.0015 1.6e-05
0.00153 1.6e-05
0.00156 2e-05
0.00159 2.4e-05
0.00162 2.4e-05
0.00165 2.4e-05
0.00168 2.8e-05
0.00171 3.2e-05
0.00174 4e-05
0.00177 4.4e-05
0.0018 4.8e-05
0.00183 4.8e-05
0.00186 5.2e-05
0.00189 6.4e-05
0.00192 7.2e-05
0.00195 9.2e-05
0.00198 0.000108
0.00201 0.000124
0.00204 0.00014
0.00207 0.00016
0.0021 0.000208
0.00213 0.000236
0.00216 0.000268
0.00219 0.000292
0.00222 0.00034
0.00225 0.000392
0.00228 0.000448
0.00231 0.0005
0.00234 0.000548
0.00237 0.00062
0.0024 0.000672
0.00243 0.000808
0.00246 0.000884
0.00249 0.000992
0.00252 0.001108
0.00255 0.001196
0.00258 0.00126
0.00261 0.001352
0.00264 0.001432
0.00267 0.001476
0.0027 0.001572
0.00273 0.001644
0.00276 0.001708
0.00279 0.001764
0.00282 0.001804
0.00285 0.001852
0.00288 0.0019
0.00291 0.001928
0.00294 0.001948
0.00297 0.002004
0.003 0.002044
0.00303 0.0021
0.00306 0.00212
0.00309 0.002156
0.00312 0.002192
0.00315 0.002224
0.00318 0.00228
0.00321 0.00232
0.00324 0.002352
0.00327 0.002392
0.0033 0.002412
0.00333 0.002452
0.00336 0.002496
0.00339 0.002556
0.00342 0.002632
0.00345 0.002708
0.00348 0.002796
0.00351 0.002876
0.00354 0.002936
0.00357 0.002996
0.0036 0.003072
0.00363 0.003124
0.00366 0.003176
0.00369 0.003248
0.00372 0.00334
0.00375 0.003444
0.00378 0.003508
0.00381 0.003584
0.00384 0.003648
0.00387 0.003716
0.0039 0.0038
0.00393 0.003928
0.00396 0.004028
0.00399 0.004104
0.00402 0.004196
0.00405 0.004308
0.00408 0.004388
0.00411 0.004496
0.00414 0.004576
0.00417 0.00464
0.0042 0.004704
0.00423 0.0048
0.00426 0.004896
0.00429 0.004996
0.00432 0.005092
0.00435 0.005204
0.00438 0.005292
0.00441 0.005368
0.00444 0.0055
0.00447 0.005592
0.0045 0.005704
0.00453 0.005808
0.00456 0.005916
0.00459 0.006016
0.00462 0.006128
0.00465 0.00624
0.00468 0.006352
0.00471 0.00644
0.00474 0.00652
0.00477 0.00664
0.0048 0.00674
0.00483 0.006844
0.00486 0.006976
0.00489 0.007112
0.00492 0.0072
0.00495 0.007324
0.00498 0.007408
0.00501 0.007556
0.00504 0.007696
0.00507 0.007792
0.0051 0.00792
0.00513 0.007996
0.00516 0.008108
0.00519 0.00822
0.00522 0.008336
0.00525 0.008424
0.00528 0.008588
0.00531 0.008732
0.00534 0.008872
0.00537 0.00902
0.0054 0.00912
0.00543 0.009228
0.00546 0.009356
0.00549 0.00946
0.00552 0.009592
0.00555 0.00972
0.00558 0.009856
0.00561 0.009968
0.00564 0.010108
0.00567 0.010232
0.0057 0.010312
0.00573 0.010456
0.00576 0.01058
0.00579 0.010696
0.00582 0.01078
0.00585 0.010868
0.00588 0.010996
0.00591 0.011136
0.00594 0.011284
0.00597 0.011404
0.006 0.01152
0.00603 0.011664
0.00606 0.011768
0.00609 0.01192
0.00612 0.012056
0.00615 0.012208
0.00618 0.01228
0.00621 0.012424
0.00624 0.01254
0.00627 0.012644
0.0063 0.012736
0.00633 0.012844
0.00636 0.012924
0.00639 0.013036
0.00642 0.01314
0.00645 0.013284
0.00648 0.013448
0.00651 0.013564
0.00654 0.013672
0.00657 0.013804
0.0066 0.013892
0.00663 0.014036
0.00666 0.01416
0.00669 0.014264
0.00672 0.01436
0.00675 0.014432
0.00678 0.014524
0.00681 0.014624
0.00684 0.01474
0.00687 0.014928
0.0069 0.015052
0.00693 0.015172
0.00696 0.01528
0.00699 0.015376
0.00702 0.01548
0.00705 0.015576
0.00708 0.015672
0.00711 0.015772
0.00714 0.015912
0.00717 0.01604
0.0072 0.016128
0.00723 0.016256
0.00726 0.01636
0.00729 0.01646
0.00732 0.016536
0.00735 0.016668
0.00738 0.016784
0.00741 0.016888
0.00744 0.016988
0.00747 0.017064
0.0075 0.017192
0.00753 0.017264
0.00756 0.017348
0.00759 0.01746
0.00762 0.017576
0.00765 0.017648
0.00768 0.01776
0.00771 0.017884
0.00774 0.017964
0.00777 0.018068
0.0078 0.018156
0.00783 0.01824
0.00786 0.018312
0.00789 0.01844
0.00792 0.018556
0.00795 0.01866
0.00798 0.018752
0.00801 0.018864
0.00804 0.018948
0.00807 0.019032
0.0081 0.019176
0.00813 0.01928
0.00816 0.019396
0.00819 0.019504
0.00822 0.019616
0.00825 0.019716
0.00828 0.019812
0.00831 0.019884
0.00834 0.019988
0.00837 0.020104
0.0084 0.020212
0.00843 0.0203
0.00846 0.020432
0.00849 0.020544
0.00852 0.020656
0.00855 0.020748
0.00858 0.02084
0.00861 0.02094
0.00864 0.021032
0.00867 0.021188
0.0087 0.021288
0.00873 0.021388
0.00876 0.021472
0.00879 0.02158
0.00882 0.021668
0.00885 0.021796
0.00888 0.021888
0.00891 0.022008
0.00894 0.0221
0.00897 0.02222
0.009 0.022292
0.00903 0.022396
0.00906 0.022516
0.00909 0.022604
0.00912 0.022732
0.00915 0.022864
0.00918 0.022968
0.00921 0.02306
0.00924 0.023204
0.00927 0.023288
0.0093 0.023416
0.00933 0.023536
0.00936 0.023632
0.00939 0.023704
0.00942 0.023816
0.00945 0.02394
0.00948 0.024064
0.00951 0.024176
0.00954 0.024288
0.00957 0.024404
0.0096 0.024528
0.00963 0.024652
0.00966 0.024736
0.00969 0.02484
0.00972 0.024924
0.00975 0.025012
0.00978 0.025064
0.00981 0.02514
0.00984 0.025232
0.00987 0.0253
0.0099 0.025428
0.00993 0.025536
0.00996 0.02558
0.00999 0.025676
0.01002 0.025748
0.01005 0.025844
0.01008 0.025916
0.01011 0.025996
0.01014 0.026056
0.01017 0.026128
0.0102 0.026196
0.01023 0.026292
0.01026 0.026384
0.01029 0.026452
0.01032 0.026532
0.01035 0.026608
0.01038 0.02668
0.01041 0.026772
0.01044 0.026844
0.01047 0.026948
0.0105 0.027036
0.01053 0.027144
0.01056 0.027208
0.01059 0.027272
0.01062 0.027404
0.01065 0.027488
0.01068 0.027552
0.01071 0.027616
0.01074 0.02766
0.01077 0.027768
0.0108 0.027848
0.01083 0.027944
0.01086 0.028008
0.01089 0.028104
0.01092 0.028144
0.01095 0.028204
0.01098 0.02826
0.01101 0.028324
0.01104 0.028408
0.01107 0.028456
0.0111 0.028532
0.01113 0.028588
0.01116 0.028632
0.01119 0.028692
0.01122 0.028748
0.01125 0.028804
0.01128 0.028832
0.01131 0.02888
0.01134 0.028928
0.01137 0.028964
0.0114 0.028996
0.01143 0.029072
0.01146 0.02912
0.01149 0.02918
0.01152 0.029256
0.01155 0.029296
0.01158 0.029348
0.01161 0.029396
0.01164 0.029468
0.01167 0.029532
0.0117 0.029552
0.01173 0.02958
0.01176 0.029652
0.01179 0.029692
0.01182 0.029788
0.01185 0.029832
0.01188 0.029864
0.01191 0.029908
0.01194 0.029944
0.01197 0.03002
0.012 0.030044
0.01203 0.030132
0.01206 0.030176
0.01209 0.030232
0.01212 0.030292
0.01215 0.030344
0.01218 0.030384
0.01221 0.030436
0.01224 0.03048
0.01227 0.030528
0.0123 0.030584
0.01233 0.030648
0.01236 0.0307
0.01239 0.030744
0.01242 0.030796
0.01245 0.030868
0.01248 0.030912
0.01251 0.030948
0.01254 0.030984
0.01257 0.031056
0.0126 0.031092
0.01263 0.031116
0.01266 0.03114
0.01269 0.031232
0.01272 0.031312
0.01275 0.03136
0.01278 0.031416
0.01281 0.031468
0.01284 0.03152
0.01287 0.031572
0.0129 0.031628
0.01293 0.031672
0.01296 0.031708
0.01299 0.031748
0.01302 0.031784
0.01305 0.031816
0.01308 0.031844
0.01311 0.03188
0.01314 0.031908
0.01317 0.031936
0.0132 0.03196
0.01323 0.031984
0.01326 0.031996
0.01329 0.032044
0.01332 0.032076
0.01335 0.032096
0.01338 0.032116
0.01341 0.03214
0.01344 0.032148
0.01347 0.03216
0.0135 0.032184
0.01353 0.032212
0.01356 0.032252
0.01359 0.032272
0.01362 0.032292
0.01365 0.032308
0.01368 0.032316
0.01371 0.032328
0.01374 0.032336
0.01377 0.032336
0.0138 0.03234
0.01383 0.03236
0.01386 0.03238
0.01389 0.032392
0.01392 0.032408
0.01395 0.032416
0.01398 0.032428
0.01401 0.032452
0.01404 0.032468
0.01407 0.032488
0.0141 0.032492
0.01413 0.032504
0.01416 0.03252
0.01419 0.032536
0.01422 0.032552
0.01425 0.03256
0.01428 0.032576
0.01431 0.032584
0.01434 0.032596
0.01437 0.032612
0.0144 0.032612
0.01443 0.03262
0.01446 0.032624
0.01449 0.032632
0.01452 0.03264
0.01455 0.032644
0.01458 0.032656
0.01461 0.032664
0.01464 0.032684
0.01467 0.032696
0.0147 0.032704
0.01473 0.032724
0.01476 0.032732
0.01479 0.032744
0.01482 0.032752
0.01485 0.032764
0.01488 0.032768
0.01491 0.032792
0.01494 0.032804
0.01497 0.032808
0.015 0.032816
0.01503 0.032816
0.01506 0.032828
0.01509 0.032828
0.01512 0.032844
0.01515 0.032856
0.01518 0.032864
0.01521 0.032892
0.01524 0.032912
0.01527 0.032948
0.0153 0.032976
0.01533 0.033032
0.01536 0.033108
0.01539 0.033188
0.01542 0.033304
0.01545 0.03344
0.01548 0.0336
0.01551 0.03382
0.01554 0.034024
0.01557 0.034296
0.0156 0.034656
0.01563 0.035116
0.01566 0.035616
0.01569 0.03622
0.01572 0.037028
0.01575 0.037936
0.01578 0.0391
0.01581 0.040416
0.01584 0.041816
0.01587 0.043544
0.0159 0.045568
0.01593 0.047928
0.01596 0.050639
0.01599 0.053938
0.01602 0.057549
0.01605 0.061664
0.01608 0.066315
0.01611 0.071658
0.01614 0.077505
0.01617 0.084212
0.0162 0.091542
0.01623 0.099792
0.01626 0.109122
0.01629 0.119028
0.01632 0.130446
0.01635 0.143123
0.01638 0.156828
0.01641 0.171685
0.01644 0.187926
0.01647 0.20561
0.0165 0.225066
0.01653 0.245538
0.01656 0.267389
0.01659 0.290684
0.01662 0.315635
0.01665 0.34159
0.01668 0.369068
0.01671 0.396974
0.01674 0.426052
0.01677 0.456078
0.0168 0.485592
0.01683 0.515802
0.01686 0.545848
0.01689 0.575938
0.01692 0.605516
0.01695 0.634326
0.01698 0.662096
0.01701 0.688638
0.01704 0.714229
0.01707 0.738756
0.0171 0.761807
0.01713 0.783882
0.01716 0.80395
0.01719 0.823514
0.01722 0.84163
0.01725 0.857715
0.01728 0.8732
0.01731 0.886949
0.01734 0.899502
0.01737 0.911024
0.0174 0.921406
0.01743 0.930892
0.01746 0.939582
0.01749 0.94716
0.01752 0.953783
0.01755 0.959666
0.01758 0.965269
0.01761 0.969912
0.01764 0.973919
0.01767 0.977514
0.0177 0.980569
0.01773 0.98326
0.01776 0.985612
0.01779 0.987792
0.01782 0.98958
0.01785 0.991004
0.01788 0.992436
0.01791 0.993628
0.01794 0.994592
0.01797 0.995424
0.018 0.996164
0.01803 0.996748
0.01806 0.997232
0.01809 0.997676
0.01812 0.998064
0.01815 0.998412
0.01818 0.998624
0.01821 0.998864
0.01824 0.999012
0.01827 0.999168
0.0183 0.999284
0.01833 0.999432
0.01836 0.99956
0.01839 0.999624
0.01842 0.999668
0.01845 0.999716
0.01848 0.999748
0.01851 0.999772
0.01854 0.999796
0.01857 0.999812
0.0186 0.999816
0.01863 0.99982
0.01866 0.999832
0.01869 0.99984
0.01872 0.999844
0.01875 0.999856
0.01878 0.999856
0.01881 0.999856
0.01884 0.999856
0.01887 0.999856
0.0189 0.999856
0.01893 0.999856
0.01896 0.999856
0.01899 0.99986
0.01902 0.99986
0.01905 0.99986
0.01908 0.99986
0.01911 0.99986
0.01914 0.99986
0.01917 0.99986
0.0192 0.99986
0.01923 0.99986
0.01926 0.99986
0.01929 0.99986
0.01932 0.99986
0.01935 0.99986
0.01938 0.99986
0.01941 0.99986
0.01944 0.99986
0.01947 0.99986
0.0195 0.99986
0.01953 0.99986
0.01956 0.99986
0.01959 0.99986
0.01962 0.99986
0.01965 0.99986
0.01968 0.99986
0.01971 0.99986
0.01974 0.99986
0.01977 0.99986
0.0198 0.99986
0.01983 0.99986
0.01986 0.99986
0.01989 0.99986
0.01992 0.99986
0.01995 0.99986
0.01998 0.99986
0.02001 0.99986
0.02004 0.99986
0.02007 0.99986
0.0201 0.99986
0.02013 0.99986
0.02016 0.99986
0.02019 0.99986
0.02022 0.99986
0.02025 0.99986
0.02028 0.99986
0.02031 0.99986
0.02034 0.99986
0.02037 0.99986
0.0204 0.99986
0.02043 0.99986
0.02046 0.99986
0.02049 0.99986
0.02052 0.99986
0.02055 0.99986
0.02058 0.99986
0.02061 0.99986
0.02064 0.99986
0.02067 0.99986
0.0207 0.99986
0.02073 0.99986
0.02076 0.99986
0.02079 0.99986
0.02082 0.99986
0.02085 0.99986
0.02088 0.99986
0.02091 0.99986
0.02094 0.99986
0.02097 0.99986
0.021 0.99986
0.02103 0.99986
0.02106 0.99986
0.02109 0.99986
0.02112 0.99986
0.02115 0.99986
0.02118 0.99986
0.02121 0.99986
0.02124 0.99986
0.02127 0.99986
0.0213 0.99986
0.02133 0.99986
0.02136 0.99986
0.02139 0.99986
0.02142 0.99986
0.02145 0.99986
0.02148 0.99986
0.02151 0.99986
0.02154 0.99986
0.02157 0.99986
0.0216 0.99986
0.02163 0.99986
0.02166 0.99986
0.02169 0.99986
0.02172 0.99986
0.02175 0.99986
0.02178 0.99986
0.02181 0.99986
0.02184 0.99986
0.02187 0.99986
0.0219 0.99986
0.02193 0.99986
0.02196 0.99986
0.02199 0.99986
0.02202 0.99986
0.02205 0.99986
0.02208 0.99986
0.02211 0.99986
0.02214 0.99986
0.02217 0.99986
0.0222 0.99986
0.02223 0.99986
0.02226 0.99986
0.02229 0.99986
0.02232 0.99986
0.02235 0.99986
0.02238 0.99986
0.02241 0.99986
0.02244 0.99986
0.02247 0.99986
0.0225 0.99986
0.02253 0.999864
0.02256 0.999864
0.02259 0.999864
0.02262 0.999864
0.02265 0.999864
0.02268 0.999864
0.02271 0.999864
0.02274 0.999864
0.02277 0.999864
0.0228 0.999864
0.02283 0.999864
0.02286 0.999864
0.02289 0.999864
0.02292 0.999864
0.02295 0.999864
0.02298 0.999864
0.02301 0.999864
0.02304 0.999864
0.02307 0.999864
0.0231 0.999864
0.02313 0.999864
0.02316 0.999864
0.02319 0.999864
0.02322 0.999864
0.02325 0.999864
0.02328 0.999864
0.02331 0.999864
0.02334 0.999864
0.02337 0.999864
0.0234 0.999864
0.02343 0.999864
0.02346 0.999864
0.02349 0.999864
0.02352 0.999864
0.02355 0.999864
0.02358 0.999864
0.02361 0.999864
0.02364 0.999864
0.02367 0.999864
0.0237 0.999864
0.02373 0.999864
0.02376 0.999864
0.02379 0.999864
0.02382 0.999864
0.02385 0.999864
0.02388 0.999864
0.02391 0.999864
0.02394 0.999864
0.02397 0.999864
0.024 0.999864
0.02403 0.999864
0.02406 0.999864
0.02409 0.999864
0.02412 0.999864
0.02415 0.999864
0.02418 0.999868
0.02421 0.999868
0.02424 0.999868
0.02427 0.999868
0.0243 0.999868
0.02433 0.999868
0.02436 0.999868
0.02439 0.999868
0.02442 0.999868
0.02445 0.999868
0.02448 0.999868
0.02451 0.999868
0.02454 0.999868
0.02457 0.999868
0.0246 0.999868
0.02463 0.999868
0.02466 0.999868
0.02469 0.999868
0.02472 0.999868
0.02475 0.999868
0.02478 0.999868
0.02481 0.999868
0.02484 0.999868
0.02487 0.999868
0.0249 0.999868
0.02493 0.999868
0.02496 0.999868
0.02499 0.999868
0.02502 0.999868
0.02505 0.999868
0.02508 0.999868
0.02511 0.999868
0.02514 0.999868
0.02517 0.999868
0.0252 0.999868
0.02523 0.999868
0.02526 0.999868
0.02529 0.999868
0.02532 0.999868
0.02535 0.999868
0.02538 0.999868
0.02541 0.999868
0.02544 0.999868
0.02547 0.999868
0.0255 0.999868
0.02553 0.999868
0.02556 0.999868
0.02559 0.999868
0.02562 0.999868
0.02565 0.999868
0.02568 0.999868
0.02571 0.999868
0.02574 0.999868
0.02577 0.999868
0.0258 0.999868
0.02583 0.999868
0.02586 0.999868
0.02589 0.999868
0.02592 0.999868
0.02595 0.999868
0.02598 0.999868
0.02601 0.999868
0.02604 0.999868
0.02607 0.999868
0.0261 0.999868
0.02613 0.999868
0.02616 0.999868
0.02619 0.999868
0.02622 0.999868
0.02625 0.999868
0.02628 0.999868
0.02631 0.999868
0.02634 0.999868
0.02637 0.999868
0.0264 0.999868
0.02643 0.999868
0.02646 0.999868
0.02649 0.999868
0.02652 0.999868
0.02655 0.999868
0.02658 0.999868
0.02661 0.999868
0.02664 0.999868
0.02667 0.999868
0.0267 0.999868
0.02673 0.999868
0.02676 0.999868
0.02679 0.999868
0.02682 0.999868
0.02685 0.999868
0.02688 0.999868
0.02691 0.999868
0.02694 0.999868
0.02697 0.999868
0.027 0.999868
0.02703 0.999868
0.02706 0.999868
0.02709 0.999868
0.02712 0.999868
0.02715 0.999868
0.02718 0.999868
0.02721 0.999868
0.02724 0.999868
0.02727 0.999868
0.0273 0.999868
0.02733 0.999868
0.02736 0.999868
0.02739 0.999868
0.02742 0.999868
0.02745 0.999868
0.02748 0.999868
0.02751 0.999868
0.02754 0.999868
0.02757 0.999868
0.0276 0.999868
0.02763 0.999868
0.02766 0.999868
0.02769 0.999868
0.02772 0.999868
0.02775 0.999868
0.02778 0.999868
0.02781 0.999872
0.02784 0.999872
0.02787 0.999872
0.0279 0.999872
0.02793 0.999872
0.02796 0.999872
0.02799 0.999872
0.02802 0.999872
0.02805 0.999872
0.02808 0.999872
0.02811 0.999872
0.02814 0.999872
0.02817 0.999872
0.0282 0.999872
0.02823 0.999872
0.02826 0.999872
0.02829 0.999872
0.02832 0.999872
0.02835 0.999872
0.02838 0.999872
0.02841 0.999872
0.02844 0.999872
0.02847 0.999872
0.0285 0.999872
0.02853 0.999872
0.02856 0.999872
0.02859 0.999872
0.02862 0.999872
0.02865 0.999872
0.02868 0.999872
0.02871 0.999872
0.02874 0.999872
0.02877 0.999872
0.0288 0.999872
0.02883 0.999872
0.02886 0.999872
0.02889 0.999872
0.02892 0.999872
0.02895 0.999872
0.02898 0.999872
0.02901 0.999872
0.02904 0.999872
0.02907 0.999872
0.0291 0.999872
0.02913 0.999872
0.02916 0.999872
0.02919 0.999872
0.02922 0.999872
0.02925 0.999872
0.02928 0.999872
0.02931 0.999872
0.02934 0.999872
0.02937 0.999872
0.0294 0.999872
0.02943 0.999872
0.02946 0.999872
0.02949 0.999872
0.02952 0.999872
0.02955 0.999872
0.02958 0.999872
0.02961 0.999872
0.02964 0.999872
0.02967 0.999872
0.0297 0.999872
0.02973 0.999872
0.02976 0.999872
0.02979 0.999872
0.02982 0.999872
0.02985 0.999872
0.02988 0.999872
0.02991 0.999872
0.02994 0.999872
0.02997 0.999872
#500k
3e-05 0.0
6e-05 0.0
9e-05 0.0
0.00012 0.0
0.00015 0.0
0.00018 0.0
0.00021 0.0
0.00024 0.0
0.00027 0.0
0.0003 0.0
0.00033 0.0
0.00036 0.0
0.00039 0.0
0.00042 0.0
0.00045 0.0
0.00048 0.0
0.00051 0.0
0.00054 0.0
0.00057 0.0
0.0006 0.0
0.00063 0.0
0.00066 2e-06
0.00069 2e-06
0.00072 2e-06
0.00075 2e-06
0.00078 2e-06
0.00081 2e-06
0.00084 2e-06
0.00087 2e-06
0.0009 2e-06
0.00093 2e-06
0.00096 2e-06
0.00099 2e-06
0.00102 2e-06
0.00105 2e-06
0.00108 2e-06
0.00111 2e-06
0.00114 2e-06
0.00117 2e-06
0.0012 2e-06
0.00123 2e-06
0.00126 2e-06
0.00129 4e-06
0.00132 4e-06
0.00135 4e-06
0.00138 4e-06
0.00141 4e-06
0.00144 4e-06
0.00147 6e-06
0.0015 6e-06
0.00153 6e-06
0.00156 8e-06
0.00159 1e-05
0.00162 1.2e-05
0.00165 1.2e-05
0.00168 1.4e-05
0.00171 1.4e-05
0.00174 1.4e-05
0.00177 1.4e-05
0.0018 1.4e-05
0.00183 1.4e-05
0.00186 1.6e-05
0.00189 1.6e-05
0.00192 1.6e-05
0.00195 1.8e-05
0.00198 2e-05
0.00201 2.2e-05
0.00204 2.6e-05
0.00207 2.8e-05
0.0021 3.2e-05
0.00213 3.4e-05
0.00216 3.6e-05
0.00219 3.6e-05
0.00222 4.2e-05
0.00225 4.8e-05
0.00228 4.8e-05
0.00231 5.6e-05
0.00234 5.8e-05
0.00237 6.6e-05
0.0024 7e-05
0.00243 8e-05
0.00246 8.8e-05
0.00249 0.000106
0.00252 0.000112
0.00255 0.000122
0.00258 0.000142
0.00261 0.000166
0.00264 0.000178
0.00267 0.00019
0.0027 0.000214
0.00273 0.000224
0.00276 0.000244
0.00279 0.000274
0.00282 0.000306
0.00285 0.000344
0.00288 0.000372
0.00291 0.000432
0.00294 0.000484
0.00297 0.000536
0.003 0.000572
0.00303 0.000608
0.00306 0.00064
0.00309 0.000686
0.00312 0.000718
0.00315 0.000786
0.00318 0.00084
0.00321 0.000872
0.00324 0.000916
0.00327 0.000968
0.0033 0.001
0.00333 0.00105
0.00336 0.001096
0.00339 0.001134
0.00342 0.00117
0.00345 0.001202
0.00348 0.001246
0.00351 0.001276
0.00354 0.001328
0.00357 0.00137
0.0036 0.001414
0.00363 0.001434
0.00366 0.001476
0.00369 0.001516
0.00372 0.001542
0.00375 0.001594
0.00378 0.001644
0.00381 0.001692
0.00384 0.00173
0.00387 0.001794
0.0039 0.001854
0.00393 0.001908
0.00396 0.00197
0.00399 0.002038
0.00402 0.002094
0.00405 0.002158
0.00408 0.002222
0.00411 0.002284
0.00414 0.002366
0.00417 0.002432
0.0042 0.002476
0.00423 0.002536
0.00426 0.002622
0.00429 0.00271
0.00432 0.002784
0.00435 0.002864
0.00438 0.002924
0.00441 0.002998
0.00444 0.00306
0.00447 0.003162
0.0045 0.003252
0.00453 0.003352
0.00456 0.003438
0.00459 0.003542
0.00462 0.003624
0.00465 0.00371
0.00468 0.003774
0.00471 0.003858
0.00474 0.00397
0.00477 0.00407
0.0048 0.004164
0.00483 0.004248
0.00486 0.004352
0.00489 0.004478
0.00492 0.004596
0.00495 0.004702
0.00498 0.004836
0.00501 0.004946
0.00504 0.005052
0.00507 0.005136
0.0051 0.00529
0.00513 0.005404
0.00516 0.00552
0.00519 0.005638
0.00522 0.005734
0.00525 0.00586
0.00528 0.00601
0.00531 0.006128
0.00534 0.006242
0.00537 0.006384
0.0054 0.006492
0.00543 0.006622
0.00546 0.006762
0.00549 0.006924
0.00552 0.00706
0.00555 0.007206
0.00558 0.007332
0.00561 0.00745
0.00564 0.00757
0.00567 0.007726
0.0057 0.007862
0.00573 0.008014
0.00576 0.008154
0.00579 0.008278
0.00582 0.00842
0.00585 0.008568
0.00588 0.00871
0.00591 0.008856
0.00594 0.00902
0.00597 0.00916
0.006 0.009314
0.00603 0.00947
0.00606 0.009574
0.00609 0.009716
0.00612 0.009874
0.00615 0.010006
0.00618 0.010142
0.00621 0.01028
0.00624 0.010424
0.00627 0.01057
0.0063 0.010712
0.00633 0.010864
0.00636 0.01101
0.00639 0.011124
0.00642 0.011268
0.00645 0.011414
0.00648 0.011536
0.00651 0.011672
0.00654 0.011818
0.00657 0.011938
0.0066 0.012078
0.00663 0.012224
0.00666 0.012364
0.00669 0.012474
0.00672 0.0126
0.00675 0.012712
0.00678 0.012854
0.00681 0.012952
0.00684 0.013074
0.00687 0.013184
0.0069 0.013312
0.00693 0.01344
0.00696 0.013578
0.00699 0.013684
0.00702 0.013788
0.00705 0.013894
0.00708 0.014032
0.00711 0.014152
0.00714 0.014272
0.00717 0.014366
0.0072 0.01445
0.00723 0.014556
0.00726 0.014652
0.00729 0.01478
0.00732 0.014902
0.00735 0.014986
0.00738 0.015082
0.00741 0.015158
0.00744 0.01524
0.00747 0.015326
0.0075 0.015434
0.00753 0.015532
0.00756 0.015644
0.00759 0.015732
0.00762 0.015836
0.00765 0.015908
0.00768 0.016008
0.00771 0.016092
0.00774 0.016178
0.00777 0.016272
0.0078 0.016344
0.00783 0.016426
0.00786 0.0165
0.00789 0.016592
0.00792 0.016666
0.00795 0.016736
0.00798 0.016806
0.00801 0.016884
0.00804 0.016982
0.00807 0.017046
0.0081 0.01711
0.00813 0.01718
0.00816 0.017234
0.00819 0.017316
0.00822 0.017382
0.00825 0.01744
0.00828 0.017504
0.00831 0.017576
0.00834 0.017638
0.00837 0.017718
0.0084 0.017796
0.00843 0.017858
0.00846 0.01793
0.00849 0.017976
0.00852 0.01804
0.00855 0.018104
0.00858 0.018158
0.00861 0.018246
0.00864 0.018326
0.00867 0.018388
0.0087 0.018452
0.00873 0.018506
0.00876 0.018594
0.00879 0.018662
0.00882 0.01874
0.00885 0.0188
0.00888 0.018866
0.00891 0.018936
0.00894 0.019006
0.00897 0.01907
0.009 0.019162
0.00903 0.019226
0.00906 0.019284
0.00909 0.019364
0.00912 0.019442
0.00915 0.019514
0.00918 0.019612
0.00921 0.019688
0.00924 0.019744
0.00927 0.019816
0.0093 0.019898
0.00933 0.01997
0.00936 0.020042
0.00939 0.02014
0.00942 0.020204
0.00945 0.020282
0.00948 0.020362
0.00951 0.020456
0.00954 0.020532
0.00957 0.020604
0.0096 0.020682
0.00963 0.020764
0.00966 0.02085
0.00969 0.020916
0.00972 0.020998
0.00975 0.02107
0.00978 0.021148
0.00981 0.021234
0.00984 0.021332
0.00987 0.021414
0.0099 0.021484
0.00993 0.021562
0.00996 0.02164
0.00999 0.02175
0.01002 0.021826
0.01005 0.02191
0.01008 0.022006
0.01011 0.022106
0.01014 0.02222
0.01017 0.02229
0.0102 0.022396
0.01023 0.02247
0.01026 0.022588
0.01029 0.022686
0.01032 0.022798
0.01035 0.022894
0.01038 0.02298
0.01041 0.023076
0.01044 0.023152
0.01047 0.023244
0.0105 0.023312
0.01053 0.023402
0.01056 0.023472
0.01059 0.023556
0.01062 0.023612
0.01065 0.0237
0.01068 0.023786
0.01071 0.02385
0.01074 0.023906
0.01077 0.023974
0.0108 0.024048
0.01083 0.024108
0.01086 0.024176
0.01089 0.024232
0.01092 0.024282
0.01095 0.02433
0.01098 0.024372
0.01101 0.024438
0.01104 0.02448
0.01107 0.02453
0.0111 0.024588
0.01113 0.02466
0.01116 0.02471
0.01119 0.024762
0.01122 0.024814
0.01125 0.024896
0.01128 0.024962
0.01131 0.025028
0.01134 0.025114
0.01137 0.025178
0.0114 0.025228
0.01143 0.025284
0.01146 0.025342
0.01149 0.0254
0.01152 0.025482
0.01155 0.025552
0.01158 0.025642
0.01161 0.025706
0.01164 0.025768
0.01167 0.025816
0.0117 0.025868
0.01173 0.025948
0.01176 0.026024
0.01179 0.026084
0.01182 0.026146
0.01185 0.026192
0.01188 0.026246
0.01191 0.026292
0.01194 0.026346
0.01197 0.026386
0.012 0.026416
0.01203 0.026452
0.01206 0.026502
0.01209 0.026552
0.01212 0.026588
0.01215 0.026618
0.01218 0.026648
0.01221 0.026678
0.01224 0.026706
0.01227 0.026742
0.0123 0.026764
0.01233 0.02678
0.01236 0.026816
0.01239 0.026838
0.01242 0.026868
0.01245 0.026898
0.01248 0.026924
0.01251 0.026946
0.01254 0.026964
0.01257 0.026994
0.0126 0.027018
0.01263 0.02704
0.01266 0.027052
0.01269 0.027076
0.01272 0.027094
0.01275 0.027122
0.01278 0.027138
0.01281 0.027158
0.01284 0.027174
0.01287 0.02719
0.0129 0.027208
0.01293 0.027214
0.01296 0.02724
0.01299 0.027256
0.01302 0.02727
0.01305 0.02728
0.01308 0.027302
0.01311 0.02732
0.01314 0.027332
0.01317 0.027352
0.0132 0.027372
0.01323 0.027382
0.01326 0.027396
0.01329 0.027416
0.01332 0.027426
0.01335 0.027444
0.01338 0.027454
0.01341 0.02746
0.01344 0.027466
0.01347 0.027474
0.0135 0.027484
0.01353 0.027494
0.01356 0.027504
0.01359 0.02752
0.01362 0.027528
0.01365 0.027542
0.01368 0.027562
0.01371 0.027572
0.01374 0.02758
0.01377 0.027584
0.0138 0.027594
0.01383 0.027598
0.01386 0.027614
0.01389 0.027622
0.01392 0.027626
0.01395 0.027636
0.01398 0.027638
0.01401 0.027648
0.01404 0.027652
0.01407 0.027658
0.0141 0.027658
0.01413 0.027664
0.01416 0.027668
0.01419 0.027676
0.01422 0.027688
0.01425 0.027696
0.01428 0.027698
0.01431 0.027698
0.01434 0.0277
0.01437 0.027706
0.0144 0.027712
0.01443 0.027718
0.01446 0.027724
0.01449 0.027726
0.01452 0.02773
0.01455 0.027736
0.01458 0.027742
0.01461 0.027746
0.01464 0.027756
0.01467 0.027758
0.0147 0.027762
0.01473 0.027772
0.01476 0.027774
0.01479 0.027782
0.01482 0.027792
0.01485 0.027796
0.01488 0.027802
0.01491 0.027816
0.01494 0.027818
0.01497 0.027828
0.015 0.027844
0.01503 0.027862
0.01506 0.02789
0.01509 0.027914
0.01512 0.027948
0.01515 0.027974
0.01518 0.028014
0.01521 0.028056
0.01524 0.028108
0.01527 0.02819
0.0153 0.028278
0.01533 0.028396
0.01536 0.028544
0.01539 0.02875
0.01542 0.028968
0.01545 0.029272
0.01548 0.0296
0.01551 0.030034
0.01554 0.030534
0.01557 0.031218
0.0156 0.032
0.01563 0.032862
0.01566 0.034024
0.01569 0.03529
0.01572 0.03688
0.01575 0.038678
0.01578 0.040742
0.01581 0.043118
0.01584 0.045836
0.01587 0.048822
0.0159 0.052062
0.01593 0.055776
0.01596 0.059779
0.01599 0.064194
0.01602 0.068995
0.01605 0.073996
0.01608 0.079709
0.01611 0.085798
0.01614 0.092323
0.01617 0.099738
0.0162 0.107539
0.01623 0.116248
0.01626 0.126091
0.01629 0.137024
0.01632 0.14935
0.01635 0.16323
0.01638 0.17933
0.01641 0.197134
0.01644 0.216991
0.01647 0.238674
0.0165 0.262219
0.01653 0.287428
0.01656 0.314222
0.01659 0.342806
0.01662 0.37258
0.01665 0.403288
0.01668 0.434982
0.01671 0.467812
0.01674 0.500978
0.01677 0.534629
0.0168 0.567933
0.01683 0.601071
0.01686 0.633317
0.01689 0.664857
0.01692 0.695477
0.01695 0.724473
0.01698 0.752021
0.01701 0.777618
0.01704 0.801505
0.01707 0.823688
0.0171 0.843813
0.01713 0.862171
0.01716 0.878969
0.01719 0.894177
0.01722 0.907601
0.01725 0.919779
0.01728 0.930832
0.01731 0.940363
0.01734 0.94897
0.01737 0.956369
0.0174 0.96282
0.01743 0.968435
0.01746 0.973294
0.01749 0.977617
0.01752 0.981271
0.01755 0.984537
0.01758 0.987127
0.01761 0.989445
0.01764 0.991303
0.01767 0.992923
0.0177 0.994145
0.01773 0.995229
0.01776 0.996229
0.01779 0.997017
0.01782 0.997561
0.01785 0.998065
0.01788 0.998463
0.01791 0.998799
0.01794 0.999059
0.01797 0.999265
0.018 0.999403
0.01803 0.999505
0.01806 0.999629
0.01809 0.999693
0.01812 0.999751
0.01815 0.999807
0.01818 0.999843
0.01821 0.999867
0.01824 0.999883
0.01827 0.999901
0.0183 0.999909
0.01833 0.999917
0.01836 0.999925
0.01839 0.999925
0.01842 0.999927
0.01845 0.999927
0.01848 0.999927
0.01851 0.999927
0.01854 0.999927
0.01857 0.999927
0.0186 0.999927
0.01863 0.999927
0.01866 0.999927
0.01869 0.999927
0.01872 0.999927
0.01875 0.999927
0.01878 0.999927
0.01881 0.999927
0.01884 0.999927
0.01887 0.999927
0.0189 0.999927
0.01893 0.999927
0.01896 0.999927
0.01899 0.999927
0.01902 0.999927
0.01905 0.999927
0.01908 0.999927
0.01911 0.999927
0.01914 0.999927
0.01917 0.999927
0.0192 0.999927
0.01923 0.999927
0.01926 0.999927
0.01929 0.999927
0.01932 0.999927
0.01935 0.999927
0.01938 0.999927
0.01941 0.999927
0.01944 0.999927
0.01947 0.999927
0.0195 0.999927
0.01953 0.999927
0.01956 0.999927
0.01959 0.999927
0.01962 0.999927
0.01965 0.999927
0.01968 0.999927
0.01971 0.999927
0.01974 0.999927
0.01977 0.999927
0.0198 0.999927
0.01983 0.999927
0.01986 0.999927
0.01989 0.999927
0.01992 0.999927
0.01995 0.999927
0.01998 0.999929
0.02001 0.999929
0.02004 0.999929
0.02007 0.999929
0.0201 0.999929
0.02013 0.999929
0.02016 0.999929
0.02019 0.999929
0.02022 0.999929
0.02025 0.999929
0.02028 0.999929
0.02031 0.999929
0.02034 0.999929
0.02037 0.999929
0.0204 0.999929
0.02043 0.999929
0.02046 0.999929
0.02049 0.999929
0.02052 0.999929
0.02055 0.999929
0.02058 0.999929
0.02061 0.999929
0.02064 0.999929
0.02067 0.999929
0.0207 0.999929
0.02073 0.999929
0.02076 0.999929
0.02079 0.999929
0.02082 0.999929
0.02085 0.999929
0.02088 0.999929
0.02091 0.999929
0.02094 0.999929
0.02097 0.999929
0.021 0.999929
0.02103 0.999929
0.02106 0.999929
0.02109 0.999929
0.02112 0.999929
0.02115 0.999929
0.02118 0.999929
0.02121 0.999929
0.02124 0.999929
0.02127 0.999929
0.0213 0.999929
0.02133 0.999929
0.02136 0.999929
0.02139 0.999929
0.02142 0.999929
0.02145 0.999929
0.02148 0.999929
0.02151 0.999929
0.02154 0.999929
0.02157 0.999929
0.0216 0.999929
0.02163 0.999929
0.02166 0.999929
0.02169 0.999929
0.02172 0.999929
0.02175 0.999929
0.02178 0.999929
0.02181 0.999929
0.02184 0.999929
0.02187 0.999929
0.0219 0.999929
0.02193 0.999929
0.02196 0.999929
0.02199 0.999929
0.02202 0.999929
0.02205 0.999929
0.02208 0.999929
0.02211 0.999929
0.02214 0.999929
0.02217 0.999929
0.0222 0.999929
0.02223 0.999929
0.02226 0.999929
0.02229 0.999929
0.02232 0.999929
0.02235 0.999929
0.02238 0.999929
0.02241 0.999929
0.02244 0.999931
0.02247 0.999931
0.0225 0.999931
0.02253 0.999931
0.02256 0.999931
0.02259 0.999931
0.02262 0.999931
0.02265 0.999931
0.02268 0.999931
0.02271 0.999931
0.02274 0.999931
0.02277 0.999931
0.0228 0.999931
0.02283 0.999931
0.02286 0.999931
0.02289 0.999931
0.02292 0.999931
0.02295 0.999931
0.02298 0.999931
0.02301 0.999931
0.02304 0.999931
0.02307 0.999931
0.0231 0.999931
0.02313 0.999931
0.02316 0.999931
0.02319 0.999931
0.02322 0.999931
0.02325 0.999931
0.02328 0.999931
0.02331 0.999931
0.02334 0.999931
0.02337 0.999931
0.0234 0.999931
0.02343 0.999931
0.02346 0.999931
0.02349 0.999931
0.02352 0.999931
0.02355 0.999931
0.02358 0.999931
0.02361 0.999931
0.02364 0.999931
0.02367 0.999931
0.0237 0.999931
0.02373 0.999931
0.02376 0.999931
0.02379 0.999931
0.02382 0.999931
0.02385 0.999931
0.02388 0.999931
0.02391 0.999931
0.02394 0.999931
0.02397 0.999931
0.024 0.999931
0.02403 0.999933
0.02406 0.999933
0.02409 0.999933
0.02412 0.999933
0.02415 0.999933
0.02418 0.999933
0.02421 0.999933
0.02424 0.999933
0.02427 0.999933
0.0243 0.999933
0.02433 0.999933
0.02436 0.999933
0.02439 0.999933
0.02442 0.999933
0.02445 0.999933
0.02448 0.999933
0.02451 0.999933
0.02454 0.999933
0.02457 0.999933
0.0246 0.999933
0.02463 0.999933
0.02466 0.999933
0.02469 0.999933
0.02472 0.999933
0.02475 0.999933
0.02478 0.999933
0.02481 0.999933
0.02484 0.999933
0.02487 0.999933
0.0249 0.999933
0.02493 0.999933
0.02496 0.999933
0.02499 0.999933
0.02502 0.999933
0.02505 0.999933
0.02508 0.999933
0.02511 0.999933
0.02514 0.999933
0.02517 0.999933
0.0252 0.999933
0.02523 0.999933
0.02526 0.999933
0.02529 0.999933
0.02532 0.999933
0.02535 0.999933
0.02538 0.999933
0.02541 0.999933
0.02544 0.999933
0.02547 0.999933
0.0255 0.999933
0.02553 0.999933
0.02556 0.999933
0.02559 0.999933
0.02562 0.999933
0.02565 0.999933
0.02568 0.999933
0.02571 0.999933
0.02574 0.999933
0.02577 0.999933
0.0258 0.999933
0.02583 0.999933
0.02586 0.999933
0.02589 0.999933
0.02592 0.999933
0.02595 0.999933
0.02598 0.999933
0.02601 0.999933
0.02604 0.999933
0.02607 0.999933
0.0261 0.999933
0.02613 0.999933
0.02616 0.999933
0.02619 0.999933
0.02622 0.999933
0.02625 0.999933
0.02628 0.999933
0.02631 0.999933
0.02634 0.999933
0.02637 0.999933
0.0264 0.999933
0.02643 0.999933
0.02646 0.999933
0.02649 0.999933
0.02652 0.999933
0.02655 0.999933
0.02658 0.999933
0.02661 0.999933
0.02664 0.999933
0.02667 0.999933
0.0267 0.999933
0.02673 0.999933
0.02676 0.999933
0.02679 0.999933
0.02682 0.999933
0.02685 0.999933
0.02688 0.999933
0.02691 0.999933
0.02694 0.999933
0.02697 0.999933
0.027 0.999933
0.02703 0.999933
0.02706 0.999933
0.02709 0.999933
0.02712 0.999933
0.02715 0.999933
0.02718 0.999933
0.02721 0.999933
0.02724 0.999933
0.02727 0.999933
0.0273 0.999933
0.02733 0.999933
0.02736 0.999933
0.02739 0.999933
0.02742 0.999933
0.02745 0.999933
0.02748 0.999933
0.02751 0.999933
0.02754 0.999933
0.02757 0.999933
0.0276 0.999933
0.02763 0.999933
0.02766 0.999933
0.02769 0.999933
0.02772 0.999933
0.02775 0.999933
0.02778 0.999933
0.02781 0.999933
0.02784 0.999933
0.02787 0.999933
0.0279 0.999933
0.02793 0.999933
0.02796 0.999933
0.02799 0.999933
0.02802 0.999933
0.02805 0.999933
0.02808 0.999933
0.02811 0.999933
0.02814 0.999933
0.02817 0.999933
0.0282 0.999933
0.02823 0.999933
0.02826 0.999933
0.02829 0.999933
0.02832 0.999933
0.02835 0.999933
0.02838 0.999933
0.02841 0.999933
0.02844 0.999933
0.02847 0.999933
0.0285 0.999933
0.02853 0.999933
0.02856 0.999933
0.02859 0.999933
0.02862 0.999933
0.02865 0.999933
0.02868 0.999933
0.02871 0.999933
0.02874 0.999933
0.02877 0.999933
0.0288 0.999933
0.02883 0.999933
0.02886 0.999933
0.02889 0.999933
0.02892 0.999933
0.02895 0.999933
0.02898 0.999933
0.02901 0.999933
0.02904 0.999933
0.02907 0.999933
0.0291 0.999933
0.02913 0.999933
0.02916 0.999933
0.02919 0.999933
0.02922 0.999933
0.02925 0.999933
0.02928 0.999933
0.02931 0.999933
0.02934 0.999933
0.02937 0.999933
0.0294 0.999933
0.02943 0.999933
0.02946 0.999933
0.02949 0.999933
0.02952 0.999933
0.02955 0.999933
0.02958 0.999933
0.02961 0.999933
0.02964 0.999933
0.02967 0.999933
0.0297 0.999933
0.02973 0.999933
0.02976 0.999933
0.02979 0.999933
0.02982 0.999933
0.02985 0.999933
0.02988 0.999933
0.02991 0.999933
0.02994 0.999933
0.02997 0.999933
#750k
3e-05 0.0
6e-05 0.0
9e-05 0.0
0.00012 0.0
0.00015 0.0
0.00018 0.0
0.00021 0.0
0.00024 0.0
0.00027 0.0
0.0003 0.0
0.00033 0.0
0.00036 0.0
0.00039 0.0
0.00042 0.0
0.00045 0.0
0.00048 0.0
0.00051 0.0
0.00054 0.0
0.00057 0.0
0.0006 0.0
0.00063 0.0
0.00066 0.0
0.00069 0.0
0.00072 0.0
0.00075 0.0
0.00078 0.0
0.00081 0.0
0.00084 0.0
0.00087 0.0
0.0009 0.0
0.00093 0.0
0.00096 0.0
0.00099 0.0
0.00102 0.0
0.00105 0.0
0.00108 0.0
0.00111 0.0
0.00114 0.0
0.00117 0.0
0.0012 1e-06
0.00123 1e-06
0.00126 1e-06
0.00129 1e-06
0.00132 1e-06
0.00135 1e-06
0.00138 1e-06
0.00141 1e-06
0.00144 1e-06
0.00147 1e-06
0.0015 1e-06
0.00153 1e-06
0.00156 1e-06
0.00159 1e-06
0.00162 1e-06
0.00165 1e-06
0.00168 1e-06
0.00171 1e-06
0.00174 1e-06
0.00177 4e-06
0.0018 4e-06
0.00183 5e-06
0.00186 5e-06
0.00189 5e-06
0.00192 6e-06
0.00195 7e-06
0.00198 8e-06
0.00201 9e-06
0.00204 9e-06
0.00207 9e-06
0.0021 1e-05
0.00213 1e-05
0.00216 1e-05
0.00219 1.1e-05
0.00222 1.2e-05
0.00225 1.3e-05
0.00228 1.4e-05
0.00231 1.4e-05
0.00234 1.5e-05
0.00237 1.6e-05
0.0024 2e-05
0.00243 2.4e-05
0.00246 2.9e-05
0.00249 3e-05
0.00252 3.5e-05
0.00255 3.5e-05
0.00258 3.5e-05
0.00261 3.9e-05
0.00264 4.3e-05
0.00267 4.7e-05
0.0027 5e-05
0.00273 6.1e-05
0.00276 6.8e-05
0.00279 6.9e-05
0.00282 7e-05
0.00285 8.5e-05
0.00288 8.8e-05
0.00291 9.9e-05
0.00294 0.00011
0.00297 0.000118
0.003 0.000133
0.00303 0.000145
0.00306 0.000168
0.00309 0.000189
0.00312 0.000202
0.00315 0.000217
0.00318 0.000233
0.00321 0.000253
0.00324 0.000272
0.00327 0.000296
0.0033 0.000328
0.00333 0.000364
0.00336 0.000396
0.00339 0.000419
0.00342 0.000456
0.00345 0.000481
0.00348 0.000514
0.00351 0.000558
0.00354 0.000581
0.00357 0.000616
0.0036 0.000648
0.00363 0.000677
0.00366 0.000704
0.00369 0.000732
0.00372 0.000772
0.00375 0.000807
0.00378 0.000838
0.00381 0.000873
0.00384 0.000896
0.00387 0.000928
0.0039 0.000965
0.00393 0.00099
0.00396 0.001009
0.00399 0.001036
0.00402 0.001065
0.00405 0.0011
0.00408 0.001127
0.00411 0.001164
0.00414 0.001201
0.00417 0.001236
0.0042 0.001284
0.00423 0.001329
0.00426 0.001381
0.00429 0.001425
0.00432 0.001468
0.00435 0.001519
0.00438 0.001562
0.00441 0.001609
0.00444 0.001669
0.00447 0.00172
0.0045 0.00178
0.00453 0.001843
0.00456 0.001898
0.00459 0.001953
0.00462 0.002013
0.00465 0.002073
0.00468 0.002136
0.00471 0.002191
0.00474 0.002274
0.00477 0.00235
0.0048 0.002411
0.00483 0.00248
0.00486 0.002547
0.00489 0.002628
0.00492 0.002699
0.00495 0.002791
0.00498 0.002868
0.00501 0.002941
0.00504 0.003024
0.00507 0.003112
0.0051 0.003201
0.00513 0.003281
0.00516 0.003376
0.00519 0.003463
0.00522 0.00356
0.00525 0.003655
0.00528 0.003736
0.00531 0.003843
0.00534 0.00392
0.00537 0.004032
0.0054 0.004132
0.00543 0.004224
0.00546 0.004323
0.00549 0.004407
0.00552 0.004528
0.00555 0.004643
0.00558 0.004747
0.00561 0.004868
0.00564 0.004967
0.00567 0.005098
0.0057 0.005231
0.00573 0.005346
0.00576 0.005443
0.00579 0.005558
0.00582 0.005665
0.00585 0.005764
0.00588 0.005879
0.00591 0.005984
0.00594 0.006101
0.00597 0.006237
0.006 0.006346
0.00603 0.006457
0.00606 0.006562
0.00609 0.006666
0.00612 0.006789
0.00615 0.006909
0.00618 0.007014
0.00621 0.007121
0.00624 0.007253
0.00627 0.007393
0.0063 0.007501
0.00633 0.00761
0.00636 0.007737
0.00639 0.007832
0.00642 0.007948
0.00645 0.00806
0.00648 0.008164
0.00651 0.008285
0.00654 0.008385
0.00657 0.008477
0.0066 0.008569
0.00663 0.008681
0.00666 0.008785
0.00669 0.008909
0.00672 0.009025
0.00675 0.009117
0.00678 0.009234
0.00681 0.009337
0.00684 0.009456
0.00687 0.009573
0.0069 0.009677
0.00693 0.009756
0.00696 0.009851
0.00699 0.009974
0.00702 0.010082
0.00705 0.010182
0.00708 0.010265
0.00711 0.010377
0.00714 0.010484
0.00717 0.010575
0.0072 0.010666
0.00723 0.010759
0.00726 0.01088
0.00729 0.010976
0.00732 0.011076
0.00735 0.011168
0.00738 0.011255
0.00741 0.011347
0.00744 0.011442
0.00747 0.011554
0.0075 0.011653
0.00753 0.011744
0.00756 0.011837
0.00759 0.011934
0.00762 0.012026
0.00765 0.012114
0.00768 0.012197
0.00771 0.012276
0.00774 0.012363
0.00777 0.012454
0.0078 0.012558
0.00783 0.012654
0.00786 0.012749
0.00789 0.012856
0.00792 0.012945
0.00795 0.013048
0.00798 0.013141
0.00801 0.013206
0.00804 0.013301
0.00807 0.013366
0.0081 0.013465
0.00813 0.013557
0.00816 0.013648
0.00819 0.013741
0.00822 0.013844
0.00825 0.013943
0.00828 0.014018
0.00831 0.014106
0.00834 0.014194
0.00837 0.014305
0.0084 0.014378
0.00843 0.014451
0.00846 0.014539
0.00849 0.014615
0.00852 0.014695
0.00855 0.014784
0.00858 0.014872
0.00861 0.014959
0.00864 0.015036
0.00867 0.015104
0.0087 0.015195
0.00873 0.015308
0.00876 0.015399
0.00879 0.015506
0.00882 0.015591
0.00885 0.015686
0.00888 0.015769
0.00891 0.015866
0.00894 0.015958
0.00897 0.016049
0.009 0.016121
0.00903 0.016202
0.00906 0.016294
0.00909 0.016389
0.00912 0.016474
0.00915 0.016571
0.00918 0.016675
0.00921 0.016768
0.00924 0.016859
0.00927 0.016944
0.0093 0.017043
0.00933 0.017138
0.00936 0.017246
0.00939 0.017341
0.00942 0.017432
0.00945 0.017517
0.00948 0.017618
0.00951 0.017725
0.00954 0.017805
0.00957 0.017906
0.0096 0.018018
0.00963 0.018095
0.00966 0.018208
0.00969 0.018297
0.00972 0.018384
0.00975 0.018463
0.00978 0.018566
0.00981 0.018637
0.00984 0.018702
0.00987 0.018805
0.0099 0.018874
0.00993 0.018943
0.00996 0.019035
0.00999 0.019102
0.01002 0.019166
0.01005 0.019218
0.01008 0.019275
0.01011 0.019334
0.01014 0.019409
0.01017 0.019461
0.0102 0.019521
0.01023 0.019577
0.01026 0.019624
0.01029 0.019675
0.01032 0.019723
0.01035 0.019782
0.01038 0.019838
0.01041 0.019881
0.01044 0.019936
0.01047 0.019989
0.0105 0.020037
0.01053 0.020086
0.01056 0.020142
0.01059 0.020177
0.01062 0.020237
0.01065 0.020297
0.01068 0.020357
0.01071 0.020429
0.01074 0.020484
0.01077 0.020541
0.0108 0.020593
0.01083 0.02065
0.01086 0.020694
0.01089 0.020737
0.01092 0.020792
0.01095 0.020852
0.01098 0.020899
0.01101 0.02095
0.01104 0.021013
0.01107 0.021062
0.0111 0.021122
0.01113 0.021183
0.01116 0.021244
0.01119 0.021295
0.01122 0.021335
0.01125 0.021402
0.01128 0.021462
0.01131 0.021514
0.01134 0.021567
0.01137 0.021619
0.0114 0.021666
0.01143 0.021714
0.01146 0.021751
0.01149 0.021796
0.01152 0.02184
0.01155 0.021877
0.01158 0.02192
0.01161 0.021952
0.01164 0.021991
0.01167 0.022011
0.0117 0.022034
0.01173 0.022063
0.01176 0.022082
0.01179 0.022101
0.01182 0.02212
0.01185 0.022149
0.01188 0.02217
0.01191 0.022187
0.01194 0.02221
0.01197 0.02223
0.012 0.022242
0.01203 0.022262
0.01206 0.022286
0.01209 0.022303
0.01212 0.022316
0.01215 0.022339
0.01218 0.022352
0.01221 0.022365
0.01224 0.022382
0.01227 0.022393
0.0123 0.022409
0.01233 0.02242
0.01236 0.022433
0.01239 0.022448
0.01242 0.022456
0.01245 0.022467
0.01248 0.022482
0.01251 0.022499
0.01254 0.02251
0.01257 0.022519
0.0126 0.022536
0.01263 0.022544
0.01266 0.022556
0.01269 0.022567
0.01272 0.02258
0.01275 0.022591
0.01278 0.022603
0.01281 0.022614
0.01284 0.022626
0.01287 0.022638
0.0129 0.022646
0.01293 0.022657
0.01296 0.022664
0.01299 0.022673
0.01302 0.022684
0.01305 0.022691
0.01308 0.022704
0.01311 0.022713
0.01314 0.022722
0.01317 0.022733
0.0132 0.02274
0.01323 0.022748
0.01326 0.022755
0.01329 0.022762
0.01332 0.022767
0.01335 0.022782
0.01338 0.022791
0.01341 0.022795
0.01344 0.022802
0.01347 0.022806
0.0135 0.022822
0.01353 0.022826
0.01356 0.022837
0.01359 0.022841
0.01362 0.022844
0.01365 0.022855
0.01368 0.022864
0.01371 0.022872
0.01374 0.022875
0.01377 0.022878
0.0138 0.022886
0.01383 0.022895
0.01386 0.022903
0.01389 0.022908
0.01392 0.022913
0.01395 0.02292
0.01398 0.022928
0.01401 0.022935
0.01404 0.022942
0.01407 0.022946
0.0141 0.022949
0.01413 0.022954
0.01416 0.022961
0.01419 0.022969
0.01422 0.022973
0.01425 0.022978
0.01428 0.022982
0.01431 0.022986
0.01434 0.02299
0.01437 0.022993
0.0144 0.023
0.01443 0.023005
0.01446 0.023013
0.01449 0.023017
0.01452 0.023021
0.01455 0.023028
0.01458 0.023037
0.01461 0.023045
0.01464 0.023053
0.01467 0.023062
0.0147 0.023081
0.01473 0.023094
0.01476 0.023109
0.01479 0.023134
0.01482 0.023166
0.01485 0.023194
0.01488 0.023239
0.01491 0.023302
0.01494 0.023367
0.01497 0.023459
0.015 0.023552
0.01503 0.02368
0.01506 0.023824
0.01509 0.024036
0.01512 0.024269
0.01515 0.02457
0.01518 0.024922
0.01521 0.025315
0.01524 0.025815
0.01527 0.026367
0.0153 0.027118
0.01533 0.027941
0.01536 0.028886
0.01539 0.030058
0.01542 0.031389
0.01545 0.032952
0.01548 0.034759
0.01551 0.036858
0.01554 0.039301
0.01557 0.042178
0.0156 0.045441
0.01563 0.049025
0.01566 0.0531
0.01569 0.057812
0.01572 0.063208
0.01575 0.069268
0.01578 0.076078
0.01581 0.083818
0.01584 0.092562
0.01587 0.102139
0.0159 0.112896
0.01593 0.124665
0.01596 0.137544
0.01599 0.151373
0.01602 0.16653
0.01605 0.182691
0.01608 0.199418
0.01611 0.217297
0.01614 0.235812
0.01617 0.255078
0.0162 0.274733
0.01623 0.294682
0.01626 0.314927
0.01629 0.334874
0.01632 0.354911
0.01635 0.374273
0.01638 0.393523
0.01641 0.412478
0.01644 0.431085
0.01647 0.449344
0.0165 0.467405
0.01653 0.485286
0.01656 0.503744
0.01659 0.522127
0.01662 0.540788
0.01665 0.559827
0.01668 0.579081
0.01671 0.598288
0.01674 0.617702
0.01677 0.637228
0.0168 0.656785
0.01683 0.676636
0.01686 0.696731
0.01689 0.717042
0.01692 0.737228
0.01695 0.757413
0.01698 0.777392
0.01701 0.797005
0.01704 0.81615
0.01707 0.834671
0.0171 0.852501
0.01713 0.869098
0.01716 0.884489
0.01719 0.898747
0.01722 0.911558
0.01725 0.923263
0.01728 0.933453
0.01731 0.942485
0.01734 0.950587
0.01737 0.957779
0.0174 0.964168
0.01743 0.969736
0.01746 0.974557
0.01749 0.978742
0.01752 0.98237
0.01755 0.985451
0.01758 0.988052
0.01761 0.990165
0.01764 0.992036
0.01767 0.993553
0.0177 0.994834
0.01773 0.995883
0.01776 0.996728
0.01779 0.997404
0.01782 0.998
0.01785 0.998433
0.01788 0.998792
0.01791 0.999027
0.01794 0.999252
0.01797 0.999416
0.018 0.999543
0.01803 0.999636
0.01806 0.999711
0.01809 0.999772
0.01812 0.999812
0.01815 0.999837
0.01818 0.999861
0.01821 0.99988
0.01824 0.999896
0.01827 0.999904
0.0183 0.999911
0.01833 0.999915
0.01836 0.999918
0.01839 0.999926
0.01842 0.999929
0.01845 0.999929
0.01848 0.999932
0.01851 0.999933
0.01854 0.999933
0.01857 0.999933
0.0186 0.999936
0.01863 0.999936
0.01866 0.999936
0.01869 0.999936
0.01872 0.999936
0.01875 0.999939
0.01878 0.999942
0.01881 0.999942
0.01884 0.999942
0.01887 0.999943
0.0189 0.999943
0.01893 0.999943
0.01896 0.999943
0.01899 0.999943
0.01902 0.999943
0.01905 0.999943
0.01908 0.999943
0.01911 0.999944
0.01914 0.999944
0.01917 0.999944
0.0192 0.999944
0.01923 0.999945
0.01926 0.999946
0.01929 0.999946
0.01932 0.999946
0.01935 0.999946
0.01938 0.999946
0.01941 0.999946
0.01944 0.999946
0.01947 0.999946
0.0195 0.999946
0.01953 0.999946
0.01956 0.999947
0.01959 0.99995
0.01962 0.99995
0.01965 0.99995
0.01968 0.99995
0.01971 0.99995
0.01974 0.99995
0.01977 0.99995
0.0198 0.99995
0.01983 0.999951
0.01986 0.999951
0.01989 0.999951
0.01992 0.999951
0.01995 0.999951
0.01998 0.999951
0.02001 0.999952
0.02004 0.999952
0.02007 0.999952
0.0201 0.999952
0.02013 0.999952
0.02016 0.999952
0.02019 0.999952
0.02022 0.999953
0.02025 0.999953
0.02028 0.999953
0.02031 0.999954
0.02034 0.999954
0.02037 0.999954
0.0204 0.999954
0.02043 0.999954
0.02046 0.999954
0.02049 0.999954
0.02052 0.999955
0.02055 0.999956
0.02058 0.999956
0.02061 0.999956
0.02064 0.999956
0.02067 0.999956
0.0207 0.999956
0.02073 0.999956
0.02076 0.999956
0.02079 0.999956
0.02082 0.999957
0.02085 0.999957
0.02088 0.999957
0.02091 0.999957
0.02094 0.999957
0.02097 0.999957
0.021 0.999958
0.02103 0.999958
0.02106 0.999959
0.02109 0.999959
0.02112 0.999959
0.02115 0.99996
0.02118 0.99996
0.02121 0.999961
0.02124 0.999961
0.02127 0.999961
0.0213 0.999961
0.02133 0.999961
0.02136 0.999961
0.02139 0.999961
0.02142 0.999961
0.02145 0.999961
0.02148 0.999961
0.02151 0.999961
0.02154 0.999961
0.02157 0.999961
0.0216 0.999961
0.02163 0.999961
0.02166 0.999961
0.02169 0.999961
0.02172 0.999961
0.02175 0.999961
0.02178 0.999961
0.02181 0.999961
0.02184 0.999961
0.02187 0.999962
0.0219 0.999962
0.02193 0.999962
0.02196 0.999962
0.02199 0.999962
0.02202 0.999962
0.02205 0.999963
0.02208 0.999963
0.02211 0.999963
0.02214 0.999964
0.02217 0.999964
0.0222 0.999964
0.02223 0.999964
0.02226 0.999964
0.02229 0.999964
0.02232 0.999964
0.02235 0.999964
0.02238 0.999964
0.02241 0.999964
0.02244 0.999964
0.02247 0.999964
0.0225 0.999964
0.02253 0.999965
0.02256 0.999965
0.02259 0.999965
0.02262 0.999966
0.02265 0.999966
0.02268 0.999966
0.02271 0.999966
0.02274 0.999967
0.02277 0.999967
0.0228 0.999967
0.02283 0.999967
0.02286 0.999968
0.02289 0.999968
0.02292 0.999968
0.02295 0.999968
0.02298 0.999968
0.02301 0.999969
0.02304 0.999969
0.02307 0.999969
0.0231 0.999969
0.02313 0.999969
0.02316 0.99997
0.02319 0.99997
0.02322 0.99997
0.02325 0.99997
0.02328 0.99997
0.02331 0.99997
0.02334 0.99997
0.02337 0.99997
0.0234 0.99997
0.02343 0.99997
0.02346 0.99997
0.02349 0.99997
0.02352 0.99997
0.02355 0.99997
0.02358 0.99997
0.02361 0.999971
0.02364 0.999971
0.02367 0.999971
0.0237 0.999971
0.02373 0.999971
0.02376 0.999971
0.02379 0.999971
0.02382 0.999971
0.02385 0.999971
0.02388 0.999971
0.02391 0.999971
0.02394 0.999971
0.02397 0.999971
0.024 0.999971
0.02403 0.999971
0.02406 0.999971
0.02409 0.999971
0.02412 0.999971
0.02415 0.999971
0.02418 0.999971
0.02421 0.999971
0.02424 0.999971
0.02427 0.999971
0.0243 0.999971
0.02433 0.999971
0.02436 0.999971
0.02439 0.999971
0.02442 0.999971
0.02445 0.999971
0.02448 0.999971
0.02451 0.999971
0.02454 0.999971
0.02457 0.999971
0.0246 0.999971
0.02463 0.999971
0.02466 0.999971
0.02469 0.999971
0.02472 0.999971
0.02475 0.999971
0.02478 0.999971
0.02481 0.999971
0.02484 0.999971
0.02487 0.999971
0.0249 0.999971
0.02493 0.999971
0.02496 0.999971
0.02499 0.999971
0.02502 0.999971
0.02505 0.999971
0.02508 0.999971
0.02511 0.999971
0.02514 0.999971
0.02517 0.999971
0.0252 0.999971
0.02523 0.999971
0.02526 0.999971
0.02529 0.999971
0.02532 0.999971
0.02535 0.999971
0.02538 0.999971
0.02541 0.999971
0.02544 0.999971
0.02547 0.999971
0.0255 0.999971
0.02553 0.999971
0.02556 0.999971
0.02559 0.999971
0.02562 0.999971
0.02565 0.999971
0.02568 0.999971
0.02571 0.999971
0.02574 0.999971
0.02577 0.999971
0.0258 0.999971
0.02583 0.999971
0.02586 0.999971
0.02589 0.999971
0.02592 0.999971
0.02595 0.999971
0.02598 0.999971
0.02601 0.999971
0.02604 0.999971
0.02607 0.999971
0.0261 0.999971
0.02613 0.999971
0.02616 0.999971
0.02619 0.999971
0.02622 0.999971
0.02625 0.999971
0.02628 0.999971
0.02631 0.999971
0.02634 0.999971
0.02637 0.999971
0.0264 0.999971
0.02643 0.999971
0.02646 0.999971
0.02649 0.999971
0.02652 0.999971
0.02655 0.999971
0.02658 0.999971
0.02661 0.999971
0.02664 0.999971
0.02667 0.999971
0.0267 0.999971
0.02673 0.999971
0.02676 0.999971
0.02679 0.999971
0.02682 0.999971
0.02685 0.999971
0.02688 0.999971
0.02691 0.999971
0.02694 0.999971
0.02697 0.999971
0.027 0.999971
0.02703 0.999971
0.02706 0.999971
0.02709 0.999971
0.02712 0.999971
0.02715 0.999971
0.02718 0.999971
0.02721 0.999971
0.02724 0.999971
0.02727 0.999971
0.0273 0.999971
0.02733 0.999971
0.02736 0.999971
0.02739 0.999971
0.02742 0.999971
0.02745 0.999971
0.02748 0.999971
0.02751 0.999971
0.02754 0.999971
0.02757 0.999971
0.0276 0.999971
0.02763 0.999971
0.02766 0.999971
0.02769 0.999971
0.02772 0.999971
0.02775 0.999971
0.02778 0.999971
0.02781 0.999971
0.02784 0.999971
0.02787 0.999971
0.0279 0.999971
0.02793 0.999971
0.02796 0.999971
0.02799 0.999971
0.02802 0.999971
0.02805 0.999971
0.02808 0.999971
0.02811 0.999971
0.02814 0.999971
0.02817 0.999971
0.0282 0.999971
0.02823 0.999971
0.02826 0.999971
0.02829 0.999971
0.02832 0.999971
0.02835 0.999971
0.02838 0.999971
0.02841 0.999971
0.02844 0.999971
0.02847 0.999971
0.0285 0.999971
0.02853 0.999971
0.02856 0.999971
0.02859 0.999971
0.02862 0.999971
0.02865 0.999971
0.02868 0.999971
0.02871 0.999971
0.02874 0.999971
0.02877 0.999971
0.0288 0.999971
0.02883 0.999971
0.02886 0.999971
0.02889 0.999971
0.02892 0.999971
0.02895 0.999971
0.02898 0.999971
0.02901 0.999971
0.02904 0.999971
0.02907 0.999971
0.0291 0.999971
0.02913 0.999971
0.02916 0.999971
0.02919 0.999971
0.02922 0.999971
0.02925 0.999971
0.02928 0.999971
0.02931 0.999971
0.02934 0.999971
0.02937 0.999971
0.0294 0.999971
0.02943 0.999971
0.02946 0.999971
0.02949 0.999971
0.02952 0.999971
0.02955 0.999971
0.02958 0.999971
0.02961 0.999971
0.02964 0.999971
0.02967 0.999971
0.0297 0.999971
0.02973 0.999971
0.02976 0.999971
0.02979 0.999971
0.02982 0.999971
0.02985 0.999971
0.02988 0.999971
0.02991 0.999971
0.02994 0.999971
0.02997 0.999971
#001M
3e-05 1e-06
6e-05 1e-06
9e-05 1e-06
0.00012 1e-06
0.00015 1e-06
0.00018 1e-06
0.00021 1e-06
0.00024 1e-06
0.00027 1e-06
0.0003 1e-06
0.00033 1e-06
0.00036 1e-06
0.00039 1e-06
0.00042 1e-06
0.00045 1e-06
0.00048 1e-06
0.00051 1e-06
0.00054 1e-06
0.00057 1e-06
0.0006 1e-06
0.00063 1e-06
0.00066 1e-06
0.00069 1e-06
0.00072 1e-06
0.00075 1e-06
0.00078 1e-06
0.00081 1e-06
0.00084 1e-06
0.00087 1e-06
0.0009 1e-06
0.00093 1e-06
0.00096 1e-06
0.00099 1e-06
0.00102 1e-06
0.00105 1e-06
0.00108 1e-06
0.00111 1e-06
0.00114 1e-06
0.00117 1e-06
0.0012 1e-06
0.00123 1e-06
0.00126 1e-06
0.00129 1e-06
0.00132 1e-06
0.00135 1e-06
0.00138 1e-06
0.00141 1e-06
0.00144 1e-06
0.00147 1e-06
0.0015 1e-06
0.00153 1e-06
0.00156 1e-06
0.00159 1e-06
0.00162 1e-06
0.00165 1e-06
0.00168 1e-06
0.00171 1e-06
0.00174 1e-06
0.00177 1e-06
0.0018 2e-06
0.00183 3e-06
0.00186 3e-06
0.00189 3e-06
0.00192 5e-06
0.00195 5e-06
0.00198 5e-06
0.00201 5e-06
0.00204 5e-06
0.00207 5e-06
0.0021 6e-06
0.00213 7e-06
0.00216 7e-06
0.00219 7e-06
0.00222 7e-06
0.00225 7e-06
0.00228 8e-06
0.00231 8e-06
0.00234 8e-06
0.00237 8e-06
0.0024 8e-06
0.00243 8e-06
0.00246 9e-06
0.00249 9e-06
0.00252 1.1e-05
0.00255 1.2e-05
0.00258 1.2e-05
0.00261 1.3e-05
0.00264 1.4e-05
0.00267 1.5e-05
0.0027 1.6e-05
0.00273 1.8e-05
0.00276 2.5e-05
0.00279 2.8e-05
0.00282 3.2e-05
0.00285 3.2e-05
0.00288 3.4e-05
0.00291 4.2e-05
0.00294 4.7e-05
0.00297 5e-05
0.003 5.4e-05
0.00303 5.7e-05
0.00306 6.4e-05
0.00309 6.7e-05
0.00312 7.1e-05
0.00315 7.6e-05
0.00318 7.8e-05
0.00321 8.8e-05
0.00324 0.000103
0.00327 0.000112
0.0033 0.000126
0.00333 0.000143
0.00336 0.000157
0.00339 0.000166
0.00342 0.000174
0.00345 0.000189
0.00348 0.00021
0.00351 0.000227
0.00354 0.000243
0.00357 0.000269
0.0036 0.000294
0.00363 0.00031
0.00366 0.000333
0.00369 0.000353
0.00372 0.000386
0.00375 0.000414
0.00378 0.000436
0.00381 0.000455
0.00384 0.000492
0.00387 0.000527
0.0039 0.000559
0.00393 0.000588
0.00396 0.000608
0.00399 0.000635
0.00402 0.000661
0.00405 0.000691
0.00408 0.000721
0.00411 0.000751
0.00414 0.00077
0.00417 0.000794
0.0042 0.000823
0.00423 0.000852
0.00426 0.000872
0.00429 0.000899
0.00432 0.000927
0.00435 0.00096
0.00438 0.001
0.00441 0.001028
0.00444 0.001051
0.00447 0.00108
0.0045 0.001113
0.00453 0.001133
0.00456 0.001173
0.00459 0.00121
0.00462 0.001255
0.00465 0.001295
0.00468 0.001338
0.00471 0.001381
0.00474 0.001419
0.00477 0.001459
0.0048 0.001504
0.00483 0.001551
0.00486 0.001602
0.00489 0.001658
0.00492 0.001707
0.00495 0.001748
0.00498 0.001804
0.00501 0.001858
0.00504 0.001917
0.00507 0.001966
0.0051 0.002011
0.00513 0.002067
0.00516 0.002136
0.00519 0.002192
0.00522 0.002258
0.00525 0.002317
0.00528 0.002376
0.00531 0.00243
0.00534 0.002496
0.00537 0.002579
0.0054 0.002635
0.00543 0.002691
0.00546 0.002758
0.00549 0.002809
0.00552 0.002898
0.00555 0.002978
0.00558 0.003024
0.00561 0.003081
0.00564 0.003144
0.00567 0.003213
0.0057 0.003294
0.00573 0.003363
0.00576 0.003444
0.00579 0.00351
0.00582 0.003575
0.00585 0.003638
0.00588 0.003705
0.00591 0.003775
0.00594 0.003861
0.00597 0.003947
0.006 0.004021
0.00603 0.0041
0.00606 0.004174
0.00609 0.004249
0.00612 0.004329
0.00615 0.004403
0.00618 0.004472
0.00621 0.004536
0.00624 0.004606
0.00627 0.004671
0.0063 0.004746
0.00633 0.004811
0.00636 0.004885
0.00639 0.004973
0.00642 0.005037
0.00645 0.005111
0.00648 0.00518
0.00651 0.005245
0.00654 0.005335
0.00657 0.005397
0.0066 0.00547
0.00663 0.005539
0.00666 0.005626
0.00669 0.005698
0.00672 0.00577
0.00675 0.005846
0.00678 0.005925
0.00681 0.005989
0.00684 0.006039
0.00687 0.006107
0.0069 0.006159
0.00693 0.006232
0.00696 0.006308
0.00699 0.006381
0.00702 0.006449
0.00705 0.006513
0.00708 0.006584
0.00711 0.006652
0.00714 0.006721
0.00717 0.00679
0.0072 0.006861
0.00723 0.006917
0.00726 0.006979
0.00729 0.007029
0.00732 0.007108
0.00735 0.00717
0.00738 0.007249
0.00741 0.007324
0.00744 0.007383
0.00747 0.007443
0.0075 0.007521
0.00753 0.007581
0.00756 0.007639
0.00759 0.007722
0.00762 0.007791
0.00765 0.007864
0.00768 0.007939
0.00771 0.008016
0.00774 0.008088
0.00777 0.008149
0.0078 0.008209
0.00783 0.008282
0.00786 0.008357
0.00789 0.008409
0.00792 0.008487
0.00795 0.008547
0.00798 0.00863
0.00801 0.008693
0.00804 0.008769
0.00807 0.008842
0.0081 0.008922
0.00813 0.008997
0.00816 0.00908
0.00819 0.009133
0.00822 0.009187
0.00825 0.009263
0.00828 0.009346
0.00831 0.009415
0.00834 0.009493
0.00837 0.009557
0.0084 0.009635
0.00843 0.009712
0.00846 0.009798
0.00849 0.009879
0.00852 0.009948
0.00855 0.010019
0.00858 0.010108
0.00861 0.010173
0.00864 0.01026
0.00867 0.010347
0.0087 0.010436
0.00873 0.010521
0.00876 0.010599
0.00879 0.010677
0.00882 0.010766
0.00885 0.010831
0.00888 0.010898
0.00891 0.010967
0.00894 0.011046
0.00897 0.011114
0.009 0.011204
0.00903 0.011276
0.00906 0.011356
0.00909 0.011433
0.00912 0.011497
0.00915 0.011561
0.00918 0.011619
0.00921 0.011679
0.00924 0.011757
0.00927 0.011829
0.0093 0.011892
0.00933 0.011959
0.00936 0.012022
0.00939 0.012082
0.00942 0.01214
0.00945 0.012202
0.00948 0.012267
0.00951 0.012339
0.00954 0.012399
0.00957 0.012478
0.0096 0.012543
0.00963 0.012599
0.00966 0.012647
0.00969 0.0127
0.00972 0.012763
0.00975 0.01284
0.00978 0.0129
0.00981 0.012972
0.00984 0.013051
0.00987 0.013119
0.0099 0.013207
0.00993 0.013272
0.00996 0.013375
0.00999 0.013462
0.01002 0.013547
0.01005 0.013648
0.01008 0.01375
0.01011 0.013854
0.01014 0.013984
0.01017 0.014083
0.0102 0.014182
0.01023 0.01431
0.01026 0.014428
0.01029 0.014563
0.01032 0.014697
0.01035 0.014824
0.01038 0.014955
0.01041 0.015102
0.01044 0.015245
0.01047 0.015383
0.0105 0.015526
0.01053 0.015648
0.01056 0.015782
0.01059 0.015923
0.01062 0.016067
0.01065 0.016215
0.01068 0.016335
0.01071 0.016459
0.01074 0.016586
0.01077 0.016701
0.0108 0.016818
0.01083 0.016914
0.01086 0.017024
0.01089 0.017126
0.01092 0.017219
0.01095 0.017305
0.01098 0.017398
0.01101 0.017479
0.01104 0.017565
0.01107 0.017647
0.0111 0.017727
0.01113 0.017798
0.01116 0.017879
0.01119 0.017944
0.01122 0.018015
0.01125 0.018095
0.01128 0.018153
0.01131 0.018198
0.01134 0.018269
0.01137 0.018332
0.0114 0.018385
0.01143 0.018434
0.01146 0.018481
0.01149 0.018518
0.01152 0.018562
0.01155 0.018604
0.01158 0.018647
0.01161 0.018686
0.01164 0.01872
0.01167 0.018749
0.0117 0.018772
0.01173 0.0188
0.01176 0.01884
0.01179 0.01887
0.01182 0.018895
0.01185 0.018923
0.01188 0.018957
0.01191 0.018981
0.01194 0.019002
0.01197 0.019018
0.012 0.019044
0.01203 0.019061
0.01206 0.019079
0.01209 0.019102
0.01212 0.019121
0.01215 0.019137
0.01218 0.019153
0.01221 0.019168
0.01224 0.019189
0.01227 0.019204
0.0123 0.019214
0.01233 0.019231
0.01236 0.019242
0.01239 0.019248
0.01242 0.019257
0.01245 0.019269
0.01248 0.019287
0.01251 0.019294
0.01254 0.01931
0.01257 0.019329
0.0126 0.019345
0.01263 0.019362
0.01266 0.019379
0.01269 0.019389
0.01272 0.019394
0.01275 0.019403
0.01278 0.019414
0.01281 0.019426
0.01284 0.019441
0.01287 0.019453
0.0129 0.019465
0.01293 0.019471
0.01296 0.019478
0.01299 0.019484
0.01302 0.0195
0.01305 0.01951
0.01308 0.019518
0.01311 0.019525
0.01314 0.019535
0.01317 0.019541
0.0132 0.019548
0.01323 0.019556
0.01326 0.019565
0.01329 0.019574
0.01332 0.019581
0.01335 0.019593
0.01338 0.019599
0.01341 0.019607
0.01344 0.019616
0.01347 0.019624
0.0135 0.019629
0.01353 0.019638
0.01356 0.019649
0.01359 0.019656
0.01362 0.019662
0.01365 0.019667
0.01368 0.019674
0.01371 0.019684
0.01374 0.019692
0.01377 0.019699
0.0138 0.019707
0.01383 0.019711
0.01386 0.019715
0.01389 0.019722
0.01392 0.019728
0.01395 0.01973
0.01398 0.019736
0.01401 0.019748
0.01404 0.019751
0.01407 0.019761
0.0141 0.019767
0.01413 0.019772
0.01416 0.019777
0.01419 0.019781
0.01422 0.019789
0.01425 0.019797
0.01428 0.019801
0.01431 0.019808
0.01434 0.019815
0.01437 0.019825
0.0144 0.019838
0.01443 0.019849
0.01446 0.01986
0.01449 0.019889
0.01452 0.019913
0.01455 0.019927
0.01458 0.019953
0.01461 0.019982
0.01464 0.02002
0.01467 0.020062
0.0147 0.020117
0.01473 0.02019
0.01476 0.020268
0.01479 0.020357
0.01482 0.020458
0.01485 0.020573
0.01488 0.020714
0.01491 0.020878
0.01494 0.021099
0.01497 0.021332
0.015 0.021579
0.01503 0.021876
0.01506 0.02227
0.01509 0.022681
0.01512 0.023147
0.01515 0.02365
0.01518 0.02423
0.01521 0.024895
0.01524 0.025651
0.01527 0.026484
0.0153 0.027425
0.01533 0.028491
0.01536 0.029815
0.01539 0.031246
0.01542 0.032867
0.01545 0.034784
0.01548 0.037053
0.01551 0.039709
0.01554 0.042857
0.01557 0.046588
0.0156 0.050911
0.01563 0.056226
0.01566 0.062401
0.01569 0.069681
0.01572 0.078174
0.01575 0.087762
0.01578 0.098619
0.01581 0.110786
0.01584 0.124058
0.01587 0.138715
0.0159 0.154678
0.01593 0.171913
0.01596 0.190252
0.01599 0.20953
0.01602 0.230139
0.01605 0.251592
0.01608 0.274131
0.01611 0.29793
0.01614 0.32258
0.01617 0.348352
0.0162 0.374893
0.01623 0.402263
0.01626 0.430011
0.01629 0.458082
0.01632 0.486267
0.01635 0.514244
0.01638 0.542056
0.01641 0.56931
0.01644 0.595778
0.01647 0.621652
0.0165 0.646787
0.01653 0.670778
0.01656 0.693791
0.01659 0.715934
0.01662 0.737197
0.01665 0.757448
0.01668 0.776684
0.01671 0.794989
0.01674 0.812299
0.01677 0.82851
0.0168 0.843763
0.01683 0.857798
0.01686 0.871214
0.01689 0.883453
0.01692 0.894702
0.01695 0.905114
0.01698 0.914717
0.01701 0.923401
0.01704 0.931294
0.01707 0.938581
0.0171 0.945151
0.01713 0.951086
0.01716 0.956493
0.01719 0.96134
0.01722 0.965724
0.01725 0.969545
0.01728 0.97308
0.01731 0.976237
0.01734 0.979042
0.01737 0.98151
0.0174 0.983727
0.01743 0.985767
0.01746 0.987524
0.01749 0.989131
0.01752 0.990466
0.01755 0.991704
0.01758 0.992786
0.01761 0.993739
0.01764 0.994558
0.01767 0.995255
0.0177 0.99593
0.01773 0.9965
0.01776 0.997004
0.01779 0.997408
0.01782 0.997809
0.01785 0.998113
0.01788 0.998378
0.01791 0.998595
0.01794 0.99881
0.01797 0.998974
0.018 0.999124
0.01803 0.999251
0.01806 0.999363
0.01809 0.99945
0.01812 0.999532
0.01815 0.999601
0.01818 0.999666
0.01821 0.999709
0.01824 0.999755
0.01827 0.999793
0.0183 0.999828
0.01833 0.999855
0.01836 0.999872
0.01839 0.99989
0.01842 0.999904
0.01845 0.999914
0.01848 0.999923
0.01851 0.999932
0.01854 0.999944
0.01857 0.999952
0.0186 0.999954
0.01863 0.999958
0.01866 0.99996
0.01869 0.999963
0.01872 0.999964
0.01875 0.999966
0.01878 0.999966
0.01881 0.999966
0.01884 0.999967
0.01887 0.999967
0.0189 0.999967
0.01893 0.999969
0.01896 0.99997
0.01899 0.999971
0.01902 0.999971
0.01905 0.999972
0.01908 0.999973
0.01911 0.999973
0.01914 0.999973
0.01917 0.999973
0.0192 0.999974
0.01923 0.999974
0.01926 0.999974
0.01929 0.999974
0.01932 0.999974
0.01935 0.999974
0.01938 0.999974
0.01941 0.999975
0.01944 0.999975
0.01947 0.999975
0.0195 0.999976
0.01953 0.999976
0.01956 0.999976
0.01959 0.999976
0.01962 0.999976
0.01965 0.999976
0.01968 0.999976
0.01971 0.999976
0.01974 0.999976
0.01977 0.999976
0.0198 0.999976
0.01983 0.999976
0.01986 0.999976
0.01989 0.999977
0.01992 0.999977
0.01995 0.999977
0.01998 0.999978
0.02001 0.999978
0.02004 0.999979
0.02007 0.999979
0.0201 0.999979
0.02013 0.999979
0.02016 0.999979
0.02019 0.999979
0.02022 0.999979
0.02025 0.999979
0.02028 0.999979
0.02031 0.999979
0.02034 0.999979
0.02037 0.999979
0.0204 0.999979
0.02043 0.999979
0.02046 0.999979
0.02049 0.999979
0.02052 0.999979
0.02055 0.999979
0.02058 0.999979
0.02061 0.999979
0.02064 0.999979
0.02067 0.999979
0.0207 0.999979
0.02073 0.999979
0.02076 0.999979
0.02079 0.999979
0.02082 0.999979
0.02085 0.999979
0.02088 0.999979
0.02091 0.999979
0.02094 0.999979
0.02097 0.999979
0.021 0.999979
0.02103 0.99998
0.02106 0.99998
0.02109 0.99998
0.02112 0.99998
0.02115 0.99998
0.02118 0.99998
0.02121 0.99998
0.02124 0.99998
0.02127 0.99998
0.0213 0.99998
0.02133 0.99998
0.02136 0.99998
0.02139 0.99998
0.02142 0.99998
0.02145 0.99998
0.02148 0.99998
0.02151 0.99998
0.02154 0.99998
0.02157 0.99998
0.0216 0.99998
0.02163 0.99998
0.02166 0.99998
0.02169 0.99998
0.02172 0.99998
0.02175 0.99998
0.02178 0.99998
0.02181 0.99998
0.02184 0.99998
0.02187 0.99998
0.0219 0.99998
0.02193 0.99998
0.02196 0.99998
0.02199 0.99998
0.02202 0.99998
0.02205 0.99998
0.02208 0.99998
0.02211 0.99998
0.02214 0.99998
0.02217 0.99998
0.0222 0.99998
0.02223 0.99998
0.02226 0.99998
0.02229 0.99998
0.02232 0.99998
0.02235 0.99998
0.02238 0.99998
0.02241 0.99998
0.02244 0.99998
0.02247 0.99998
0.0225 0.99998
0.02253 0.99998
0.02256 0.99998
0.02259 0.99998
0.02262 0.99998
0.02265 0.99998
0.02268 0.99998
0.02271 0.99998
0.02274 0.99998
0.02277 0.999981
0.0228 0.999982
0.02283 0.999982
0.02286 0.999982
0.02289 0.999982
0.02292 0.999982
0.02295 0.999982
0.02298 0.999982
0.02301 0.999982
0.02304 0.999982
0.02307 0.999982
0.0231 0.999982
0.02313 0.999982
0.02316 0.999982
0.02319 0.999982
0.02322 0.999982
0.02325 0.999982
0.02328 0.999982
0.02331 0.999982
0.02334 0.999982
0.02337 0.999982
0.0234 0.999982
0.02343 0.999982
0.02346 0.999982
0.02349 0.999982
0.02352 0.999982
0.02355 0.999982
0.02358 0.999983
0.02361 0.999983
0.02364 0.999983
0.02367 0.999983
0.0237 0.999983
0.02373 0.999983
0.02376 0.999983
0.02379 0.999983
0.02382 0.999983
0.02385 0.999983
0.02388 0.999983
0.02391 0.999983
0.02394 0.999983
0.02397 0.999983
0.024 0.999983
0.02403 0.999983
0.02406 0.999983
0.02409 0.999983
0.02412 0.999983
0.02415 0.999983
0.02418 0.999983
0.02421 0.999983
0.02424 0.999983
0.02427 0.999983
0.0243 0.999983
0.02433 0.999983
0.02436 0.999983
0.02439 0.999983
0.02442 0.999983
0.02445 0.999983
0.02448 0.999983
0.02451 0.999983
0.02454 0.999983
0.02457 0.999983
0.0246 0.999983
0.02463 0.999983
0.02466 0.999983
0.02469 0.999983
0.02472 0.999983
0.02475 0.999983
0.02478 0.999983
0.02481 0.999983
0.02484 0.999983
0.02487 0.999983
0.0249 0.999983
0.02493 0.999983
0.02496 0.999983
0.02499 0.999983
0.02502 0.999983
0.02505 0.999983
0.02508 0.999983
0.02511 0.999983
0.02514 0.999983
0.02517 0.999983
0.0252 0.999983
0.02523 0.999983
0.02526 0.999983
0.02529 0.999983
0.02532 0.999983
0.02535 0.999983
0.02538 0.999983
0.02541 0.999983
0.02544 0.999983
0.02547 0.999983
0.0255 0.999983
0.02553 0.999983
0.02556 0.999983
0.02559 0.999983
0.02562 0.999983
0.02565 0.999983
0.02568 0.999983
0.02571 0.999983
0.02574 0.999983
0.02577 0.999983
0.0258 0.999983
0.02583 0.999983
0.02586 0.999983
0.02589 0.999983
0.02592 0.999983
0.02595 0.999983
0.02598 0.999983
0.02601 0.999983
0.02604 0.999983
0.02607 0.999983
0.0261 0.999983
0.02613 0.999983
0.02616 0.999983
0.02619 0.999983
0.02622 0.999983
0.02625 0.999983
0.02628 0.999983
0.02631 0.999983
0.02634 0.999983
0.02637 0.999983
0.0264 0.999983
0.02643 0.999983
0.02646 0.999983
0.02649 0.999983
0.02652 0.999983
0.02655 0.999983
0.02658 0.999983
0.02661 0.999983
0.02664 0.999983
0.02667 0.999983
0.0267 0.999983
0.02673 0.999983
0.02676 0.999983
0.02679 0.999983
0.02682 0.999983
0.02685 0.999983
0.02688 0.999983
0.02691 0.999983
0.02694 0.999983
0.02697 0.999983
0.027 0.999983
0.02703 0.999983
0.02706 0.999983
0.02709 0.999983
0.02712 0.999983
0.02715 0.999983
0.02718 0.999983
0.02721 0.999983
0.02724 0.999983
0.02727 0.999983
0.0273 0.999983
0.02733 0.999983
0.02736 0.999983
0.02739 0.999983
0.02742 0.999983
0.02745 0.999983
0.02748 0.999983
0.02751 0.999983
0.02754 0.999983
0.02757 0.999983
0.0276 0.999983
0.02763 0.999983
0.02766 0.999983
0.02769 0.999983
0.02772 0.999983
0.02775 0.999983
0.02778 0.999983
0.02781 0.999983
0.02784 0.999983
0.02787 0.999983
0.0279 0.999983
0.02793 0.999983
0.02796 0.999983
0.02799 0.999983
0.02802 0.999983
0.02805 0.999983
0.02808 0.999983
0.02811 0.999983
0.02814 0.999983
0.02817 0.999983
0.0282 0.999983
0.02823 0.999983
0.02826 0.999983
0.02829 0.999983
0.02832 0.999983
0.02835 0.999983
0.02838 0.999983
0.02841 0.999983
0.02844 0.999983
0.02847 0.999983
0.0285 0.999983
0.02853 0.999983
0.02856 0.999983
0.02859 0.999983
0.02862 0.999983
0.02865 0.999983
0.02868 0.999983
0.02871 0.999983
0.02874 0.999983
0.02877 0.999983
0.0288 0.999983
0.02883 0.999983
0.02886 0.999983
0.02889 0.999983
0.02892 0.999983
0.02895 0.999983
0.02898 0.999983
0.02901 0.999983
0.02904 0.999983
0.02907 0.999983
0.0291 0.999983
0.02913 0.999983
0.02916 0.999983
0.02919 0.999983
0.02922 0.999983
0.02925 0.999983
0.02928 0.999983
0.02931 0.999983
0.02934 0.999983
0.02937 0.999983
0.0294 0.999983
0.02943 0.999983
0.02946 0.999983
0.02949 0.999983
0.02952 0.999983
0.02955 0.999983
0.02958 0.999983
0.02961 0.999983
0.02964 0.999983
0.02967 0.999983
0.0297 0.999983
0.02973 0.999983
0.02976 0.999983
0.02979 0.999983
0.02982 0.999983
0.02985 0.999983
0.02988 0.999983
0.02991 0.999983
0.02994 0.999983
0.02997 0.999983
Figure saved to M_inside_r_all_res.png
