#rbin[i] Nr[i] lbin[i] Nl[i]
 0.030010 0.000220 0.000316 0.000020 
 0.030080 0.000240 0.000419 0.000000 
 0.030150 0.000170 0.000522 0.000000 
 0.030220 0.000230 0.000625 0.000040 
 0.030290 0.000250 0.000727 0.000010 
 0.030360 0.000170 0.000830 0.000050 
 0.030430 0.000210 0.000933 0.000010 
 0.030500 0.000190 0.001036 0.000040 
 0.030570 0.000170 0.001139 0.000040 
 0.030640 0.000250 0.001241 0.000050 
 0.030710 0.000210 0.001344 0.000020 
 0.030780 0.000220 0.001447 0.000010 
 0.030850 0.000190 0.001550 0.000030 
 0.030920 0.000250 0.001652 0.000040 
 0.030990 0.000220 0.001755 0.000000 
 0.031060 0.000210 0.001858 0.000020 
 0.031130 0.000220 0.001961 0.000020 
 0.031200 0.000230 0.002064 0.000050 
 0.031270 0.000230 0.002166 0.000030 
 0.031340 0.000160 0.002269 0.000040 
 0.031410 0.000190 0.002372 0.000040 
 0.031480 0.000180 0.002475 0.000070 
 0.031550 0.000210 0.002577 0.000060 
 0.031620 0.000210 0.002680 0.000070 
 0.031690 0.000220 0.002783 0.000040 
 0.031760 0.000260 0.002886 0.000110 
 0.031830 0.000180 0.002989 0.000060 
 0.031899 0.000180 0.003091 0.000100 
 0.031969 0.000240 0.003194 0.000050 
 0.032039 0.000190 0.003297 0.000070 
 0.032109 0.000320 0.003400 0.000090 
 0.032179 0.000200 0.003502 0.000040 
 0.032249 0.000290 0.003605 0.000060 
 0.032319 0.000280 0.003708 0.000100 
 0.032389 0.000210 0.003811 0.000160 
 0.032459 0.000210 0.003914 0.000060 
 0.032529 0.000180 0.004016 0.000050 
 0.032599 0.000150 0.004119 0.000080 
 0.032669 0.000240 0.004222 0.000050 
 0.032739 0.000160 0.004325 0.000180 
 0.032809 0.000260 0.004427 0.000070 
 0.032879 0.000240 0.004530 0.000050 
 0.032949 0.000210 0.004633 0.000090 
 0.033019 0.000260 0.004736 0.000090 
 0.033089 0.000200 0.004839 0.000120 
 0.033159 0.000300 0.004941 0.000090 
 0.033229 0.000220 0.005044 0.000130 
 0.033299 0.000260 0.005147 0.000130 
 0.033369 0.000170 0.005250 0.000070 
 0.033439 0.000420 0.005352 0.000160 
 0.033509 0.000180 0.005455 0.000140 
 0.033579 0.000260 0.005558 0.000170 
 0.033649 0.000260 0.005661 0.000150 
 0.033719 0.000190 0.005764 0.000140 
 0.033789 0.000200 0.005866 0.000120 
 0.033859 0.000260 0.005969 0.000080 
 0.033929 0.000300 0.006072 0.000060 
 0.033999 0.000290 0.006175 0.000090 
 0.034069 0.000230 0.006277 0.000100 
 0.034139 0.000260 0.006380 0.000160 
 0.034209 0.000250 0.006483 0.000130 
 0.034279 0.000230 0.006586 0.000170 
 0.034349 0.000210 0.006689 0.000120 
 0.034419 0.000260 0.006791 0.000200 
 0.034489 0.000190 0.006894 0.000150 
 0.034559 0.000340 0.006997 0.000110 
 0.034629 0.000230 0.007100 0.000150 
 0.034699 0.000270 0.007202 0.000250 
 0.034769 0.000330 0.007305 0.000210 
 0.034839 0.000330 0.007408 0.000180 
 0.034909 0.000260 0.007511 0.000100 
 0.034979 0.000290 0.007614 0.000160 
 0.035049 0.000250 0.007716 0.000170 
 0.035119 0.000260 0.007819 0.000200 
 0.035189 0.000240 0.007922 0.000180 
 0.035259 0.000240 0.008025 0.000100 
 0.035329 0.000310 0.008128 0.000160 
 0.035399 0.000260 0.008230 0.000140 
 0.035469 0.000260 0.008333 0.000140 
 0.035539 0.000250 0.008436 0.000220 
 0.035609 0.000300 0.008539 0.000180 
 0.035679 0.000300 0.008641 0.000270 
 0.035749 0.000230 0.008744 0.000180 
 0.035819 0.000220 0.008847 0.000200 
 0.035889 0.000200 0.008950 0.000260 
 0.035959 0.000310 0.009053 0.000190 
 0.036029 0.000340 0.009155 0.000130 
 0.036099 0.000190 0.009258 0.000200 
 0.036169 0.000220 0.009361 0.000240 
 0.036239 0.000330 0.009464 0.000160 
 0.036309 0.000240 0.009566 0.000170 
 0.036379 0.000330 0.009669 0.000210 
 0.036449 0.000240 0.009772 0.000190 
 0.036519 0.000340 0.009875 0.000250 
 0.036589 0.000430 0.009978 0.000270 
 0.036659 0.000260 0.010080 0.000170 
 0.036729 0.000300 0.010183 0.000250 
 0.036799 0.000290 0.010286 0.000180 
 0.036869 0.000410 0.010389 0.000270 
 0.036939 0.000290 0.010491 0.000230 
 0.037009 0.000330 0.010594 0.000310 
 0.037079 0.000300 0.010697 0.000140 
 0.037149 0.000250 0.010800 0.000360 
 0.037219 0.000390 0.010903 0.000160 
 0.037289 0.000270 0.011005 0.000220 
 0.037359 0.000200 0.011108 0.000220 
 0.037429 0.000210 0.011211 0.000290 
 0.037499 0.000300 0.011314 0.000260 
 0.037569 0.000320 0.011416 0.000220 
 0.037639 0.000320 0.011519 0.000190 
 0.037709 0.000230 0.011622 0.000260 
 0.037779 0.000280 0.011725 0.000270 
 0.037849 0.000310 0.011828 0.000150 
 0.037919 0.000250 0.011930 0.000360 
 0.037989 0.000320 0.012033 0.000270 
 0.038059 0.000410 0.012136 0.000290 
 0.038129 0.000280 0.012239 0.000190 
 0.038199 0.000430 0.012341 0.000330 
 0.038269 0.000380 0.012444 0.000290 
 0.038339 0.000400 0.012547 0.000330 
 0.038409 0.000320 0.012650 0.000250 
 0.038478 0.000310 0.012753 0.000200 
 0.038548 0.000270 0.012855 0.000310 
 0.038618 0.000310 0.012958 0.000330 
 0.038688 0.000300 0.013061 0.000210 
 0.038758 0.000240 0.013164 0.000350 
 0.038828 0.000250 0.013266 0.000330 
 0.038898 0.000330 0.013369 0.000270 
 0.038968 0.000420 0.013472 0.000240 
 0.039038 0.000270 0.013575 0.000240 
 0.039108 0.000380 0.013678 0.000310 
 0.039178 0.000370 0.013780 0.000300 
 0.039248 0.000430 0.013883 0.000410 
 0.039318 0.000290 0.013986 0.000390 
 0.039388 0.000260 0.014089 0.000170 
 0.039458 0.000390 0.014191 0.000350 
 0.039528 0.000320 0.014294 0.000460 
 0.039598 0.000360 0.014397 0.000240 
 0.039668 0.000340 0.014500 0.000300 
 0.039738 0.000330 0.014603 0.000270 
 0.039808 0.000360 0.014705 0.000330 
 0.039878 0.000270 0.014808 0.000310 
 0.039948 0.000380 0.014911 0.000280 
 0.040018 0.000370 0.015014 0.000310 
 0.040088 0.000290 0.015116 0.000440 
 0.040158 0.000390 0.015219 0.000330 
 0.040228 0.000400 0.015322 0.000320 
 0.040298 0.000310 0.015425 0.000410 
 0.040368 0.000320 0.015528 0.000410 
 0.040438 0.000320 0.015630 0.000280 
 0.040508 0.000370 0.015733 0.000330 
 0.040578 0.000260 0.015836 0.000300 
 0.040648 0.000290 0.015939 0.000330 
 0.040718 0.000450 0.016041 0.000270 
 0.040788 0.000360 0.016144 0.000460 
 0.040858 0.000260 0.016247 0.000380 
 0.040928 0.000540 0.016350 0.000400 
 0.040998 0.000290 0.016453 0.000260 
 0.041068 0.000370 0.016555 0.000380 
 0.041138 0.000370 0.016658 0.000440 
 0.041208 0.000440 0.016761 0.000380 
 0.041278 0.000320 0.016864 0.000490 
 0.041348 0.000450 0.016966 0.000290 
 0.041418 0.000400 0.017069 0.000380 
 0.041488 0.000420 0.017172 0.000330 
 0.041558 0.000340 0.017275 0.000470 
 0.041628 0.000310 0.017378 0.000350 
 0.041698 0.000300 0.017480 0.000420 
 0.041768 0.000390 0.017583 0.000330 
 0.041838 0.000410 0.017686 0.000420 
 0.041908 0.000330 0.017789 0.000440 
 0.041978 0.000400 0.017891 0.000450 
 0.042048 0.000370 0.017994 0.000410 
 0.042118 0.000390 0.018097 0.000370 
 0.042188 0.000440 0.018200 0.000370 
 0.042258 0.000490 0.018303 0.000460 
 0.042328 0.000370 0.018405 0.000300 
 0.042398 0.000430 0.018508 0.000430 
 0.042468 0.000420 0.018611 0.000350 
 0.042538 0.000350 0.018714 0.000520 
 0.042608 0.000270 0.018816 0.000430 
 0.042678 0.000490 0.018919 0.000420 
 0.042748 0.000380 0.019022 0.000580 
 0.042818 0.000400 0.019125 0.000470 
 0.042888 0.000410 0.019228 0.000450 
 0.042958 0.000380 0.019330 0.000300 
 0.043028 0.000380 0.019433 0.000420 
 0.043098 0.000480 0.019536 0.000390 
 0.043168 0.000370 0.019639 0.000430 
 0.043238 0.000330 0.019741 0.000570 
 0.043308 0.000350 0.019844 0.000550 
 0.043378 0.000410 0.019947 0.000440 
 0.043448 0.000380 0.020050 0.000410 
 0.043518 0.000420 0.020153 0.000460 
 0.043588 0.000440 0.020255 0.000540 
 0.043658 0.000360 0.020358 0.000480 
 0.043728 0.000360 0.020461 0.000420 
 0.043798 0.000500 0.020564 0.000460 
 0.043868 0.000360 0.020667 0.000460 
 0.043938 0.000410 0.020769 0.000440 
 0.044008 0.000430 0.020872 0.000470 
 0.044078 0.000490 0.020975 0.000460 
 0.044148 0.000460 0.021078 0.000560 
 0.044218 0.000270 0.021180 0.000530 
 0.044288 0.000390 0.021283 0.000460 
 0.044358 0.000400 0.021386 0.000450 
 0.044428 0.000460 0.021489 0.000430 
 0.044498 0.000370 0.021592 0.000510 
 0.044568 0.000500 0.021694 0.000510 
 0.044638 0.000560 0.021797 0.000520 
 0.044708 0.000500 0.021900 0.000570 
 0.044778 0.000460 0.022003 0.000650 
 0.044848 0.000460 0.022105 0.000550 
 0.044918 0.000440 0.022208 0.000520 
 0.044988 0.000520 0.022311 0.000460 
 0.045057 0.000330 0.022414 0.000660 
 0.045127 0.000500 0.022517 0.000500 
 0.045197 0.000510 0.022619 0.000440 
 0.045267 0.000380 0.022722 0.000520 
 0.045337 0.000430 0.022825 0.000550 
 0.045407 0.000410 0.022928 0.000570 
 0.045477 0.000380 0.023030 0.000430 
 0.045547 0.000480 0.023133 0.000530 
 0.045617 0.000400 0.023236 0.000440 
 0.045687 0.000500 0.023339 0.000680 
 0.045757 0.000410 0.023442 0.000530 
 0.045827 0.000510 0.023544 0.000530 
 0.045897 0.000400 0.023647 0.000720 
 0.045967 0.000430 0.023750 0.000720 
 0.046037 0.000410 0.023853 0.000590 
 0.046107 0.000550 0.023955 0.000610 
 0.046177 0.000450 0.024058 0.000540 
 0.046247 0.000520 0.024161 0.000590 
 0.046317 0.000500 0.024264 0.000670 
 0.046387 0.000480 0.024367 0.000510 
 0.046457 0.000490 0.024469 0.000570 
 0.046527 0.000280 0.024572 0.000540 
 0.046597 0.000380 0.024675 0.000530 
 0.046667 0.000430 0.024778 0.000600 
 0.046737 0.000370 0.024880 0.000660 
 0.046807 0.000520 0.024983 0.000630 
 0.046877 0.000550 0.025086 0.000550 
 0.046947 0.000530 0.025189 0.000510 
 0.047017 0.000520 0.025292 0.000660 
 0.047087 0.000510 0.025394 0.000700 
 0.047157 0.000560 0.025497 0.000610 
 0.047227 0.000470 0.025600 0.000700 
 0.047297 0.000520 0.025703 0.000610 
 0.047367 0.000510 0.025805 0.000600 
 0.047437 0.000500 0.025908 0.000650 
 0.047507 0.000510 0.026011 0.000630 
 0.047577 0.000400 0.026114 0.000510 
 0.047647 0.000480 0.026217 0.000690 
 0.047717 0.000320 0.026319 0.000780 
 0.047787 0.000510 0.026422 0.000680 
 0.047857 0.000450 0.026525 0.000520 
 0.047927 0.000580 0.026628 0.000710 
 0.047997 0.000530 0.026730 0.000720 
 0.048067 0.000390 0.026833 0.000710 
 0.048137 0.000430 0.026936 0.000670 
 0.048207 0.000470 0.027039 0.000740 
 0.048277 0.000620 0.027142 0.000870 
 0.048347 0.000580 0.027244 0.000680 
 0.048417 0.000340 0.027347 0.000840 
 0.048487 0.000600 0.027450 0.000620 
 0.048557 0.000560 0.027553 0.000720 
 0.048627 0.000580 0.027655 0.000580 
 0.048697 0.000350 0.027758 0.000670 
 0.048767 0.000460 0.027861 0.000600 
 0.048837 0.000580 0.027964 0.000750 
 0.048907 0.000510 0.028067 0.000750 
 0.048977 0.000560 0.028169 0.000690 
 0.049047 0.000540 0.028272 0.000820 
 0.049117 0.000600 0.028375 0.000790 
 0.049187 0.000530 0.028478 0.000600 
 0.049257 0.000680 0.028580 0.000780 
 0.049327 0.000620 0.028683 0.000670 
 0.049397 0.000530 0.028786 0.000800 
 0.049467 0.000480 0.028889 0.000720 
 0.049537 0.000460 0.028992 0.000830 
 0.049607 0.000490 0.029094 0.000870 
 0.049677 0.000550 0.029197 0.000830 
 0.049747 0.000560 0.029300 0.000930 
 0.049817 0.000470 0.029403 0.000730 
 0.049887 0.000560 0.029505 0.000740 
 0.049957 0.000540 0.029608 0.000940 
 0.050027 0.000430 0.029711 0.000770 
 0.050097 0.000480 0.029814 0.000720 
 0.050167 0.000590 0.029917 0.000770 
 0.050237 0.000610 0.030019 0.000910 
 0.050307 0.000570 0.030122 0.000720 
 0.050377 0.000600 0.030225 0.001000 
 0.050447 0.000580 0.030328 0.000930 
 0.050517 0.000530 0.030430 0.000910 
 0.050587 0.000510 0.030533 0.000730 
 0.050657 0.000560 0.030636 0.000980 
 0.050727 0.000510 0.030739 0.001000 
 0.050797 0.000530 0.030842 0.001000 
 0.050867 0.000520 0.030944 0.000840 
 0.050937 0.000600 0.031047 0.000870 
 0.051007 0.000530 0.031150 0.001070 
 0.051077 0.000580 0.031253 0.000970 
 0.051147 0.000670 0.031355 0.000800 
 0.051217 0.000480 0.031458 0.000940 
 0.051287 0.000520 0.031561 0.000990 
 0.051357 0.000610 0.031664 0.001140 
 0.051427 0.000540 0.031767 0.000950 
 0.051497 0.000410 0.031869 0.000750 
 0.051567 0.000660 0.031972 0.000860 
 0.051637 0.000650 0.032075 0.000950 
 0.051706 0.000670 0.032178 0.000980 
 0.051776 0.000580 0.032281 0.000780 
 0.051846 0.000480 0.032383 0.000800 
 0.051916 0.000580 0.032486 0.001020 
 0.051986 0.000760 0.032589 0.000900 
 0.052056 0.000560 0.032692 0.000820 
 0.052126 0.000590 0.032794 0.000990 
 0.052196 0.000390 0.032897 0.001110 
 0.052266 0.000650 0.033000 0.000880 
 0.052336 0.000580 0.033103 0.000930 
 0.052406 0.000640 0.033206 0.001120 
 0.052476 0.000640 0.033308 0.000920 
 0.052546 0.000600 0.033411 0.001000 
 0.052616 0.000840 0.033514 0.000960 
 0.052686 0.000620 0.033617 0.001110 
 0.052756 0.000550 0.033719 0.001070 
 0.052826 0.000600 0.033822 0.000900 
 0.052896 0.000610 0.033925 0.000960 
 0.052966 0.000650 0.034028 0.000820 
 0.053036 0.000460 0.034131 0.000990 
 0.053106 0.000580 0.034233 0.000940 
 0.053176 0.000530 0.034336 0.001280 
 0.053246 0.000470 0.034439 0.000850 
 0.053316 0.000460 0.034542 0.001050 
 0.053386 0.000620 0.034644 0.001040 
 0.053456 0.000550 0.034747 0.001060 
 0.053526 0.000680 0.034850 0.001040 
 0.053596 0.000620 0.034953 0.000990 
 0.053666 0.000650 0.035056 0.001130 
 0.053736 0.000780 0.035158 0.001000 
 0.053806 0.000580 0.035261 0.000970 
 0.053876 0.000800 0.035364 0.000790 
 0.053946 0.000680 0.035467 0.000970 
 0.054016 0.000570 0.035569 0.001030 
 0.054086 0.000650 0.035672 0.001060 
 0.054156 0.000760 0.035775 0.000960 
 0.054226 0.000740 0.035878 0.001290 
 0.054296 0.000540 0.035981 0.001050 
 0.054366 0.000570 0.036083 0.000950 
 0.054436 0.000590 0.036186 0.001140 
 0.054506 0.000620 0.036289 0.001100 
 0.054576 0.000720 0.036392 0.000930 
 0.054646 0.000620 0.036494 0.001010 
 0.054716 0.000680 0.036597 0.000930 
 0.054786 0.000550 0.036700 0.001110 
 0.054856 0.000800 0.036803 0.001060 
 0.054926 0.000690 0.036906 0.000990 
 0.054996 0.000630 0.037008 0.001010 
 0.055066 0.000500 0.037111 0.001170 
 0.055136 0.000580 0.037214 0.000910 
 0.055206 0.000510 0.037317 0.001020 
 0.055276 0.000580 0.037419 0.001220 
 0.055346 0.000620 0.037522 0.001080 
 0.055416 0.000710 0.037625 0.001170 
 0.055486 0.000700 0.037728 0.001230 
 0.055556 0.000750 0.037831 0.001150 
 0.055626 0.000710 0.037933 0.001080 
 0.055696 0.000850 0.038036 0.001280 
 0.055766 0.000820 0.038139 0.000900 
 0.055836 0.000690 0.038242 0.001070 
 0.055906 0.000550 0.038344 0.000990 
 0.055976 0.000530 0.038447 0.001110 
 0.056046 0.000630 0.038550 0.001090 
 0.056116 0.000710 0.038653 0.001070 
 0.056186 0.000690 0.038756 0.001180 
 0.056256 0.000700 0.038858 0.001100 
 0.056326 0.000620 0.038961 0.001060 
 0.056396 0.000630 0.039064 0.001190 
 0.056466 0.000690 0.039167 0.001150 
 0.056536 0.000670 0.039269 0.001050 
 0.056606 0.000690 0.039372 0.001030 
 0.056676 0.000710 0.039475 0.001190 
 0.056746 0.000850 0.039578 0.001060 
 0.056816 0.000700 0.039681 0.001120 
 0.056886 0.000760 0.039783 0.001080 
 0.056956 0.000690 0.039886 0.001200 
 0.057026 0.000790 0.039989 0.001130 
 0.057096 0.000710 0.040092 0.001070 
 0.057166 0.000770 0.040194 0.001090 
 0.057236 0.000700 0.040297 0.001160 
 0.057306 0.000670 0.040400 0.001240 
 0.057376 0.000730 0.040503 0.001200 
 0.057446 0.000720 0.040606 0.001180 
 0.057516 0.000820 0.040708 0.001100 
 0.057586 0.000680 0.040811 0.001250 
 0.057656 0.000610 0.040914 0.001170 
 0.057726 0.000740 0.041017 0.001160 
 0.057796 0.000670 0.041119 0.001090 
 0.057866 0.000720 0.041222 0.001390 
 0.057936 0.000700 0.041325 0.001130 
 0.058006 0.000770 0.041428 0.001220 
 0.058076 0.000610 0.041531 0.001030 
 0.058146 0.000740 0.041633 0.001250 
 0.058216 0.000670 0.041736 0.001070 
 0.058285 0.000720 0.041839 0.001000 
 0.058355 0.000710 0.041942 0.001040 
 0.058425 0.000690 0.042044 0.001170 
 0.058495 0.000670 0.042147 0.001280 
 0.058565 0.000590 0.042250 0.001120 
 0.058635 0.000630 0.042353 0.001260 
 0.058705 0.000870 0.042456 0.001190 
 0.058775 0.000850 0.042558 0.001230 
 0.058845 0.000680 0.042661 0.001360 
 0.058915 0.000820 0.042764 0.001240 
 0.058985 0.000870 0.042867 0.001030 
 0.059055 0.000730 0.042969 0.001380 
 0.059125 0.000820 0.043072 0.001150 
 0.059195 0.000750 0.043175 0.001340 
 0.059265 0.000640 0.043278 0.001060 
 0.059335 0.000900 0.043381 0.001140 
 0.059405 0.000810 0.043483 0.001210 
 0.059475 0.000900 0.043586 0.001010 
 0.059545 0.000750 0.043689 0.001190 
 0.059615 0.000680 0.043792 0.001320 
 0.059685 0.000890 0.043894 0.001340 
 0.059755 0.000820 0.043997 0.001190 
 0.059825 0.000880 0.044100 0.001220 
 0.059895 0.000870 0.044203 0.001390 
 0.059965 0.000840 0.044306 0.001370 
 0.060035 0.000780 0.044408 0.001310 
 0.060105 0.000730 0.044511 0.001340 
 0.060175 0.000880 0.044614 0.001040 
 0.060245 0.000600 0.044717 0.001320 
 0.060315 0.000860 0.044820 0.001210 
 0.060385 0.000650 0.044922 0.001180 
 0.060455 0.000800 0.045025 0.001190 
 0.060525 0.000740 0.045128 0.001100 
 0.060595 0.000670 0.045231 0.001430 
 0.060665 0.000670 0.045333 0.001340 
 0.060735 0.000650 0.045436 0.001300 
 0.060805 0.000780 0.045539 0.001160 
 0.060875 0.000680 0.045642 0.001040 
 0.060945 0.000820 0.045745 0.001370 
 0.061015 0.000760 0.045847 0.001270 
 0.061085 0.000940 0.045950 0.001130 
 0.061155 0.000710 0.046053 0.001160 
 0.061225 0.000710 0.046156 0.001360 
 0.061295 0.000950 0.046258 0.001180 
 0.061365 0.000760 0.046361 0.001330 
 0.061435 0.000730 0.046464 0.001170 
 0.061505 0.000920 0.046567 0.001320 
 0.061575 0.000910 0.046670 0.001280 
 0.061645 0.000740 0.046772 0.001390 
 0.061715 0.000880 0.046875 0.001130 
 0.061785 0.000850 0.046978 0.001390 
 0.061855 0.000850 0.047081 0.001360 
 0.061925 0.000890 0.047183 0.001330 
 0.061995 0.001000 0.047286 0.001380 
 0.062065 0.000990 0.047389 0.001230 
 0.062135 0.000970 0.047492 0.001220 
 0.062205 0.000700 0.047595 0.001340 
 0.062275 0.001000 0.047697 0.001300 
 0.062345 0.000800 0.047800 0.001410 
 0.062415 0.000830 0.047903 0.001450 
 0.062485 0.000800 0.048006 0.001260 
 0.062555 0.000980 0.048108 0.001430 
 0.062625 0.000910 0.048211 0.001220 
 0.062695 0.000830 0.048314 0.001280 
 0.062765 0.000740 0.048417 0.001440 
 0.062835 0.000810 0.048520 0.001330 
 0.062905 0.000750 0.048622 0.001310 
 0.062975 0.000810 0.048725 0.001240 
 0.063045 0.000920 0.048828 0.001400 
 0.063115 0.000820 0.048931 0.001100 
 0.063185 0.000840 0.049033 0.001270 
 0.063255 0.000820 0.049136 0.001260 
 0.063325 0.000750 0.049239 0.001450 
 0.063395 0.000890 0.049342 0.001320 
 0.063465 0.000840 0.049445 0.001470 
 0.063535 0.000900 0.049547 0.001260 
 0.063605 0.000860 0.049650 0.001300 
 0.063675 0.000920 0.049753 0.001340 
 0.063745 0.000710 0.049856 0.001260 
 0.063815 0.000750 0.049958 0.001480 
 0.063885 0.000850 0.050061 0.001340 
 0.063955 0.000860 0.050164 0.001240 
 0.064025 0.000890 0.050267 0.001360 
 0.064095 0.000940 0.050370 0.001350 
 0.064165 0.000860 0.050472 0.001450 
 0.064235 0.000860 0.050575 0.001350 
 0.064305 0.000830 0.050678 0.001320 
 0.064375 0.001120 0.050781 0.001370 
 0.064445 0.000980 0.050883 0.001380 
 0.064515 0.001020 0.050986 0.001480 
 0.064585 0.000850 0.051089 0.001440 
 0.064655 0.000810 0.051192 0.001330 
 0.064725 0.001040 0.051295 0.001190 
 0.064795 0.000830 0.051397 0.001280 
 0.064864 0.000980 0.051500 0.001440 
 0.064934 0.001060 0.051603 0.001540 
 0.065004 0.000960 0.051706 0.001520 
 0.065074 0.000800 0.051808 0.001360 
 0.065144 0.001090 0.051911 0.001090 
 0.065214 0.000830 0.052014 0.001440 
 0.065284 0.000850 0.052117 0.001430 
 0.065354 0.000980 0.052220 0.001320 
 0.065424 0.000860 0.052322 0.001430 
 0.065494 0.001030 0.052425 0.001220 
 0.065564 0.000830 0.052528 0.001580 
 0.065634 0.000990 0.052631 0.001540 
 0.065704 0.000990 0.052733 0.001460 
 0.065774 0.000820 0.052836 0.001430 
 0.065844 0.000840 0.052939 0.001330 
 0.065914 0.000860 0.053042 0.001530 
 0.065984 0.000920 0.053145 0.001360 
 0.066054 0.001000 0.053247 0.001170 
 0.066124 0.000910 0.053350 0.001470 
 0.066194 0.001130 0.053453 0.001440 
 0.066264 0.000810 0.053556 0.001500 
 0.066334 0.000910 0.053658 0.001410 
 0.066404 0.001050 0.053761 0.001290 
 0.066474 0.000940 0.053864 0.001480 
 0.066544 0.000850 0.053967 0.001240 
 0.066614 0.000980 0.054070 0.001440 
 0.066684 0.000990 0.054172 0.001350 
 0.066754 0.000950 0.054275 0.001550 
 0.066824 0.001090 0.054378 0.001270 
 0.066894 0.001010 0.054481 0.001370 
 0.066964 0.001060 0.054583 0.001290 
 0.067034 0.000980 0.054686 0.001420 
 0.067104 0.000870 0.054789 0.001500 
 0.067174 0.000940 0.054892 0.001400 
 0.067244 0.000850 0.054995 0.001260 
 0.067314 0.001030 0.055097 0.001450 
 0.067384 0.001020 0.055200 0.001520 
 0.067454 0.001010 0.055303 0.001570 
 0.067524 0.000990 0.055406 0.001570 
 0.067594 0.001000 0.055508 0.001360 
 0.067664 0.000880 0.055611 0.001500 
 0.067734 0.001000 0.055714 0.001620 
 0.067804 0.001060 0.055817 0.001440 
 0.067874 0.000990 0.055920 0.001430 
 0.067944 0.000860 0.056022 0.001520 
 0.068014 0.001140 0.056125 0.001550 
 0.068084 0.001070 0.056228 0.001430 
 0.068154 0.000870 0.056331 0.001430 
 0.068224 0.000880 0.056433 0.001520 
 0.068294 0.001090 0.056536 0.001410 
 0.068364 0.001040 0.056639 0.001560 
 0.068434 0.000830 0.056742 0.001580 
 0.068504 0.001170 0.056845 0.001340 
 0.068574 0.000870 0.056947 0.001490 
 0.068644 0.000950 0.057050 0.001560 
 0.068714 0.001090 0.057153 0.001180 
 0.068784 0.001080 0.057256 0.001510 
 0.068854 0.001250 0.057359 0.001190 
 0.068924 0.000960 0.057461 0.001470 
 0.068994 0.001150 0.057564 0.001270 
 0.069064 0.000880 0.057667 0.001280 
 0.069134 0.001080 0.057770 0.001590 
 0.069204 0.000990 0.057872 0.001530 
 0.069274 0.000930 0.057975 0.001440 
 0.069344 0.001040 0.058078 0.001370 
 0.069414 0.001010 0.058181 0.001500 
 0.069484 0.001070 0.058284 0.001490 
 0.069554 0.001250 0.058386 0.001510 
 0.069624 0.001030 0.058489 0.001570 
 0.069694 0.001050 0.058592 0.001480 
 0.069764 0.001000 0.058695 0.001580 
 0.069834 0.001160 0.058797 0.001620 
 0.069904 0.001010 0.058900 0.001650 
 0.069974 0.001100 0.059003 0.001490 
 0.070044 0.000880 0.059106 0.001800 
 0.070114 0.001200 0.059209 0.001300 
 0.070184 0.001180 0.059311 0.001590 
 0.070254 0.001110 0.059414 0.001610 
 0.070324 0.000880 0.059517 0.001650 
 0.070394 0.001160 0.059620 0.001490 
 0.070464 0.000980 0.059722 0.001450 
 0.070534 0.001110 0.059825 0.001370 
 0.070604 0.000960 0.059928 0.001260 
 0.070674 0.001030 0.060031 0.001460 
 0.070744 0.001130 0.060134 0.001480 
 0.070814 0.001140 0.060236 0.001510 
 0.070884 0.001070 0.060339 0.001360 
 0.070954 0.001140 0.060442 0.001540 
 0.071024 0.001120 0.060545 0.001490 
 0.071094 0.001030 0.060647 0.001360 
 0.071164 0.000960 0.060750 0.001400 
 0.071234 0.001320 0.060853 0.001580 
 0.071304 0.001160 0.060956 0.001470 
 0.071374 0.001150 0.061059 0.001670 
 0.071443 0.001110 0.061161 0.001390 
 0.071513 0.000840 0.061264 0.001660 
 0.071583 0.001010 0.061367 0.001670 
 0.071653 0.000970 0.061470 0.001510 
 0.071723 0.001280 0.061572 0.001650 
 0.071793 0.001120 0.061675 0.001630 
 0.071863 0.001070 0.061778 0.001550 
 0.071933 0.001130 0.061881 0.001580 
 0.072003 0.001000 0.061984 0.001310 
 0.072073 0.001350 0.062086 0.001430 
 0.072143 0.001080 0.062189 0.001650 
 0.072213 0.001000 0.062292 0.001750 
 0.072283 0.001270 0.062395 0.001620 
 0.072353 0.001080 0.062497 0.001670 
 0.072423 0.001130 0.062600 0.001250 
 0.072493 0.001110 0.062703 0.001560 
 0.072563 0.000970 0.062806 0.001540 
 0.072633 0.001300 0.062909 0.001560 
 0.072703 0.001010 0.063011 0.001280 
 0.072773 0.001020 0.063114 0.001440 
 0.072843 0.001330 0.063217 0.001370 
 0.072913 0.001390 0.063320 0.001560 
 0.072983 0.001210 0.063422 0.001350 
 0.073053 0.001200 0.063525 0.001530 
 0.073123 0.001190 0.063628 0.001260 
 0.073193 0.001160 0.063731 0.001640 
 0.073263 0.001100 0.063834 0.001730 
 0.073333 0.001130 0.063936 0.001560 
 0.073403 0.001070 0.064039 0.001350 
 0.073473 0.001230 0.064142 0.001560 
 0.073543 0.001000 0.064245 0.001570 
 0.073613 0.001300 0.064347 0.001680 
 0.073683 0.001180 0.064450 0.001870 
 0.073753 0.001100 0.064553 0.001560 
 0.073823 0.001370 0.064656 0.001620 
 0.073893 0.001080 0.064759 0.001750 
 0.073963 0.001350 0.064861 0.001720 
 0.074033 0.001310 0.064964 0.001630 
 0.074103 0.001040 0.065067 0.001830 
 0.074173 0.001090 0.065170 0.001520 
 0.074243 0.001170 0.065272 0.001250 
 0.074313 0.001190 0.065375 0.001610 
 0.074383 0.001340 0.065478 0.001610 
 0.074453 0.001160 0.065581 0.001440 
 0.074523 0.001230 0.065684 0.001470 
 0.074593 0.001040 0.065786 0.001360 
 0.074663 0.001140 0.065889 0.001760 
 0.074733 0.001320 0.065992 0.001590 
 0.074803 0.001080 0.066095 0.001200 
 0.074873 0.001270 0.066197 0.001540 
 0.074943 0.001190 0.066300 0.001540 
 0.075013 0.001050 0.066403 0.001600 
 0.075083 0.001160 0.066506 0.001720 
 0.075153 0.001040 0.066609 0.001500 
 0.075223 0.001190 0.066711 0.001530 
 0.075293 0.001360 0.066814 0.001390 
 0.075363 0.001310 0.066917 0.001540 
 0.075433 0.001340 0.067020 0.001630 
 0.075503 0.001240 0.067122 0.001760 
 0.075573 0.001200 0.067225 0.001490 
 0.075643 0.001370 0.067328 0.001410 
 0.075713 0.001320 0.067431 0.001490 
 0.075783 0.001330 0.067534 0.001540 
 0.075853 0.001090 0.067636 0.001620 
 0.075923 0.001240 0.067739 0.001710 
 0.075993 0.001340 0.067842 0.001420 
 0.076063 0.001210 0.067945 0.001780 
 0.076133 0.001210 0.068047 0.001800 
 0.076203 0.001130 0.068150 0.001530 
 0.076273 0.001190 0.068253 0.001540 
 0.076343 0.001300 0.068356 0.001640 
 0.076413 0.001450 0.068459 0.001520 
 0.076483 0.001130 0.068561 0.001460 
 0.076553 0.001250 0.068664 0.001700 
 0.076623 0.001300 0.068767 0.001760 
 0.076693 0.001370 0.068870 0.001430 
 0.076763 0.001170 0.068972 0.001600 
 0.076833 0.001160 0.069075 0.001770 
 0.076903 0.001580 0.069178 0.001530 
 0.076973 0.001250 0.069281 0.001520 
 0.077043 0.001320 0.069384 0.001410 
 0.077113 0.001170 0.069486 0.001600 
 0.077183 0.001230 0.069589 0.001510 
 0.077253 0.001050 0.069692 0.001690 
 0.077323 0.001320 0.069795 0.001540 
 0.077393 0.001380 0.069898 0.001620 
 0.077463 0.001220 0.070000 0.001400 
 0.077533 0.001120 0.070103 0.001550 
 0.077603 0.001530 0.070206 0.001600 
 0.077673 0.001450 0.070309 0.001660 
 0.077743 0.001050 0.070411 0.001620 
 0.077813 0.001420 0.070514 0.001530 
 0.077883 0.001320 0.070617 0.001670 
 0.077953 0.001250 0.070720 0.001560 
 0.078022 0.001400 0.070823 0.001470 
 0.078092 0.001320 0.070925 0.001470 
 0.078162 0.001280 0.071028 0.001610 
 0.078232 0.001230 0.071131 0.001610 
 0.078302 0.001410 0.071234 0.001600 
 0.078372 0.001330 0.071336 0.001630 
 0.078442 0.001590 0.071439 0.001410 
 0.078512 0.001390 0.071542 0.001290 
 0.078582 0.001470 0.071645 0.001710 
 0.078652 0.001280 0.071748 0.001810 
 0.078722 0.001390 0.071850 0.001460 
 0.078792 0.001350 0.071953 0.001640 
 0.078862 0.001460 0.072056 0.001810 
 0.078932 0.001400 0.072159 0.001570 
 0.079002 0.001450 0.072261 0.001570 
 0.079072 0.001320 0.072364 0.001570 
 0.079142 0.001150 0.072467 0.001650 
 0.079212 0.001340 0.072570 0.001720 
 0.079282 0.001260 0.072673 0.001630 
 0.079352 0.001270 0.072775 0.001560 
 0.079422 0.001270 0.072878 0.001600 
 0.079492 0.001190 0.072981 0.001430 
 0.079562 0.001410 0.073084 0.001410 
 0.079632 0.001370 0.073186 0.001620 
 0.079702 0.001480 0.073289 0.001740 
 0.079772 0.001310 0.073392 0.001530 
 0.079842 0.001350 0.073495 0.001640 
 0.079912 0.001380 0.073598 0.001620 
 0.079982 0.001150 0.073700 0.001830 
 0.080052 0.001300 0.073803 0.001520 
 0.080122 0.001550 0.073906 0.001550 
 0.080192 0.001190 0.074009 0.001410 
 0.080262 0.001420 0.074111 0.001570 
 0.080332 0.001210 0.074214 0.001510 
 0.080402 0.001330 0.074317 0.001420 
 0.080472 0.001540 0.074420 0.001600 
 0.080542 0.001410 0.074523 0.001450 
 0.080612 0.001570 0.074625 0.001450 
 0.080682 0.001420 0.074728 0.001580 
 0.080752 0.001360 0.074831 0.001550 
 0.080822 0.001730 0.074934 0.001550 
 0.080892 0.001510 0.075036 0.001690 
 0.080962 0.001460 0.075139 0.001550 
 0.081032 0.001450 0.075242 0.001850 
 0.081102 0.001190 0.075345 0.001580 
 0.081172 0.001520 0.075448 0.001590 
 0.081242 0.001520 0.075550 0.001620 
 0.081312 0.001500 0.075653 0.001780 
 0.081382 0.001520 0.075756 0.001620 
 0.081452 0.001570 0.075859 0.001670 
 0.081522 0.001460 0.075961 0.001520 
 0.081592 0.001310 0.076064 0.001640 
 0.081662 0.001480 0.076167 0.001410 
 0.081732 0.001480 0.076270 0.001530 
 0.081802 0.001560 0.076373 0.001620 
 0.081872 0.001530 0.076475 0.001360 
 0.081942 0.001510 0.076578 0.001610 
 0.082012 0.001400 0.076681 0.001590 
 0.082082 0.001260 0.076784 0.001550 
 0.082152 0.001420 0.076886 0.001720 
 0.082222 0.001280 0.076989 0.001610 
 0.082292 0.001370 0.077092 0.001340 
 0.082362 0.001410 0.077195 0.001440 
 0.082432 0.001360 0.077298 0.001450 
 0.082502 0.001530 0.077400 0.001600 
 0.082572 0.001640 0.077503 0.001710 
 0.082642 0.001390 0.077606 0.001620 
 0.082712 0.001510 0.077709 0.001550 
 0.082782 0.001530 0.077811 0.001380 
 0.082852 0.001440 0.077914 0.001530 
 0.082922 0.001440 0.078017 0.001620 
 0.082992 0.001310 0.078120 0.001580 
 0.083062 0.001560 0.078223 0.001680 
 0.083132 0.001640 0.078325 0.001560 
 0.083202 0.001520 0.078428 0.001460 
 0.083272 0.001350 0.078531 0.001640 
 0.083342 0.001450 0.078634 0.001670 
 0.083412 0.001420 0.078736 0.001530 
 0.083482 0.001570 0.078839 0.001670 
 0.083552 0.001340 0.078942 0.001470 
 0.083622 0.001530 0.079045 0.001530 
 0.083692 0.001460 0.079148 0.001530 
 0.083762 0.001270 0.079250 0.001510 
 0.083832 0.001760 0.079353 0.001510 
 0.083902 0.001410 0.079456 0.001500 
 0.083972 0.001750 0.079559 0.001580 
 0.084042 0.001550 0.079661 0.001540 
 0.084112 0.001480 0.079764 0.001540 
 0.084182 0.001620 0.079867 0.001440 
 0.084252 0.001470 0.079970 0.001680 
 0.084322 0.001490 0.080073 0.001580 
 0.084392 0.001860 0.080175 0.001490 
 0.084462 0.001550 0.080278 0.001590 
 0.084532 0.001540 0.080381 0.001590 
 0.084602 0.001370 0.080484 0.001430 
 0.084671 0.001680 0.080586 0.001650 
 0.084741 0.001470 0.080689 0.001430 
 0.084811 0.001710 0.080792 0.001560 
 0.084881 0.001510 0.080895 0.001510 
 0.084951 0.001640 0.080998 0.001400 
 0.085021 0.001420 0.081100 0.001430 
 0.085091 0.001730 0.081203 0.001450 
 0.085161 0.001750 0.081306 0.001470 
 0.085231 0.001500 0.081409 0.001510 
 0.085301 0.001860 0.081512 0.001750 
 0.085371 0.001670 0.081614 0.001610 
 0.085441 0.001390 0.081717 0.001610 
 0.085511 0.001570 0.081820 0.001440 
 0.085581 0.001530 0.081923 0.001310 
 0.085651 0.001550 0.082025 0.001600 
 0.085721 0.001370 0.082128 0.001400 
 0.085791 0.001570 0.082231 0.001420 
 0.085861 0.001350 0.082334 0.001500 
 0.085931 0.001440 0.082437 0.001600 
 0.086001 0.001640 0.082539 0.001650 
 0.086071 0.001530 0.082642 0.001320 
 0.086141 0.001830 0.082745 0.001510 
 0.086211 0.001450 0.082848 0.001390 
 0.086281 0.001490 0.082950 0.001570 
 0.086351 0.001510 0.083053 0.001820 
 0.086421 0.001520 0.083156 0.001480 
 0.086491 0.001570 0.083259 0.001250 
 0.086561 0.001810 0.083362 0.001590 
 0.086631 0.001730 0.083464 0.001580 
 0.086701 0.001650 0.083567 0.001280 
 0.086771 0.001850 0.083670 0.001500 
 0.086841 0.001810 0.083773 0.001350 
 0.086911 0.001600 0.083875 0.001570 
 0.086981 0.001360 0.083978 0.001500 
 0.087051 0.001770 0.084081 0.001540 
 0.087121 0.001580 0.084184 0.001330 
 0.087191 0.001720 0.084287 0.001370 
 0.087261 0.001650 0.084389 0.001410 
 0.087331 0.001840 0.084492 0.001560 
 0.087401 0.001740 0.084595 0.001360 
 0.087471 0.001730 0.084698 0.001570 
 0.087541 0.001650 0.084800 0.001470 
 0.087611 0.001440 0.084903 0.001610 
 0.087681 0.001360 0.085006 0.001410 
 0.087751 0.001700 0.085109 0.001640 
 0.087821 0.001870 0.085212 0.001550 
 0.087891 0.001810 0.085314 0.001470 
 0.087961 0.001440 0.085417 0.001480 
 0.088031 0.001760 0.085520 0.001350 
 0.088101 0.001690 0.085623 0.001370 
 0.088171 0.001800 0.085725 0.001360 
 0.088241 0.001710 0.085828 0.001440 
 0.088311 0.001780 0.085931 0.001330 
 0.088381 0.001600 0.086034 0.001470 
 0.088451 0.001490 0.086137 0.001130 
 0.088521 0.001850 0.086239 0.001730 
 0.088591 0.001550 0.086342 0.001370 
 0.088661 0.001490 0.086445 0.001390 
 0.088731 0.001680 0.086548 0.001630 
 0.088801 0.001670 0.086650 0.001330 
 0.088871 0.001830 0.086753 0.001450 
 0.088941 0.001960 0.086856 0.001460 
 0.089011 0.001610 0.086959 0.001360 
 0.089081 0.001710 0.087062 0.001250 
 0.089151 0.001700 0.087164 0.001460 
 0.089221 0.001650 0.087267 0.001580 
 0.089291 0.001820 0.087370 0.001240 
 0.089361 0.001560 0.087473 0.001300 
 0.089431 0.001740 0.087575 0.001220 
 0.089501 0.001600 0.087678 0.001520 
 0.089571 0.001640 0.087781 0.001230 
 0.089641 0.001960 0.087884 0.001390 
 0.089711 0.001560 0.087987 0.001460 
 0.089781 0.001880 0.088089 0.001400 
 0.089851 0.001760 0.088192 0.001280 
 0.089921 0.001840 0.088295 0.001310 
 0.089991 0.001680 0.088398 0.001150 
 0.090061 0.001730 0.088500 0.001420 
 0.090131 0.001740 0.088603 0.001530 
 0.090201 0.001540 0.088706 0.001400 
 0.090271 0.001630 0.088809 0.001300 
 0.090341 0.001710 0.088912 0.001420 
 0.090411 0.002030 0.089014 0.001330 
 0.090481 0.001920 0.089117 0.001350 
 0.090551 0.001770 0.089220 0.001220 
 0.090621 0.001640 0.089323 0.001250 
 0.090691 0.001730 0.089425 0.001210 
 0.090761 0.001910 0.089528 0.001360 
 0.090831 0.001800 0.089631 0.001190 
 0.090901 0.001800 0.089734 0.001350 
 0.090971 0.002010 0.089837 0.001440 
 0.091041 0.001950 0.089939 0.001450 
 0.091111 0.001710 0.090042 0.001240 
 0.091181 0.001850 0.090145 0.001380 
 0.091250 0.001810 0.090248 0.001240 
 0.091320 0.001860 0.090350 0.001200 
 0.091390 0.001870 0.090453 0.001280 
 0.091460 0.001900 0.090556 0.001160 
 0.091530 0.001820 0.090659 0.001420 
 0.091600 0.001710 0.090762 0.001170 
 0.091670 0.001980 0.090864 0.001260 
 0.091740 0.001800 0.090967 0.001310 
 0.091810 0.001760 0.091070 0.001190 
 0.091880 0.001760 0.091173 0.001290 
 0.091950 0.001680 0.091275 0.001230 
 0.092020 0.001590 0.091378 0.001100 
 0.092090 0.001590 0.091481 0.001250 
 0.092160 0.001760 0.091584 0.001190 
 0.092230 0.001780 0.091687 0.001230 
 0.092300 0.001950 0.091789 0.001160 
 0.092370 0.001910 0.091892 0.001440 
 0.092440 0.001910 0.091995 0.001150 
 0.092510 0.001810 0.092098 0.001320 
 0.092580 0.001960 0.092200 0.001180 
 0.092650 0.001970 0.092303 0.001050 
 0.092720 0.001860 0.092406 0.001200 
 0.092790 0.001690 0.092509 0.001130 
 0.092860 0.001910 0.092612 0.001020 
 0.092930 0.001850 0.092714 0.001110 
 0.093000 0.001940 0.092817 0.001200 
 0.093070 0.001830 0.092920 0.001210 
 0.093140 0.001580 0.093023 0.001250 
 0.093210 0.001830 0.093125 0.001150 
 0.093280 0.001950 0.093228 0.001140 
 0.093350 0.001670 0.093331 0.001090 
 0.093420 0.001980 0.093434 0.001010 
 0.093490 0.001870 0.093537 0.001120 
 0.093560 0.002040 0.093639 0.001080 
 0.093630 0.001920 0.093742 0.001140 
 0.093700 0.001890 0.093845 0.001060 
 0.093770 0.001940 0.093948 0.001010 
 0.093840 0.002100 0.094051 0.001120 
 0.093910 0.002040 0.094153 0.000950 
 0.093980 0.001810 0.094256 0.001140 
 0.094050 0.002140 0.094359 0.001150 
 0.094120 0.001790 0.094462 0.001230 
 0.094190 0.002020 0.094564 0.001190 
 0.094260 0.001980 0.094667 0.000940 
 0.094330 0.001910 0.094770 0.000920 
 0.094400 0.001710 0.094873 0.001080 
 0.094470 0.001960 0.094976 0.001060 
 0.094540 0.001940 0.095078 0.001100 
 0.094610 0.001750 0.095181 0.001020 
 0.094680 0.001800 0.095284 0.001050 
 0.094750 0.002080 0.095387 0.000990 
 0.094820 0.001920 0.095489 0.000940 
 0.094890 0.002050 0.095592 0.000980 
 0.094960 0.001750 0.095695 0.000910 
 0.095030 0.001860 0.095798 0.000780 
 0.095100 0.002070 0.095901 0.000850 
 0.095170 0.002040 0.096003 0.000940 
 0.095240 0.001790 0.096106 0.001080 
 0.095310 0.002240 0.096209 0.000920 
 0.095380 0.001950 0.096312 0.000890 
 0.095450 0.002070 0.096414 0.000810 
 0.095520 0.001900 0.096517 0.000990 
 0.095590 0.002040 0.096620 0.000740 
 0.095660 0.001960 0.096723 0.000780 
 0.095730 0.001880 0.096826 0.000890 
 0.095800 0.001930 0.096928 0.000660 
 0.095870 0.001940 0.097031 0.000770 
 0.095940 0.002320 0.097134 0.000910 
 0.096010 0.002080 0.097237 0.000880 
 0.096080 0.001990 0.097339 0.000780 
 0.096150 0.001950 0.097442 0.000800 
 0.096220 0.001830 0.097545 0.000780 
 0.096290 0.001720 0.097648 0.000880 
 0.096360 0.002120 0.097751 0.000730 
 0.096430 0.002140 0.097853 0.000890 
 0.096500 0.001640 0.097956 0.000690 
 0.096570 0.002170 0.098059 0.000740 
 0.096640 0.001960 0.098162 0.000560 
 0.096710 0.002110 0.098264 0.000670 
 0.096780 0.001880 0.098367 0.000740 
 0.096850 0.002050 0.098470 0.000620 
 0.096920 0.002010 0.098573 0.000520 
 0.096990 0.002120 0.098676 0.000740 
 0.097060 0.002010 0.098778 0.000570 
 0.097130 0.002100 0.098881 0.000590 
 0.097200 0.002000 0.098984 0.000470 
 0.097270 0.002030 0.099087 0.000500 
 0.097340 0.002080 0.099189 0.000460 
 0.097410 0.002310 0.099292 0.000480 
 0.097480 0.001790 0.099395 0.000480 
 0.097550 0.002140 0.099498 0.000420 
 0.097620 0.002150 0.099601 0.000300 
 0.097690 0.002100 0.099703 0.000320 
 0.097760 0.001960 0.099806 0.000300 
 0.097829 0.002390 0.099909 0.000220 
 0.097899 0.002190 0.100012 0.000120 
 0.097969 0.002100 0.100114 0.000080 
 0.098039 0.002340 0.100217 0.000120 
 0.098109 0.001920 0.100320 0.000140 
 0.098179 0.001930 0.100423 0.000090 
 0.098249 0.001900 0.100526 0.000040 
 0.098319 0.002020 0.100628 0.000090 
 0.098389 0.002090 0.100731 0.000030 
 0.098459 0.002070 0.100834 0.000010 
 0.098529 0.001880 0.100937 0.000060 
 0.098599 0.002100 0.101039 0.000030 
 0.098669 0.002030 0.101142 0.000050 
 0.098739 0.001960 0.101245 0.000040 
 0.098809 0.002180 0.101348 0.000090 
 0.098879 0.002460 0.101451 0.000040 
 0.098949 0.002140 0.101553 0.000020 
 0.099019 0.002070 0.101656 0.000060 
 0.099089 0.002340 0.101759 0.000040 
 0.099159 0.002150 0.101862 0.000050 
 0.099229 0.002070 0.101964 0.000030 
 0.099299 0.001780 0.102067 0.000020 
 0.099369 0.002100 0.102170 0.000010 
 0.099439 0.002380 0.102273 0.000020 
 0.099509 0.002120 0.102376 0.000020 
 0.099579 0.001960 0.102478 0.000010 
 0.099649 0.001810 0.102581 0.000020 
 0.099719 0.002140 0.102684 0.000000 
 0.099789 0.002120 0.102787 0.000010 
 0.099859 0.002260 0.102889 0.000010 
 0.099929 0.002220 0.102992 0.000010 
