#rbin[i] Nr[i] lbin[i] Nl[i]
 0.000243 0.000010 -5.369340 0.000010 
 0.000272 0.000000 -5.363941 0.000000 
 0.000302 0.000000 -5.358542 0.000000 
 0.000332 0.000000 -5.353142 0.000000 
 0.000362 0.000000 -5.347743 0.000000 
 0.000391 0.000000 -5.342344 0.000000 
 0.000421 0.000000 -5.336945 0.000000 
 0.000451 0.000000 -5.331545 0.000000 
 0.000481 0.000000 -5.326146 0.000000 
 0.000510 0.000000 -5.320746 0.000000 
 0.000540 0.000000 -5.315347 0.000000 
 0.000570 0.000000 -5.309947 0.000000 
 0.000600 0.000000 -5.304548 0.000000 
 0.000630 0.000000 -5.299149 0.000000 
 0.000659 0.000000 -5.293750 0.000000 
 0.000689 0.000000 -5.288350 0.000000 
 0.000719 0.000000 -5.282951 0.000000 
 0.000749 0.000010 -5.277552 0.000000 
 0.000778 0.000000 -5.272152 0.000000 
 0.000808 0.000000 -5.266753 0.000000 
 0.000838 0.000000 -5.261353 0.000000 
 0.000868 0.000000 -5.255954 0.000000 
 0.000897 0.000000 -5.250555 0.000000 
 0.000927 0.000000 -5.245156 0.000000 
 0.000957 0.000000 -5.239756 0.000000 
 0.000987 0.000000 -5.234357 0.000000 
 0.001016 0.000000 -5.228958 0.000000 
 0.001046 0.000000 -5.223558 0.000000 
 0.001076 0.000000 -5.218159 0.000000 
 0.001106 0.000000 -5.212759 0.000000 
 0.001135 0.000000 -5.207360 0.000000 
 0.001165 0.000000 -5.201961 0.000000 
 0.001195 0.000000 -5.196561 0.000000 
 0.001225 0.000000 -5.191162 0.000000 
 0.001254 0.000000 -5.185763 0.000000 
 0.001284 0.000000 -5.180364 0.000000 
 0.001314 0.000000 -5.174964 0.000000 
 0.001344 0.000010 -5.169565 0.000000 
 0.001373 0.000000 -5.164165 0.000000 
 0.001403 0.000000 -5.158766 0.000000 
 0.001433 0.000000 -5.153367 0.000000 
 0.001463 0.000000 -5.147967 0.000000 
 0.001492 0.000000 -5.142568 0.000000 
 0.001522 0.000000 -5.137169 0.000000 
 0.001552 0.000000 -5.131769 0.000000 
 0.001582 0.000010 -5.126370 0.000000 
 0.001612 0.000010 -5.120971 0.000000 
 0.001641 0.000020 -5.115571 0.000000 
 0.001671 0.000020 -5.110172 0.000000 
 0.001701 0.000000 -5.104773 0.000000 
 0.001731 0.000030 -5.099373 0.000000 
 0.001760 0.000000 -5.093974 0.000000 
 0.001790 0.000020 -5.088575 0.000000 
 0.001820 0.000020 -5.083175 0.000000 
 0.001850 0.000020 -5.077776 0.000000 
 0.001879 0.000030 -5.072377 0.000000 
 0.001909 0.000020 -5.066978 0.000000 
 0.001939 0.000020 -5.061578 0.000000 
 0.001969 0.000010 -5.056179 0.000000 
 0.001998 0.000030 -5.050779 0.000000 
 0.002028 0.000000 -5.045380 0.000000 
 0.002058 0.000070 -5.039980 0.000000 
 0.002088 0.000070 -5.034581 0.000000 
 0.002117 0.000090 -5.029182 0.000000 
 0.002147 0.000030 -5.023783 0.000000 
 0.002177 0.000090 -5.018383 0.000000 
 0.002207 0.000110 -5.012984 0.000000 
 0.002236 0.000090 -5.007585 0.000000 
 0.002266 0.000130 -5.002185 0.000000 
 0.002296 0.000100 -4.996786 0.000000 
 0.002326 0.000100 -4.991386 0.000000 
 0.002355 0.000140 -4.985987 0.000000 
 0.002385 0.000160 -4.980588 0.000000 
 0.002415 0.000080 -4.975189 0.000000 
 0.002445 0.000080 -4.969789 0.000000 
 0.002474 0.000110 -4.964390 0.000000 
 0.002504 0.000140 -4.958991 0.000000 
 0.002534 0.000110 -4.953591 0.000000 
 0.002564 0.000180 -4.948192 0.000000 
 0.002594 0.000080 -4.942792 0.000000 
 0.002623 0.000060 -4.937393 0.000000 
 0.002653 0.000140 -4.931994 0.000000 
 0.002683 0.000060 -4.926594 0.000000 
 0.002713 0.000130 -4.921195 0.000000 
 0.002742 0.000070 -4.915796 0.000000 
 0.002772 0.000080 -4.910397 0.000000 
 0.002802 0.000060 -4.904997 0.000000 
 0.002832 0.000070 -4.899598 0.000000 
 0.002861 0.000060 -4.894198 0.000000 
 0.002891 0.000040 -4.888799 0.000000 
 0.002921 0.000020 -4.883400 0.000000 
 0.002951 0.000040 -4.878000 0.000000 
 0.002980 0.000070 -4.872601 0.000000 
 0.003010 0.000030 -4.867202 0.000000 
 0.003040 0.000030 -4.861803 0.000000 
 0.003070 0.000050 -4.856403 0.000000 
 0.003099 0.000060 -4.851004 0.000000 
 0.003129 0.000080 -4.845604 0.000000 
 0.003159 0.000060 -4.840205 0.000000 
 0.003189 0.000070 -4.834805 0.000000 
 0.003218 0.000120 -4.829406 0.000000 
 0.003248 0.000050 -4.824007 0.000000 
 0.003278 0.000060 -4.818608 0.000000 
 0.003308 0.000090 -4.813209 0.000000 
 0.003337 0.000030 -4.807809 0.000000 
 0.003367 0.000050 -4.802410 0.000000 
 0.003397 0.000030 -4.797010 0.000000 
 0.003427 0.000030 -4.791611 0.000000 
 0.003456 0.000070 -4.786211 0.000000 
 0.003486 0.000070 -4.780812 0.000000 
 0.003516 0.000110 -4.775413 0.000000 
 0.003546 0.000030 -4.770014 0.000000 
 0.003575 0.000120 -4.764614 0.000000 
 0.003605 0.000130 -4.759215 0.000000 
 0.003635 0.000060 -4.753816 0.000000 
 0.003665 0.000060 -4.748416 0.000000 
 0.003695 0.000080 -4.743017 0.000000 
 0.003724 0.000210 -4.737617 0.000000 
 0.003754 0.000130 -4.732218 0.000000 
 0.003784 0.000110 -4.726819 0.000000 
 0.003814 0.000080 -4.721419 0.000000 
 0.003843 0.000140 -4.716020 0.000000 
 0.003873 0.000140 -4.710621 0.000000 
 0.003903 0.000110 -4.705222 0.000000 
 0.003933 0.000140 -4.699822 0.000000 
 0.003962 0.000090 -4.694423 0.000000 
 0.003992 0.000160 -4.689023 0.000000 
 0.004022 0.000130 -4.683624 0.000000 
 0.004052 0.000160 -4.678225 0.000000 
 0.004081 0.000110 -4.672825 0.000000 
 0.004111 0.000150 -4.667426 0.000000 
 0.004141 0.000100 -4.662027 0.000000 
 0.004171 0.000120 -4.656628 0.000000 
 0.004200 0.000060 -4.651228 0.000000 
 0.004230 0.000080 -4.645829 0.000000 
 0.004260 0.000120 -4.640429 0.000000 
 0.004290 0.000130 -4.635030 0.000000 
 0.004319 0.000180 -4.629631 0.000000 
 0.004349 0.000160 -4.624231 0.000000 
 0.004379 0.000170 -4.618832 0.000000 
 0.004409 0.000060 -4.613433 0.000000 
 0.004438 0.000170 -4.608033 0.000000 
 0.004468 0.000140 -4.602634 0.000000 
 0.004498 0.000090 -4.597235 0.000000 
 0.004528 0.000150 -4.591835 0.000000 
 0.004557 0.000170 -4.586436 0.000000 
 0.004587 0.000170 -4.581037 0.000000 
 0.004617 0.000180 -4.575637 0.000000 
 0.004647 0.000130 -4.570238 0.000000 
 0.004677 0.000100 -4.564838 0.000000 
 0.004706 0.000060 -4.559439 0.000000 
 0.004736 0.000110 -4.554040 0.000000 
 0.004766 0.000110 -4.548641 0.000000 
 0.004796 0.000090 -4.543242 0.000000 
 0.004825 0.000130 -4.537842 0.000000 
 0.004855 0.000110 -4.532443 0.000000 
 0.004885 0.000180 -4.527043 0.000000 
 0.004915 0.000080 -4.521644 0.000000 
 0.004944 0.000180 -4.516244 0.000000 
 0.004974 0.000160 -4.510845 0.000000 
 0.005004 0.000160 -4.505446 0.000000 
 0.005034 0.000160 -4.500047 0.000000 
 0.005063 0.000130 -4.494647 0.000000 
 0.005093 0.000160 -4.489248 0.000000 
 0.005123 0.000060 -4.483849 0.000000 
 0.005153 0.000090 -4.478449 0.000000 
 0.005182 0.000100 -4.473050 0.000000 
 0.005212 0.000120 -4.467650 0.000000 
 0.005242 0.000110 -4.462251 0.000000 
 0.005272 0.000180 -4.456852 0.000000 
 0.005301 0.000150 -4.451452 0.000000 
 0.005331 0.000120 -4.446053 0.000000 
 0.005361 0.000150 -4.440654 0.000000 
 0.005391 0.000100 -4.435255 0.000000 
 0.005420 0.000130 -4.429855 0.000000 
 0.005450 0.000150 -4.424456 0.000000 
 0.005480 0.000160 -4.419056 0.000000 
 0.005510 0.000160 -4.413657 0.000000 
 0.005539 0.000100 -4.408258 0.000000 
 0.005569 0.000160 -4.402858 0.000000 
 0.005599 0.000070 -4.397459 0.000000 
 0.005629 0.000140 -4.392060 0.000000 
 0.005659 0.000100 -4.386661 0.000000 
 0.005688 0.000150 -4.381261 0.000000 
 0.005718 0.000140 -4.375862 0.000000 
 0.005748 0.000100 -4.370462 0.000000 
 0.005778 0.000140 -4.365063 0.000000 
 0.005807 0.000120 -4.359664 0.000000 
 0.005837 0.000140 -4.354264 0.000000 
 0.005867 0.000100 -4.348865 0.000000 
 0.005897 0.000090 -4.343466 0.000000 
 0.005926 0.000130 -4.338066 0.000000 
 0.005956 0.000100 -4.332667 0.000000 
 0.005986 0.000160 -4.327268 0.000000 
 0.006016 0.000130 -4.321868 0.000000 
 0.006045 0.000130 -4.316469 0.000000 
 0.006075 0.000130 -4.311069 0.000000 
 0.006105 0.000160 -4.305670 0.000000 
 0.006135 0.000090 -4.300271 0.000000 
 0.006164 0.000120 -4.294871 0.000000 
 0.006194 0.000100 -4.289472 0.000000 
 0.006224 0.000120 -4.284073 0.000000 
 0.006254 0.000110 -4.278674 0.000000 
 0.006283 0.000120 -4.273274 0.000000 
 0.006313 0.000120 -4.267875 0.000000 
 0.006343 0.000130 -4.262475 0.000000 
 0.006373 0.000150 -4.257076 0.000000 
 0.006402 0.000090 -4.251677 0.000000 
 0.006432 0.000160 -4.246278 0.000000 
 0.006462 0.000100 -4.240878 0.000000 
 0.006492 0.000140 -4.235479 0.000000 
 0.006521 0.000160 -4.230080 0.000000 
 0.006551 0.000150 -4.224680 0.000000 
 0.006581 0.000100 -4.219281 0.000000 
 0.006611 0.000090 -4.213881 0.000000 
 0.006640 0.000130 -4.208482 0.000000 
 0.006670 0.000070 -4.203083 0.000000 
 0.006700 0.000190 -4.197683 0.000000 
 0.006730 0.000150 -4.192284 0.000000 
 0.006760 0.000150 -4.186885 0.000000 
 0.006789 0.000170 -4.181485 0.000000 
 0.006819 0.000120 -4.176086 0.000000 
 0.006849 0.000110 -4.170687 0.000000 
 0.006879 0.000140 -4.165287 0.000000 
 0.006908 0.000100 -4.159888 0.000000 
 0.006938 0.000150 -4.154489 0.000000 
 0.006968 0.000150 -4.149089 0.000000 
 0.006998 0.000110 -4.143690 0.000000 
 0.007027 0.000120 -4.138291 0.000000 
 0.007057 0.000110 -4.132892 0.000000 
 0.007087 0.000130 -4.127492 0.000000 
 0.007117 0.000090 -4.122093 0.000000 
 0.007146 0.000100 -4.116693 0.000000 
 0.007176 0.000110 -4.111294 0.000000 
 0.007206 0.000160 -4.105895 0.000000 
 0.007236 0.000140 -4.100495 0.000000 
 0.007265 0.000130 -4.095096 0.000000 
 0.007295 0.000100 -4.089697 0.000000 
 0.007325 0.000200 -4.084297 0.000000 
 0.007355 0.000150 -4.078898 0.000000 
 0.007384 0.000080 -4.073499 0.000000 
 0.007414 0.000120 -4.068099 0.000000 
 0.007444 0.000160 -4.062700 0.000000 
 0.007474 0.000150 -4.057301 0.000000 
 0.007503 0.000210 -4.051901 0.000000 
 0.007533 0.000200 -4.046502 0.000000 
 0.007563 0.000110 -4.041102 0.000000 
 0.007593 0.000140 -4.035703 0.000000 
 0.007622 0.000150 -4.030304 0.000000 
 0.007652 0.000090 -4.024905 0.000000 
 0.007682 0.000090 -4.019506 0.000000 
 0.007712 0.000090 -4.014106 0.000000 
 0.007742 0.000140 -4.008707 0.000000 
 0.007771 0.000180 -4.003307 0.000000 
 0.007801 0.000160 -3.997908 0.000000 
 0.007831 0.000130 -3.992508 0.000000 
 0.007861 0.000120 -3.987109 0.000000 
 0.007890 0.000180 -3.981710 0.000000 
 0.007920 0.000070 -3.976310 0.000000 
 0.007950 0.000150 -3.970911 0.000000 
 0.007980 0.000150 -3.965512 0.000000 
 0.008009 0.000180 -3.960113 0.000000 
 0.008039 0.000090 -3.954713 0.000000 
 0.008069 0.000120 -3.949314 0.000000 
 0.008099 0.000130 -3.943914 0.000000 
 0.008128 0.000220 -3.938515 0.000000 
 0.008158 0.000150 -3.933116 0.000000 
 0.008188 0.000160 -3.927716 0.000000 
 0.008218 0.000100 -3.922317 0.000000 
 0.008247 0.000120 -3.916918 0.000000 
 0.008277 0.000130 -3.911519 0.000000 
 0.008307 0.000120 -3.906119 0.000000 
 0.008337 0.000060 -3.900720 0.000000 
 0.008366 0.000100 -3.895320 0.000000 
 0.008396 0.000170 -3.889921 0.000000 
 0.008426 0.000130 -3.884522 0.000000 
 0.008456 0.000190 -3.879122 0.000000 
 0.008485 0.000180 -3.873723 0.000000 
 0.008515 0.000120 -3.868324 0.000000 
 0.008545 0.000150 -3.862924 0.000000 
 0.008575 0.000100 -3.857525 0.000000 
 0.008604 0.000150 -3.852126 0.000000 
 0.008634 0.000210 -3.846726 0.000000 
 0.008664 0.000190 -3.841327 0.000000 
 0.008694 0.000090 -3.835927 0.000000 
 0.008724 0.000180 -3.830528 0.000000 
 0.008753 0.000170 -3.825129 0.000000 
 0.008783 0.000180 -3.819730 0.000000 
 0.008813 0.000180 -3.814330 0.000000 
 0.008843 0.000130 -3.808931 0.000000 
 0.008872 0.000120 -3.803532 0.000000 
 0.008902 0.000120 -3.798132 0.000000 
 0.008932 0.000110 -3.792733 0.000000 
 0.008962 0.000080 -3.787333 0.000000 
 0.008991 0.000190 -3.781934 0.000000 
 0.009021 0.000100 -3.776535 0.000000 
 0.009051 0.000130 -3.771136 0.000000 
 0.009081 0.000120 -3.765736 0.000000 
 0.009110 0.000120 -3.760337 0.000000 
 0.009140 0.000140 -3.754938 0.000000 
 0.009170 0.000100 -3.749538 0.000000 
 0.009200 0.000260 -3.744139 0.000000 
 0.009229 0.000160 -3.738739 0.000000 
 0.009259 0.000140 -3.733340 0.000000 
 0.009289 0.000130 -3.727941 0.000000 
 0.009319 0.000170 -3.722541 0.000000 
 0.009348 0.000160 -3.717142 0.000000 
 0.009378 0.000080 -3.711743 0.000000 
 0.009408 0.000180 -3.706343 0.000000 
 0.009438 0.000170 -3.700944 0.000000 
 0.009467 0.000130 -3.695545 0.000000 
 0.009497 0.000140 -3.690145 0.000000 
 0.009527 0.000150 -3.684746 0.000000 
 0.009557 0.000150 -3.679347 0.000000 
 0.009586 0.000150 -3.673947 0.000000 
 0.009616 0.000140 -3.668548 0.000000 
 0.009646 0.000190 -3.663149 0.000000 
 0.009676 0.000140 -3.657749 0.000000 
 0.009706 0.000180 -3.652350 0.000000 
 0.009735 0.000130 -3.646951 0.000000 
 0.009765 0.000140 -3.641551 0.000000 
 0.009795 0.000140 -3.636152 0.000000 
 0.009825 0.000090 -3.630753 0.000000 
 0.009854 0.000210 -3.625353 0.000000 
 0.009884 0.000150 -3.619954 0.000000 
 0.009914 0.000100 -3.614555 0.000000 
 0.009944 0.000110 -3.609155 0.000000 
 0.009973 0.000090 -3.603756 0.000000 
 0.010003 0.000210 -3.598357 0.000000 
 0.010033 0.000130 -3.592957 0.000000 
 0.010063 0.000100 -3.587558 0.000000 
 0.010092 0.000070 -3.582159 0.000000 
 0.010122 0.000150 -3.576759 0.000000 
 0.010152 0.000180 -3.571360 0.000000 
 0.010182 0.000060 -3.565961 0.000000 
 0.010211 0.000090 -3.560561 0.000000 
 0.010241 0.000150 -3.555162 0.000000 
 0.010271 0.000140 -3.549763 0.000000 
 0.010301 0.000140 -3.544363 0.000000 
 0.010330 0.000180 -3.538964 0.000000 
 0.010360 0.000130 -3.533565 0.000000 
 0.010390 0.000120 -3.528165 0.000000 
 0.010420 0.000230 -3.522766 0.000000 
 0.010449 0.000210 -3.517366 0.000000 
 0.010479 0.000110 -3.511967 0.000000 
 0.010509 0.000240 -3.506568 0.000000 
 0.010539 0.000150 -3.501168 0.000000 
 0.010568 0.000160 -3.495769 0.000000 
 0.010598 0.000100 -3.490370 0.000000 
 0.010628 0.000130 -3.484971 0.000000 
 0.010658 0.000160 -3.479571 0.000000 
 0.010687 0.000190 -3.474172 0.000000 
 0.010717 0.000140 -3.468772 0.000000 
 0.010747 0.000060 -3.463373 0.000000 
 0.010777 0.000090 -3.457974 0.000000 
 0.010807 0.000100 -3.452574 0.000000 
 0.010836 0.000140 -3.447175 0.000000 
 0.010866 0.000120 -3.441776 0.000000 
 0.010896 0.000090 -3.436377 0.000000 
 0.010926 0.000100 -3.430977 0.000000 
 0.010955 0.000060 -3.425578 0.000000 
 0.010985 0.000150 -3.420178 0.000000 
 0.011015 0.000060 -3.414779 0.000000 
 0.011045 0.000090 -3.409380 0.000000 
 0.011074 0.000130 -3.403980 0.000000 
 0.011104 0.000200 -3.398581 0.000000 
 0.011134 0.000120 -3.393182 0.000000 
 0.011164 0.000070 -3.387782 0.000000 
 0.011193 0.000130 -3.382383 0.000000 
 0.011223 0.000130 -3.376984 0.000000 
 0.011253 0.000110 -3.371584 0.000000 
 0.011283 0.000100 -3.366185 0.000000 
 0.011312 0.000140 -3.360786 0.000000 
 0.011342 0.000070 -3.355386 0.000000 
 0.011372 0.000070 -3.349987 0.000010 
 0.011402 0.000140 -3.344588 0.000000 
 0.011431 0.000120 -3.339188 0.000000 
 0.011461 0.000110 -3.333789 0.000000 
 0.011491 0.000180 -3.328390 0.000000 
 0.011521 0.000120 -3.322990 0.000000 
 0.011550 0.000100 -3.317591 0.000000 
 0.011580 0.000080 -3.312191 0.000000 
 0.011610 0.000150 -3.306792 0.000000 
 0.011640 0.000110 -3.301393 0.000000 
 0.011669 0.000110 -3.295994 0.000000 
 0.011699 0.000130 -3.290594 0.000000 
 0.011729 0.000150 -3.285195 0.000000 
 0.011759 0.000110 -3.279796 0.000000 
 0.011789 0.000060 -3.274396 0.000000 
 0.011818 0.000070 -3.268997 0.000000 
 0.011848 0.000130 -3.263597 0.000000 
 0.011878 0.000210 -3.258198 0.000010 
 0.011908 0.000120 -3.252799 0.000000 
 0.011937 0.000090 -3.247400 0.000000 
 0.011967 0.000100 -3.242000 0.000000 
 0.011997 0.000130 -3.236601 0.000000 
 0.012027 0.000130 -3.231201 0.000000 
 0.012056 0.000120 -3.225802 0.000000 
 0.012086 0.000080 -3.220403 0.000000 
 0.012116 0.000200 -3.215003 0.000000 
 0.012146 0.000180 -3.209604 0.000000 
 0.012175 0.000090 -3.204205 0.000000 
 0.012205 0.000150 -3.198805 0.000000 
 0.012235 0.000100 -3.193406 0.000000 
 0.012265 0.000080 -3.188007 0.000000 
 0.012294 0.000120 -3.182607 0.000000 
 0.012324 0.000100 -3.177208 0.000000 
 0.012354 0.000080 -3.171809 0.000000 
 0.012384 0.000070 -3.166409 0.000000 
 0.012413 0.000110 -3.161010 0.000000 
 0.012443 0.000110 -3.155611 0.000000 
 0.012473 0.000080 -3.150211 0.000000 
 0.012503 0.000140 -3.144812 0.000000 
 0.012532 0.000170 -3.139413 0.000000 
 0.012562 0.000150 -3.134013 0.000000 
 0.012592 0.000170 -3.128614 0.000000 
 0.012622 0.000140 -3.123215 0.000000 
 0.012651 0.000080 -3.117815 0.000000 
 0.012681 0.000200 -3.112416 0.000000 
 0.012711 0.000080 -3.107017 0.000000 
 0.012741 0.000070 -3.101617 0.000000 
 0.012771 0.000130 -3.096218 0.000000 
 0.012800 0.000060 -3.090819 0.000000 
 0.012830 0.000070 -3.085419 0.000000 
 0.012860 0.000160 -3.080020 0.000000 
 0.012890 0.000140 -3.074620 0.000000 
 0.012919 0.000060 -3.069221 0.000000 
 0.012949 0.000060 -3.063822 0.000000 
 0.012979 0.000170 -3.058423 0.000000 
 0.013009 0.000100 -3.053023 0.000000 
 0.013038 0.000070 -3.047624 0.000000 
 0.013068 0.000090 -3.042225 0.000000 
 0.013098 0.000130 -3.036825 0.000000 
 0.013128 0.000150 -3.031426 0.000000 
 0.013157 0.000100 -3.026026 0.000000 
 0.013187 0.000090 -3.020627 0.000000 
 0.013217 0.000080 -3.015228 0.000000 
 0.013247 0.000220 -3.009829 0.000000 
 0.013276 0.000110 -3.004429 0.000000 
 0.013306 0.000090 -2.999030 0.000000 
 0.013336 0.000100 -2.993630 0.000000 
 0.013366 0.000070 -2.988231 0.000000 
 0.013395 0.000080 -2.982832 0.000000 
 0.013425 0.000080 -2.977432 0.000000 
 0.013455 0.000110 -2.972033 0.000000 
 0.013485 0.000110 -2.966634 0.000000 
 0.013514 0.000210 -2.961234 0.000000 
 0.013544 0.000100 -2.955835 0.000000 
 0.013574 0.000080 -2.950436 0.000000 
 0.013604 0.000090 -2.945036 0.000000 
 0.013633 0.000130 -2.939637 0.000000 
 0.013663 0.000130 -2.934238 0.000000 
 0.013693 0.000070 -2.928838 0.000000 
 0.013723 0.000090 -2.923439 0.000000 
 0.013752 0.000100 -2.918040 0.000000 
 0.013782 0.000100 -2.912640 0.000000 
 0.013812 0.000110 -2.907241 0.000000 
 0.013842 0.000060 -2.901842 0.000000 
 0.013872 0.000090 -2.896442 0.000000 
 0.013901 0.000100 -2.891043 0.000000 
 0.013931 0.000140 -2.885644 0.000000 
 0.013961 0.000090 -2.880244 0.000000 
 0.013991 0.000100 -2.874845 0.000000 
 0.014020 0.000090 -2.869446 0.000000 
 0.014050 0.000030 -2.864046 0.000000 
 0.014080 0.000090 -2.858647 0.000000 
 0.014110 0.000050 -2.853248 0.000000 
 0.014139 0.000050 -2.847848 0.000000 
 0.014169 0.000060 -2.842449 0.000000 
 0.014199 0.000070 -2.837049 0.000000 
 0.014229 0.000040 -2.831650 0.000000 
 0.014258 0.000090 -2.826251 0.000000 
 0.014288 0.000100 -2.820852 0.000000 
 0.014318 0.000060 -2.815452 0.000000 
 0.014348 0.000040 -2.810053 0.000000 
 0.014377 0.000080 -2.804654 0.000000 
 0.014407 0.000040 -2.799254 0.000000 
 0.014437 0.000100 -2.793855 0.000000 
 0.014467 0.000050 -2.788455 0.000000 
 0.014496 0.000030 -2.783056 0.000000 
 0.014526 0.000110 -2.777657 0.000000 
 0.014556 0.000070 -2.772258 0.000000 
 0.014586 0.000070 -2.766858 0.000000 
 0.014615 0.000030 -2.761459 0.000000 
 0.014645 0.000090 -2.756059 0.000000 
 0.014675 0.000090 -2.750660 0.000000 
 0.014705 0.000050 -2.745261 0.000000 
 0.014734 0.000100 -2.739861 0.000000 
 0.014764 0.000100 -2.734462 0.000000 
 0.014794 0.000060 -2.729063 0.000000 
 0.014824 0.000080 -2.723663 0.000000 
 0.014854 0.000040 -2.718264 0.000000 
 0.014883 0.000100 -2.712865 0.000000 
 0.014913 0.000070 -2.707465 0.000000 
 0.014943 0.000060 -2.702066 0.000000 
 0.014973 0.000090 -2.696667 0.000000 
 0.015002 0.000120 -2.691267 0.000000 
 0.015032 0.000090 -2.685868 0.000000 
 0.015062 0.000100 -2.680469 0.000000 
 0.015092 0.000090 -2.675069 0.000000 
 0.015121 0.000080 -2.669670 0.000000 
 0.015151 0.000100 -2.664271 0.000000 
 0.015181 0.000100 -2.658871 0.000000 
 0.015211 0.000130 -2.653472 0.000000 
 0.015240 0.000130 -2.648073 0.000000 
 0.015270 0.000060 -2.642673 0.000000 
 0.015300 0.000210 -2.637274 0.000000 
 0.015330 0.000130 -2.631875 0.000000 
 0.015359 0.000150 -2.626475 0.000000 
 0.015389 0.000140 -2.621076 0.000000 
 0.015419 0.000140 -2.615677 0.000000 
 0.015449 0.000160 -2.610277 0.000000 
 0.015478 0.000220 -2.604878 0.000000 
 0.015508 0.000220 -2.599479 0.000000 
 0.015538 0.000240 -2.594079 0.000000 
 0.015568 0.000260 -2.588680 0.000000 
 0.015597 0.000360 -2.583281 0.000000 
 0.015627 0.000440 -2.577881 0.000000 
 0.015657 0.000250 -2.572482 0.000000 
 0.015687 0.000340 -2.567083 0.000000 
 0.015716 0.000450 -2.561683 0.000000 
 0.015746 0.000440 -2.556284 0.000000 
 0.015776 0.000600 -2.550884 0.000000 
 0.015806 0.000570 -2.545485 0.000000 
 0.015836 0.000550 -2.540086 0.000000 
 0.015865 0.000770 -2.534687 0.000000 
 0.015895 0.000710 -2.529287 0.000000 
 0.015925 0.000940 -2.523888 0.000000 
 0.015955 0.001100 -2.518488 0.000000 
 0.015984 0.001220 -2.513089 0.000000 
 0.016014 0.001200 -2.507690 0.000000 
 0.016044 0.001430 -2.502290 0.000000 
 0.016074 0.001690 -2.496891 0.000000 
 0.016103 0.001960 -2.491492 0.000000 
 0.016133 0.002100 -2.486093 0.000000 
 0.016163 0.002520 -2.480693 0.000000 
 0.016193 0.002510 -2.475294 0.000000 
 0.016222 0.002831 -2.469894 0.000000 
 0.016252 0.003321 -2.464495 0.000000 
 0.016282 0.003971 -2.459096 0.000000 
 0.016312 0.004021 -2.453696 0.000000 
 0.016341 0.004551 -2.448297 0.000000 
 0.016371 0.004871 -2.442898 0.000000 
 0.016401 0.005831 -2.437498 0.000000 
 0.016431 0.006291 -2.432099 0.000000 
 0.016460 0.007101 -2.426700 0.000000 
 0.016490 0.007521 -2.421300 0.000000 
 0.016520 0.008972 -2.415901 0.000000 
 0.016550 0.009232 -2.410502 0.000000 
 0.016579 0.010412 -2.405102 0.000000 
 0.016609 0.011372 -2.399703 0.000000 
 0.016639 0.012112 -2.394304 0.000000 
 0.016669 0.013512 -2.388904 0.000000 
 0.016698 0.014703 -2.383505 0.000000 
 0.016728 0.016263 -2.378106 0.000000 
 0.016758 0.016283 -2.372706 0.000000 
 0.016788 0.018023 -2.367307 0.000000 
 0.016818 0.019103 -2.361908 0.000000 
 0.016847 0.020834 -2.356508 0.000000 
 0.016877 0.020974 -2.351109 0.000000 
 0.016907 0.022174 -2.345710 0.000000 
 0.016937 0.022414 -2.340310 0.000000 
 0.016966 0.024144 -2.334911 0.000000 
 0.016996 0.024964 -2.329512 0.000000 
 0.017026 0.025145 -2.324112 0.000000 
 0.017056 0.025915 -2.318713 0.000000 
 0.017085 0.026405 -2.313313 0.000000 
 0.017115 0.027155 -2.307914 0.000000 
 0.017145 0.026495 -2.302515 0.000000 
 0.017175 0.026605 -2.297116 0.000000 
 0.017204 0.025935 -2.291716 0.000000 
 0.017234 0.026745 -2.286317 0.000000 
 0.017264 0.026145 -2.280917 0.000000 
 0.017294 0.023974 -2.275518 0.000000 
 0.017323 0.024384 -2.270119 0.000000 
 0.017353 0.023054 -2.264719 0.000000 
 0.017383 0.021724 -2.259320 0.000000 
 0.017413 0.021294 -2.253921 0.000000 
 0.017442 0.020664 -2.248522 0.000000 
 0.017472 0.019293 -2.243122 0.000000 
 0.017502 0.017223 -2.237723 0.000000 
 0.017532 0.016233 -2.232323 0.000000 
 0.017561 0.014983 -2.226924 0.000000 
 0.017591 0.014393 -2.221525 0.000000 
 0.017621 0.013542 -2.216125 0.000000 
 0.017651 0.012352 -2.210726 0.000000 
 0.017680 0.011062 -2.205327 0.000000 
 0.017710 0.010622 -2.199927 0.000000 
 0.017740 0.009232 -2.194528 0.000000 
 0.017770 0.008311 -2.189129 0.000000 
 0.017799 0.007911 -2.183729 0.000000 
 0.017829 0.006941 -2.178330 0.000000 
 0.017859 0.006381 -2.172931 0.000000 
 0.017889 0.005551 -2.167531 0.000000 
 0.017919 0.005311 -2.162132 0.000000 
 0.017948 0.004701 -2.156733 0.000000 
 0.017978 0.003881 -2.151333 0.000000 
 0.018008 0.003511 -2.145934 0.000000 
 0.018038 0.002911 -2.140535 0.000000 
 0.018067 0.002941 -2.135135 0.000000 
 0.018097 0.002570 -2.129736 0.000000 
 0.018127 0.002240 -2.124337 0.000000 
 0.018157 0.001970 -2.118937 0.000000 
 0.018186 0.001670 -2.113538 0.000000 
 0.018216 0.001560 -2.108139 0.000000 
 0.018246 0.001020 -2.102739 0.000000 
 0.018276 0.001030 -2.097340 0.000000 
 0.018305 0.000880 -2.091941 0.000000 
 0.018335 0.000890 -2.086541 0.000000 
 0.018365 0.000780 -2.081142 0.000000 
 0.018395 0.000790 -2.075742 0.000000 
 0.018424 0.000520 -2.070343 0.000000 
 0.018454 0.000450 -2.064944 0.000000 
 0.018484 0.000380 -2.059545 0.000000 
 0.018514 0.000350 -2.054145 0.000000 
 0.018543 0.000260 -2.048746 0.000000 
 0.018573 0.000150 -2.043346 0.000000 
 0.018603 0.000120 -2.037947 0.000000 
 0.018633 0.000170 -2.032548 0.000000 
 0.018662 0.000180 -2.027148 0.000000 
 0.018692 0.000150 -2.021749 0.000000 
 0.018722 0.000130 -2.016350 0.000000 
 0.018752 0.000070 -2.010951 0.000000 
 0.018781 0.000010 -2.005551 0.000000 
 0.018811 0.000070 -2.000152 0.000000 
 0.018841 0.000070 -1.994752 0.000000 
 0.018871 0.000030 -1.989353 0.000000 
 0.018901 0.000050 -1.983954 0.000000 
 0.018930 0.000020 -1.978554 0.000000 
 0.018960 0.000040 -1.973155 0.000000 
 0.018990 0.000010 -1.967756 0.000000 
 0.019020 0.000020 -1.962356 0.000000 
 0.019049 0.000020 -1.956957 0.000000 
 0.019079 0.000040 -1.951558 0.000000 
 0.019109 0.000000 -1.946158 0.000000 
 0.019139 0.000000 -1.940759 0.000000 
 0.019168 0.000000 -1.935360 0.000000 
 0.019198 0.000000 -1.929960 0.000000 
 0.019228 0.000000 -1.924561 0.000000 
 0.019258 0.000000 -1.919162 0.000000 
 0.019287 0.000000 -1.913762 0.000000 
 0.019317 0.000010 -1.908363 0.000000 
 0.019347 0.000000 -1.902964 0.000000 
 0.019377 0.000000 -1.897564 0.000000 
 0.019406 0.000000 -1.892165 0.000000 
 0.019436 0.000000 -1.886766 0.000000 
 0.019466 0.000000 -1.881366 0.000000 
 0.019496 0.000000 -1.875967 0.000000 
 0.019525 0.000000 -1.870568 0.000000 
 0.019555 0.000000 -1.865168 0.000000 
 0.019585 0.000000 -1.859769 0.000000 
 0.019615 0.000000 -1.854370 0.000000 
 0.019644 0.000000 -1.848970 0.000000 
 0.019674 0.000000 -1.843571 0.000000 
 0.019704 0.000000 -1.838171 0.000000 
 0.019734 0.000000 -1.832772 0.000000 
 0.019763 0.000000 -1.827373 0.000000 
 0.019793 0.000000 -1.821974 0.000000 
 0.019823 0.000000 -1.816574 0.000000 
 0.019853 0.000000 -1.811175 0.000000 
 0.019883 0.000000 -1.805775 0.000000 
 0.019912 0.000000 -1.800376 0.000000 
 0.019942 0.000000 -1.794977 0.000000 
 0.019972 0.000000 -1.789577 0.000000 
 0.020002 0.000010 -1.784178 0.000000 
 0.020031 0.000000 -1.778779 0.000000 
 0.020061 0.000000 -1.773380 0.000000 
 0.020091 0.000000 -1.767980 0.000000 
 0.020121 0.000000 -1.762581 0.000000 
 0.020150 0.000000 -1.757181 0.000000 
 0.020180 0.000000 -1.751782 0.000000 
 0.020210 0.000000 -1.746383 0.000000 
 0.020240 0.000000 -1.740983 0.000000 
 0.020269 0.000000 -1.735584 0.000000 
 0.020299 0.000000 -1.730185 0.000000 
 0.020329 0.000000 -1.724785 0.000000 
 0.020359 0.000000 -1.719386 0.000000 
 0.020388 0.000000 -1.713987 0.000000 
 0.020418 0.000000 -1.708587 0.000000 
 0.020448 0.000000 -1.703188 0.000000 
 0.020478 0.000000 -1.697789 0.000000 
 0.020507 0.000000 -1.692389 0.000000 
 0.020537 0.000000 -1.686990 0.000000 
 0.020567 0.000000 -1.681591 0.000000 
 0.020597 0.000000 -1.676191 0.000000 
 0.020626 0.000000 -1.670792 0.000000 
 0.020656 0.000000 -1.665393 0.000000 
 0.020686 0.000000 -1.659993 0.000000 
 0.020716 0.000000 -1.654594 0.000000 
 0.020745 0.000000 -1.649195 0.000000 
 0.020775 0.000000 -1.643795 0.000000 
 0.020805 0.000000 -1.638396 0.000000 
 0.020835 0.000000 -1.632997 0.000000 
 0.020864 0.000000 -1.627597 0.000000 
 0.020894 0.000000 -1.622198 0.000000 
 0.020924 0.000000 -1.616799 0.000000 
 0.020954 0.000000 -1.611399 0.000000 
 0.020984 0.000000 -1.606000 0.000000 
 0.021013 0.000000 -1.600600 0.000000 
 0.021043 0.000000 -1.595201 0.000000 
 0.021073 0.000000 -1.589802 0.000000 
 0.021103 0.000000 -1.584403 0.000000 
 0.021132 0.000000 -1.579003 0.000000 
 0.021162 0.000000 -1.573604 0.000000 
 0.021192 0.000000 -1.568204 0.000000 
 0.021222 0.000000 -1.562805 0.000000 
 0.021251 0.000000 -1.557406 0.000000 
 0.021281 0.000000 -1.552006 0.000000 
 0.021311 0.000000 -1.546607 0.000000 
 0.021341 0.000000 -1.541208 0.000000 
 0.021370 0.000000 -1.535809 0.000000 
 0.021400 0.000000 -1.530409 0.000000 
 0.021430 0.000000 -1.525010 0.000000 
 0.021460 0.000000 -1.519610 0.000000 
 0.021489 0.000000 -1.514211 0.000000 
 0.021519 0.000000 -1.508812 0.000000 
 0.021549 0.000000 -1.503412 0.000000 
 0.021579 0.000000 -1.498013 0.000000 
 0.021608 0.000000 -1.492614 0.000000 
 0.021638 0.000010 -1.487214 0.000000 
 0.021668 0.000000 -1.481815 0.000000 
 0.021698 0.000000 -1.476416 0.000000 
 0.021727 0.000000 -1.471016 0.000000 
 0.021757 0.000000 -1.465617 0.000000 
 0.021787 0.000000 -1.460218 0.000000 
 0.021817 0.000000 -1.454818 0.000000 
 0.021846 0.000000 -1.449419 0.000000 
 0.021876 0.000000 -1.444020 0.000000 
 0.021906 0.000000 -1.438620 0.000000 
 0.021936 0.000000 -1.433221 0.000000 
 0.021966 0.000000 -1.427822 0.000000 
 0.021995 0.000000 -1.422422 0.000000 
 0.022025 0.000000 -1.417023 0.000000 
 0.022055 0.000000 -1.411624 0.000000 
 0.022085 0.000000 -1.406224 0.000000 
 0.022114 0.000000 -1.400825 0.000000 
 0.022144 0.000000 -1.395426 0.000000 
 0.022174 0.000000 -1.390026 0.000000 
 0.022204 0.000000 -1.384627 0.000000 
 0.022233 0.000000 -1.379228 0.000000 
 0.022263 0.000000 -1.373828 0.000000 
 0.022293 0.000000 -1.368429 0.000000 
 0.022323 0.000000 -1.363029 0.000000 
 0.022352 0.000000 -1.357630 0.000000 
 0.022382 0.000000 -1.352231 0.000000 
 0.022412 0.000000 -1.346831 0.000010 
 0.022442 0.000000 -1.341432 0.000000 
 0.022471 0.000000 -1.336033 0.000000 
 0.022501 0.000000 -1.330634 0.000000 
 0.022531 0.000000 -1.325234 0.000000 
 0.022561 0.000000 -1.319835 0.000010 
 0.022590 0.000000 -1.314435 0.000000 
 0.022620 0.000000 -1.309036 0.000000 
 0.022650 0.000000 -1.303637 0.000000 
 0.022680 0.000000 -1.298237 0.000000 
 0.022709 0.000000 -1.292838 0.000000 
 0.022739 0.000000 -1.287439 0.000000 
 0.022769 0.000000 -1.282040 0.000000 
 0.022799 0.000000 -1.276640 0.000000 
 0.022828 0.000000 -1.271241 0.000000 
 0.022858 0.000000 -1.265841 0.000000 
 0.022888 0.000000 -1.260442 0.000000 
 0.022918 0.000000 -1.255043 0.000000 
 0.022948 0.000000 -1.249643 0.000000 
 0.022977 0.000000 -1.244244 0.000000 
 0.023007 0.000000 -1.238845 0.000010 
 0.023037 0.000000 -1.233445 0.000000 
 0.023067 0.000000 -1.228046 0.000010 
 0.023096 0.000000 -1.222647 0.000000 
 0.023126 0.000000 -1.217247 0.000000 
 0.023156 0.000000 -1.211848 0.000000 
 0.023186 0.000000 -1.206449 0.000000 
 0.023215 0.000000 -1.201049 0.000000 
 0.023245 0.000000 -1.195650 0.000000 
 0.023275 0.000000 -1.190251 0.000000 
 0.023305 0.000000 -1.184851 0.000000 
 0.023334 0.000000 -1.179452 0.000000 
 0.023364 0.000000 -1.174053 0.000000 
 0.023394 0.000000 -1.168653 0.000000 
 0.023424 0.000000 -1.163254 0.000000 
 0.023453 0.000000 -1.157855 0.000000 
 0.023483 0.000000 -1.152455 0.000000 
 0.023513 0.000000 -1.147056 0.000000 
 0.023543 0.000000 -1.141656 0.000000 
 0.023572 0.000000 -1.136257 0.000000 
 0.023602 0.000000 -1.130858 0.000000 
 0.023632 0.000000 -1.125459 0.000000 
 0.023662 0.000000 -1.120059 0.000000 
 0.023691 0.000000 -1.114660 0.000000 
 0.023721 0.000000 -1.109261 0.000000 
 0.023751 0.000000 -1.103861 0.000000 
 0.023781 0.000000 -1.098462 0.000000 
 0.023810 0.000000 -1.093062 0.000000 
 0.023840 0.000000 -1.087663 0.000000 
 0.023870 0.000000 -1.082264 0.000000 
 0.023900 0.000000 -1.076865 0.000000 
 0.023930 0.000000 -1.071465 0.000000 
 0.023959 0.000000 -1.066066 0.000000 
 0.023989 0.000000 -1.060667 0.000000 
 0.024019 0.000000 -1.055267 0.000000 
 0.024049 0.000000 -1.049868 0.000000 
 0.024078 0.000000 -1.044468 0.000000 
 0.024108 0.000000 -1.039069 0.000000 
 0.024138 0.000000 -1.033670 0.000000 
 0.024168 0.000000 -1.028270 0.000000 
 0.024197 0.000000 -1.022871 0.000000 
 0.024227 0.000000 -1.017472 0.000000 
 0.024257 0.000000 -1.012073 0.000000 
 0.024287 0.000000 -1.006673 0.000000 
 0.024316 0.000000 -1.001274 0.000000 
 0.024346 0.000000 -0.995874 0.000000 
 0.024376 0.000000 -0.990475 0.000000 
 0.024406 0.000000 -0.985076 0.000000 
 0.024435 0.000000 -0.979676 0.000000 
 0.024465 0.000000 -0.974277 0.000000 
 0.024495 0.000000 -0.968878 0.000000 
 0.024525 0.000000 -0.963479 0.000000 
 0.024554 0.000000 -0.958079 0.000000 
 0.024584 0.000000 -0.952680 0.000000 
 0.024614 0.000000 -0.947280 0.000000 
 0.024644 0.000000 -0.941881 0.000000 
 0.024673 0.000000 -0.936481 0.000000 
 0.024703 0.000000 -0.931082 0.000000 
 0.024733 0.000000 -0.925683 0.000000 
 0.024763 0.000000 -0.920284 0.000010 
 0.024792 0.000000 -0.914884 0.000000 
 0.024822 0.000000 -0.909485 0.000000 
 0.024852 0.000000 -0.904086 0.000000 
 0.024882 0.000000 -0.898686 0.000000 
 0.024911 0.000000 -0.893287 0.000010 
 0.024941 0.000000 -0.887887 0.000000 
 0.024971 0.000000 -0.882488 0.000000 
 0.025001 0.000000 -0.877089 0.000000 
 0.025031 0.000000 -0.871690 0.000000 
 0.025060 0.000000 -0.866290 0.000000 
 0.025090 0.000000 -0.860891 0.000000 
 0.025120 0.000000 -0.855492 0.000000 
 0.025150 0.000000 -0.850092 0.000000 
 0.025179 0.000000 -0.844693 0.000000 
 0.025209 0.000000 -0.839293 0.000000 
 0.025239 0.000000 -0.833894 0.000000 
 0.025269 0.000000 -0.828495 0.000000 
 0.025298 0.000000 -0.823095 0.000000 
 0.025328 0.000000 -0.817696 0.000000 
 0.025358 0.000000 -0.812297 0.000000 
 0.025388 0.000000 -0.806898 0.000000 
 0.025417 0.000000 -0.801498 0.000000 
 0.025447 0.000000 -0.796099 0.000000 
 0.025477 0.000000 -0.790699 0.000000 
 0.025507 0.000000 -0.785300 0.000000 
 0.025536 0.000000 -0.779901 0.000000 
 0.025566 0.000000 -0.774501 0.000000 
 0.025596 0.000000 -0.769102 0.000000 
 0.025626 0.000000 -0.763703 0.000000 
 0.025655 0.000000 -0.758304 0.000000 
 0.025685 0.000000 -0.752904 0.000000 
 0.025715 0.000000 -0.747505 0.000000 
 0.025745 0.000000 -0.742105 0.000000 
 0.025774 0.000000 -0.736706 0.000000 
 0.025804 0.000000 -0.731307 0.000000 
 0.025834 0.000000 -0.725907 0.000000 
 0.025864 0.000000 -0.720508 0.000000 
 0.025893 0.000000 -0.715109 0.000000 
 0.025923 0.000000 -0.709709 0.000010 
 0.025953 0.000000 -0.704310 0.000010 
 0.025983 0.000000 -0.698911 0.000000 
 0.026013 0.000000 -0.693511 0.000000 
 0.026042 0.000000 -0.688112 0.000000 
 0.026072 0.000000 -0.682713 0.000000 
 0.026102 0.000000 -0.677313 0.000000 
 0.026132 0.000000 -0.671914 0.000000 
 0.026161 0.000000 -0.666514 0.000000 
 0.026191 0.000000 -0.661115 0.000000 
 0.026221 0.000000 -0.655716 0.000000 
 0.026251 0.000000 -0.650317 0.000000 
 0.026280 0.000000 -0.644917 0.000000 
 0.026310 0.000000 -0.639518 0.000000 
 0.026340 0.000000 -0.634119 0.000000 
 0.026370 0.000000 -0.628719 0.000000 
 0.026399 0.000000 -0.623320 0.000000 
 0.026429 0.000000 -0.617920 0.000000 
 0.026459 0.000000 -0.612521 0.000000 
 0.026489 0.000000 -0.607122 0.000000 
 0.026518 0.000000 -0.601723 0.000000 
 0.026548 0.000000 -0.596323 0.000000 
 0.026578 0.000000 -0.590924 0.000000 
 0.026608 0.000000 -0.585525 0.000000 
 0.026637 0.000000 -0.580125 0.000000 
 0.026667 0.000000 -0.574726 0.000000 
 0.026697 0.000000 -0.569326 0.000000 
 0.026727 0.000000 -0.563927 0.000000 
 0.026756 0.000000 -0.558528 0.000000 
 0.026786 0.000000 -0.553128 0.000000 
 0.026816 0.000000 -0.547729 0.000000 
 0.026846 0.000000 -0.542330 0.000000 
 0.026875 0.000000 -0.536931 0.000000 
 0.026905 0.000000 -0.531531 0.000000 
 0.026935 0.000000 -0.526132 0.000000 
 0.026965 0.000000 -0.520732 0.000000 
 0.026995 0.000000 -0.515333 0.000000 
 0.027024 0.000000 -0.509934 0.000000 
 0.027054 0.000000 -0.504534 0.000000 
 0.027084 0.000000 -0.499135 0.000000 
 0.027114 0.000000 -0.493736 0.000000 
 0.027143 0.000000 -0.488337 0.000000 
 0.027173 0.000000 -0.482937 0.000000 
 0.027203 0.000000 -0.477538 0.000000 
 0.027233 0.000000 -0.472138 0.000000 
 0.027262 0.000000 -0.466739 0.000000 
 0.027292 0.000000 -0.461339 0.000000 
 0.027322 0.000000 -0.455940 0.000000 
 0.027352 0.000000 -0.450541 0.000000 
 0.027381 0.000000 -0.445142 0.000000 
 0.027411 0.000000 -0.439742 0.000000 
 0.027441 0.000000 -0.434343 0.000000 
 0.027471 0.000000 -0.428944 0.000000 
 0.027500 0.000000 -0.423544 0.000000 
 0.027530 0.000000 -0.418145 0.000000 
 0.027560 0.000000 -0.412745 0.000000 
 0.027590 0.000000 -0.407346 0.000000 
 0.027619 0.000000 -0.401947 0.000000 
 0.027649 0.000000 -0.396548 0.000000 
 0.027679 0.000000 -0.391148 0.000000 
 0.027709 0.000000 -0.385749 0.000000 
 0.027738 0.000000 -0.380350 0.000000 
 0.027768 0.000000 -0.374950 0.000000 
 0.027798 0.000000 -0.369551 0.000000 
 0.027828 0.000000 -0.364151 0.000000 
 0.027857 0.000000 -0.358752 0.000000 
 0.027887 0.000000 -0.353353 0.000000 
 0.027917 0.000000 -0.347953 0.000000 
 0.027947 0.000000 -0.342554 0.000000 
 0.027977 0.000000 -0.337155 0.000000 
 0.028006 0.000000 -0.331756 0.000000 
 0.028036 0.000000 -0.326356 0.000000 
 0.028066 0.000000 -0.320957 0.000010 
 0.028096 0.000000 -0.315557 0.000000 
 0.028125 0.000000 -0.310158 0.000000 
 0.028155 0.000000 -0.304759 0.000000 
 0.028185 0.000000 -0.299359 0.000000 
 0.028215 0.000000 -0.293960 0.000000 
 0.028244 0.000000 -0.288561 0.000000 
 0.028274 0.000000 -0.283162 0.000000 
 0.028304 0.000000 -0.277762 0.000000 
 0.028334 0.000000 -0.272363 0.000000 
 0.028363 0.000000 -0.266963 0.000000 
 0.028393 0.000000 -0.261564 0.000000 
 0.028423 0.000000 -0.256165 0.000000 
 0.028453 0.000000 -0.250765 0.000000 
 0.028482 0.000000 -0.245366 0.000000 
 0.028512 0.000000 -0.239967 0.000000 
 0.028542 0.000000 -0.234567 0.000000 
 0.028572 0.000000 -0.229168 0.000000 
 0.028601 0.000000 -0.223769 0.000000 
 0.028631 0.000000 -0.218369 0.000000 
 0.028661 0.000000 -0.212970 0.000000 
 0.028691 0.000000 -0.207571 0.000000 
 0.028720 0.000000 -0.202171 0.000000 
 0.028750 0.000000 -0.196772 0.000000 
 0.028780 0.000000 -0.191372 0.000000 
 0.028810 0.000000 -0.185973 0.000000 
 0.028839 0.000000 -0.180574 0.000000 
 0.028869 0.000000 -0.175175 0.000000 
 0.028899 0.000000 -0.169775 0.000000 
 0.028929 0.000000 -0.164376 0.000000 
 0.028958 0.000000 -0.158977 0.000000 
 0.028988 0.000000 -0.153577 0.000000 
 0.029018 0.000000 -0.148178 0.000000 
 0.029048 0.000000 -0.142778 0.000000 
 0.029078 0.000000 -0.137379 0.000000 
 0.029107 0.000000 -0.131980 0.000000 
 0.029137 0.000000 -0.126581 0.000000 
 0.029167 0.000000 -0.121181 0.000000 
 0.029197 0.000000 -0.115782 0.000000 
 0.029226 0.000000 -0.110383 0.000000 
 0.029256 0.000000 -0.104983 0.000000 
 0.029286 0.000000 -0.099584 0.000000 
 0.029316 0.000000 -0.094184 0.000000 
 0.029345 0.000000 -0.088785 0.000000 
 0.029375 0.000000 -0.083386 0.000000 
 0.029405 0.000000 -0.077986 0.000000 
 0.029435 0.000000 -0.072587 0.000000 
 0.029464 0.000000 -0.067188 0.000000 
 0.029494 0.000000 -0.061789 0.000000 
 0.029524 0.000000 -0.056389 0.000000 
 0.029554 0.000000 -0.050990 0.000000 
 0.029583 0.000000 -0.045590 0.000000 
 0.029613 0.000000 -0.040191 0.000000 
 0.029643 0.000000 -0.034792 0.000000 
 0.029673 0.000000 -0.029392 0.000000 
 0.029702 0.000000 -0.023993 0.000000 
 0.029732 0.000000 -0.018594 0.000000 
 0.029762 0.000000 -0.013195 0.000000 
 0.029792 0.000000 -0.007795 0.000000 
 0.029821 0.000000 -0.002396 0.121422 
 0.029851 0.000000 0.003004 0.204387 
 0.029881 0.000000 0.008403 0.266398 
 0.029911 0.000000 0.013803 0.407353 
 0.029940 0.000000 0.019202 0.000000 
 0.029970 0.000000 0.024601 0.000000 
