#rbin[i] Nr[i] lbin[i] Nl[i]
 0.030001 0.000212 0.000084 0.000008 
 0.030071 0.000216 0.000188 0.000002 
 0.030141 0.000192 0.000292 0.000006 
 0.030211 0.000186 0.000396 0.000016 
 0.030281 0.000164 0.000500 0.000008 
 0.030351 0.000168 0.000604 0.000014 
 0.030421 0.000192 0.000708 0.000014 
 0.030491 0.000186 0.000812 0.000020 
 0.030561 0.000206 0.000916 0.000020 
 0.030631 0.000236 0.001020 0.000018 
 0.030701 0.000204 0.001124 0.000032 
 0.030771 0.000176 0.001228 0.000020 
 0.030841 0.000218 0.001332 0.000022 
 0.030911 0.000208 0.001436 0.000040 
 0.030981 0.000202 0.001540 0.000036 
 0.031051 0.000214 0.001644 0.000042 
 0.031121 0.000196 0.001748 0.000044 
 0.031191 0.000218 0.001852 0.000030 
 0.031261 0.000232 0.001956 0.000036 
 0.031331 0.000202 0.002060 0.000058 
 0.031401 0.000220 0.002164 0.000054 
 0.031471 0.000204 0.002268 0.000040 
 0.031541 0.000204 0.002372 0.000048 
 0.031611 0.000210 0.002476 0.000050 
 0.031681 0.000208 0.002580 0.000056 
 0.031751 0.000238 0.002684 0.000054 
 0.031821 0.000218 0.002788 0.000078 
 0.031891 0.000212 0.002892 0.000050 
 0.031961 0.000260 0.002996 0.000070 
 0.032031 0.000208 0.003100 0.000074 
 0.032101 0.000248 0.003204 0.000072 
 0.032171 0.000218 0.003308 0.000088 
 0.032241 0.000250 0.003412 0.000074 
 0.032311 0.000206 0.003516 0.000088 
 0.032381 0.000204 0.003620 0.000052 
 0.032451 0.000238 0.003724 0.000072 
 0.032521 0.000214 0.003828 0.000072 
 0.032591 0.000252 0.003932 0.000098 
 0.032661 0.000224 0.004036 0.000096 
 0.032731 0.000238 0.004140 0.000082 
 0.032801 0.000246 0.004244 0.000088 
 0.032871 0.000210 0.004348 0.000102 
 0.032941 0.000202 0.004452 0.000092 
 0.033011 0.000232 0.004556 0.000116 
 0.033081 0.000254 0.004660 0.000124 
 0.033151 0.000246 0.004764 0.000076 
 0.033221 0.000230 0.004868 0.000112 
 0.033291 0.000232 0.004972 0.000112 
 0.033361 0.000254 0.005076 0.000094 
 0.033431 0.000248 0.005180 0.000120 
 0.033501 0.000188 0.005284 0.000120 
 0.033571 0.000230 0.005388 0.000098 
 0.033641 0.000272 0.005492 0.000116 
 0.033711 0.000250 0.005596 0.000122 
 0.033781 0.000272 0.005700 0.000118 
 0.033851 0.000268 0.005804 0.000142 
 0.033921 0.000212 0.005908 0.000142 
 0.033991 0.000272 0.006012 0.000146 
 0.034061 0.000246 0.006116 0.000142 
 0.034131 0.000262 0.006220 0.000108 
 0.034201 0.000264 0.006324 0.000126 
 0.034271 0.000284 0.006428 0.000152 
 0.034341 0.000252 0.006532 0.000132 
 0.034411 0.000244 0.006636 0.000158 
 0.034481 0.000254 0.006740 0.000168 
 0.034551 0.000262 0.006844 0.000140 
 0.034621 0.000278 0.006949 0.000132 
 0.034691 0.000246 0.007053 0.000134 
 0.034761 0.000248 0.007157 0.000170 
 0.034831 0.000268 0.007261 0.000158 
 0.034901 0.000226 0.007365 0.000162 
 0.034971 0.000260 0.007469 0.000180 
 0.035041 0.000250 0.007573 0.000168 
 0.035111 0.000290 0.007677 0.000160 
 0.035181 0.000256 0.007781 0.000180 
 0.035251 0.000286 0.007885 0.000190 
 0.035321 0.000276 0.007989 0.000190 
 0.035391 0.000256 0.008093 0.000188 
 0.035461 0.000264 0.008197 0.000174 
 0.035531 0.000280 0.008301 0.000152 
 0.035601 0.000286 0.008405 0.000170 
 0.035671 0.000262 0.008509 0.000180 
 0.035741 0.000294 0.008613 0.000178 
 0.035811 0.000260 0.008717 0.000196 
 0.035881 0.000282 0.008821 0.000182 
 0.035951 0.000288 0.008925 0.000208 
 0.036021 0.000268 0.009029 0.000196 
 0.036091 0.000294 0.009133 0.000228 
 0.036161 0.000310 0.009237 0.000210 
 0.036231 0.000250 0.009341 0.000182 
 0.036301 0.000274 0.009445 0.000196 
 0.036371 0.000318 0.009549 0.000210 
 0.036441 0.000292 0.009653 0.000218 
 0.036511 0.000312 0.009757 0.000208 
 0.036581 0.000274 0.009861 0.000236 
 0.036651 0.000288 0.009965 0.000216 
 0.036721 0.000260 0.010069 0.000226 
 0.036791 0.000302 0.010173 0.000236 
 0.036861 0.000282 0.010277 0.000254 
 0.036931 0.000280 0.010381 0.000212 
 0.037001 0.000306 0.010485 0.000226 
 0.037071 0.000316 0.010589 0.000232 
 0.037141 0.000292 0.010693 0.000196 
 0.037211 0.000294 0.010797 0.000240 
 0.037281 0.000326 0.010901 0.000260 
 0.037351 0.000296 0.011005 0.000254 
 0.037421 0.000318 0.011109 0.000256 
 0.037491 0.000298 0.011213 0.000236 
 0.037561 0.000244 0.011317 0.000218 
 0.037631 0.000262 0.011421 0.000250 
 0.037701 0.000352 0.011525 0.000248 
 0.037771 0.000330 0.011629 0.000306 
 0.037841 0.000348 0.011733 0.000264 
 0.037911 0.000342 0.011837 0.000270 
 0.037981 0.000288 0.011941 0.000220 
 0.038051 0.000284 0.012045 0.000298 
 0.038121 0.000328 0.012149 0.000292 
 0.038191 0.000324 0.012253 0.000232 
 0.038261 0.000320 0.012357 0.000260 
 0.038331 0.000310 0.012461 0.000322 
 0.038401 0.000328 0.012565 0.000266 
 0.038471 0.000336 0.012669 0.000242 
 0.038541 0.000322 0.012773 0.000350 
 0.038611 0.000300 0.012877 0.000270 
 0.038681 0.000308 0.012981 0.000260 
 0.038751 0.000312 0.013085 0.000284 
 0.038821 0.000314 0.013189 0.000302 
 0.038891 0.000312 0.013293 0.000282 
 0.038961 0.000348 0.013397 0.000308 
 0.039031 0.000326 0.013501 0.000274 
 0.039101 0.000318 0.013605 0.000330 
 0.039171 0.000350 0.013709 0.000328 
 0.039241 0.000358 0.013813 0.000346 
 0.039311 0.000328 0.013917 0.000314 
 0.039381 0.000306 0.014021 0.000288 
 0.039451 0.000370 0.014125 0.000308 
 0.039521 0.000370 0.014229 0.000312 
 0.039591 0.000352 0.014333 0.000324 
 0.039661 0.000290 0.014437 0.000288 
 0.039731 0.000368 0.014541 0.000348 
 0.039801 0.000360 0.014645 0.000346 
 0.039871 0.000312 0.014749 0.000356 
 0.039941 0.000314 0.014853 0.000346 
 0.040011 0.000366 0.014957 0.000304 
 0.040081 0.000340 0.015061 0.000290 
 0.040151 0.000372 0.015165 0.000338 
 0.040221 0.000322 0.015269 0.000336 
 0.040291 0.000300 0.015373 0.000366 
 0.040361 0.000376 0.015477 0.000364 
 0.040431 0.000320 0.015581 0.000324 
 0.040501 0.000358 0.015685 0.000364 
 0.040571 0.000420 0.015789 0.000368 
 0.040641 0.000332 0.015893 0.000398 
 0.040711 0.000296 0.015997 0.000358 
 0.040781 0.000414 0.016101 0.000366 
 0.040851 0.000400 0.016205 0.000352 
 0.040921 0.000356 0.016309 0.000398 
 0.040991 0.000358 0.016413 0.000374 
 0.041061 0.000372 0.016517 0.000426 
 0.041131 0.000392 0.016621 0.000312 
 0.041201 0.000372 0.016725 0.000366 
 0.041271 0.000402 0.016829 0.000412 
 0.041341 0.000384 0.016934 0.000364 
 0.041411 0.000376 0.017038 0.000344 
 0.041481 0.000358 0.017142 0.000362 
 0.041551 0.000344 0.017246 0.000372 
 0.041621 0.000420 0.017350 0.000392 
 0.041691 0.000310 0.017454 0.000434 
 0.041761 0.000364 0.017558 0.000386 
 0.041831 0.000376 0.017662 0.000456 
 0.041901 0.000338 0.017766 0.000438 
 0.041971 0.000434 0.017870 0.000412 
 0.042041 0.000302 0.017974 0.000436 
 0.042111 0.000408 0.018078 0.000422 
 0.042181 0.000348 0.018182 0.000394 
 0.042251 0.000412 0.018286 0.000408 
 0.042321 0.000340 0.018390 0.000456 
 0.042391 0.000368 0.018494 0.000368 
 0.042461 0.000428 0.018598 0.000428 
 0.042531 0.000424 0.018702 0.000404 
 0.042601 0.000378 0.018806 0.000398 
 0.042671 0.000412 0.018910 0.000456 
 0.042741 0.000430 0.019014 0.000422 
 0.042811 0.000424 0.019118 0.000418 
 0.042881 0.000424 0.019222 0.000474 
 0.042951 0.000454 0.019326 0.000476 
 0.043021 0.000420 0.019430 0.000440 
 0.043091 0.000354 0.019534 0.000490 
 0.043161 0.000388 0.019638 0.000458 
 0.043231 0.000414 0.019742 0.000504 
 0.043301 0.000352 0.019846 0.000482 
 0.043371 0.000400 0.019950 0.000452 
 0.043441 0.000418 0.020054 0.000476 
 0.043511 0.000384 0.020158 0.000444 
 0.043581 0.000428 0.020262 0.000474 
 0.043651 0.000378 0.020366 0.000424 
 0.043721 0.000454 0.020470 0.000494 
 0.043791 0.000372 0.020574 0.000440 
 0.043861 0.000366 0.020678 0.000474 
 0.043931 0.000386 0.020782 0.000488 
 0.044001 0.000416 0.020886 0.000532 
 0.044071 0.000502 0.020990 0.000472 
 0.044141 0.000416 0.021094 0.000496 
 0.044211 0.000412 0.021198 0.000500 
 0.044281 0.000456 0.021302 0.000522 
 0.044351 0.000438 0.021406 0.000490 
 0.044421 0.000428 0.021510 0.000494 
 0.044491 0.000492 0.021614 0.000520 
 0.044561 0.000402 0.021718 0.000542 
 0.044631 0.000396 0.021822 0.000562 
 0.044701 0.000436 0.021926 0.000538 
 0.044771 0.000428 0.022030 0.000490 
 0.044841 0.000434 0.022134 0.000544 
 0.044911 0.000418 0.022238 0.000588 
 0.044981 0.000442 0.022342 0.000508 
 0.045051 0.000470 0.022446 0.000506 
 0.045121 0.000430 0.022550 0.000520 
 0.045191 0.000436 0.022654 0.000496 
 0.045261 0.000406 0.022758 0.000550 
 0.045331 0.000440 0.022862 0.000566 
 0.045401 0.000462 0.022966 0.000522 
 0.045471 0.000448 0.023070 0.000582 
 0.045541 0.000456 0.023174 0.000494 
 0.045611 0.000484 0.023278 0.000548 
 0.045681 0.000454 0.023382 0.000558 
 0.045751 0.000448 0.023486 0.000582 
 0.045821 0.000456 0.023590 0.000606 
 0.045891 0.000416 0.023694 0.000560 
 0.045961 0.000432 0.023798 0.000632 
 0.046031 0.000416 0.023902 0.000562 
 0.046101 0.000464 0.024006 0.000576 
 0.046171 0.000504 0.024110 0.000600 
 0.046241 0.000482 0.024214 0.000610 
 0.046311 0.000484 0.024318 0.000550 
 0.046381 0.000428 0.024422 0.000624 
 0.046451 0.000512 0.024526 0.000644 
 0.046521 0.000458 0.024630 0.000584 
 0.046591 0.000480 0.024734 0.000608 
 0.046661 0.000420 0.024838 0.000608 
 0.046731 0.000452 0.024942 0.000586 
 0.046801 0.000468 0.025046 0.000642 
 0.046871 0.000516 0.025150 0.000604 
 0.046941 0.000444 0.025254 0.000620 
 0.047011 0.000508 0.025358 0.000594 
 0.047081 0.000470 0.025462 0.000586 
 0.047151 0.000524 0.025566 0.000660 
 0.047221 0.000486 0.025670 0.000698 
 0.047291 0.000482 0.025774 0.000656 
 0.047361 0.000470 0.025878 0.000664 
 0.047431 0.000498 0.025982 0.000642 
 0.047501 0.000500 0.026086 0.000656 
 0.047571 0.000466 0.026190 0.000636 
 0.047641 0.000508 0.026294 0.000608 
 0.047711 0.000482 0.026398 0.000688 
 0.047781 0.000466 0.026502 0.000674 
 0.047851 0.000510 0.026606 0.000706 
 0.047921 0.000468 0.026710 0.000716 
 0.047991 0.000474 0.026815 0.000708 
 0.048061 0.000526 0.026919 0.000764 
 0.048131 0.000510 0.027023 0.000632 
 0.048201 0.000494 0.027127 0.000676 
 0.048271 0.000510 0.027231 0.000718 
 0.048341 0.000520 0.027335 0.000664 
 0.048411 0.000552 0.027439 0.000718 
 0.048481 0.000498 0.027543 0.000674 
 0.048551 0.000492 0.027647 0.000620 
 0.048621 0.000536 0.027751 0.000742 
 0.048691 0.000462 0.027855 0.000740 
 0.048761 0.000488 0.027959 0.000784 
 0.048831 0.000512 0.028063 0.000778 
 0.048901 0.000504 0.028167 0.000796 
 0.048971 0.000524 0.028271 0.000724 
 0.049041 0.000510 0.028375 0.000814 
 0.049111 0.000530 0.028479 0.000722 
 0.049181 0.000556 0.028583 0.000744 
 0.049251 0.000530 0.028687 0.000808 
 0.049321 0.000554 0.028791 0.000712 
 0.049391 0.000516 0.028895 0.000772 
 0.049461 0.000574 0.028999 0.000740 
 0.049531 0.000500 0.029103 0.000826 
 0.049601 0.000566 0.029207 0.000786 
 0.049671 0.000546 0.029311 0.000792 
 0.049741 0.000518 0.029415 0.000814 
 0.049811 0.000506 0.029519 0.000880 
 0.049881 0.000496 0.029623 0.000820 
 0.049951 0.000494 0.029727 0.000868 
 0.050021 0.000578 0.029831 0.000814 
 0.050091 0.000538 0.029935 0.000844 
 0.050161 0.000560 0.030039 0.000902 
 0.050231 0.000556 0.030143 0.000880 
 0.050301 0.000560 0.030247 0.000888 
 0.050371 0.000536 0.030351 0.000826 
 0.050441 0.000494 0.030455 0.001004 
 0.050511 0.000524 0.030559 0.000938 
 0.050581 0.000590 0.030663 0.000840 
 0.050651 0.000544 0.030767 0.000926 
 0.050721 0.000540 0.030871 0.000888 
 0.050791 0.000644 0.030975 0.000930 
 0.050861 0.000592 0.031079 0.000978 
 0.050931 0.000572 0.031183 0.000846 
 0.051001 0.000520 0.031287 0.000896 
 0.051071 0.000556 0.031391 0.001022 
 0.051141 0.000572 0.031495 0.000830 
 0.051211 0.000562 0.031599 0.001024 
 0.051281 0.000550 0.031703 0.000984 
 0.051351 0.000578 0.031807 0.000952 
 0.051421 0.000548 0.031911 0.000922 
 0.051491 0.000594 0.032015 0.000902 
 0.051561 0.000606 0.032119 0.000884 
 0.051631 0.000580 0.032223 0.000996 
 0.051701 0.000522 0.032327 0.000956 
 0.051771 0.000588 0.032431 0.001028 
 0.051841 0.000638 0.032535 0.000964 
 0.051911 0.000594 0.032639 0.000880 
 0.051981 0.000536 0.032743 0.000978 
 0.052051 0.000568 0.032847 0.000968 
 0.052121 0.000578 0.032951 0.001006 
 0.052191 0.000604 0.033055 0.000972 
 0.052261 0.000622 0.033159 0.000980 
 0.052331 0.000586 0.033263 0.000964 
 0.052401 0.000576 0.033367 0.000946 
 0.052471 0.000606 0.033471 0.001014 
 0.052541 0.000582 0.033575 0.000992 
 0.052611 0.000530 0.033679 0.000974 
 0.052681 0.000594 0.033783 0.000950 
 0.052751 0.000636 0.033887 0.001010 
 0.052821 0.000566 0.033991 0.001042 
 0.052891 0.000552 0.034095 0.001002 
 0.052961 0.000664 0.034199 0.000970 
 0.053031 0.000628 0.034303 0.001046 
 0.053101 0.000614 0.034407 0.001000 
 0.053171 0.000626 0.034511 0.001054 
 0.053241 0.000650 0.034615 0.001014 
 0.053311 0.000666 0.034719 0.001052 
 0.053381 0.000642 0.034823 0.001046 
 0.053451 0.000612 0.034927 0.000978 
 0.053521 0.000692 0.035031 0.000998 
 0.053591 0.000640 0.035135 0.001000 
 0.053661 0.000580 0.035239 0.000990 
 0.053731 0.000610 0.035343 0.000986 
 0.053801 0.000552 0.035447 0.001054 
 0.053871 0.000622 0.035551 0.001100 
 0.053941 0.000638 0.035655 0.000974 
 0.054011 0.000602 0.035759 0.001096 
 0.054081 0.000584 0.035863 0.001078 
 0.054151 0.000612 0.035967 0.001050 
 0.054221 0.000588 0.036071 0.001054 
 0.054291 0.000662 0.036175 0.001024 
 0.054361 0.000614 0.036279 0.001100 
 0.054431 0.000638 0.036383 0.001094 
 0.054501 0.000690 0.036487 0.000966 
 0.054571 0.000612 0.036591 0.001088 
 0.054641 0.000618 0.036696 0.001098 
 0.054711 0.000650 0.036800 0.001074 
 0.054781 0.000734 0.036904 0.001032 
 0.054851 0.000642 0.037008 0.001068 
 0.054921 0.000644 0.037112 0.001066 
 0.054991 0.000596 0.037216 0.001106 
 0.055061 0.000714 0.037320 0.001182 
 0.055131 0.000682 0.037424 0.001070 
 0.055201 0.000678 0.037528 0.001062 
 0.055271 0.000710 0.037632 0.001108 
 0.055341 0.000644 0.037736 0.001060 
 0.055411 0.000674 0.037840 0.001094 
 0.055481 0.000694 0.037944 0.001108 
 0.055551 0.000666 0.038048 0.001052 
 0.055621 0.000690 0.038152 0.001110 
 0.055691 0.000738 0.038256 0.001140 
 0.055761 0.000658 0.038360 0.001014 
 0.055831 0.000704 0.038464 0.001092 
 0.055901 0.000634 0.038568 0.001138 
 0.055971 0.000588 0.038672 0.001212 
 0.056041 0.000678 0.038776 0.001110 
 0.056111 0.000614 0.038880 0.001170 
 0.056181 0.000644 0.038984 0.001070 
 0.056251 0.000644 0.039088 0.001100 
 0.056321 0.000684 0.039192 0.001104 
 0.056391 0.000666 0.039296 0.001150 
 0.056461 0.000624 0.039400 0.001162 
 0.056531 0.000706 0.039504 0.001186 
 0.056601 0.000744 0.039608 0.001150 
 0.056671 0.000734 0.039712 0.001104 
 0.056741 0.000684 0.039816 0.001162 
 0.056811 0.000708 0.039920 0.001118 
 0.056881 0.000718 0.040024 0.001086 
 0.056951 0.000676 0.040128 0.001110 
 0.057021 0.000682 0.040232 0.001150 
 0.057091 0.000778 0.040336 0.001148 
 0.057161 0.000734 0.040440 0.001204 
 0.057231 0.000702 0.040544 0.001256 
 0.057301 0.000794 0.040648 0.001112 
 0.057371 0.000766 0.040752 0.001210 
 0.057441 0.000758 0.040856 0.001064 
 0.057511 0.000722 0.040960 0.001192 
 0.057581 0.000680 0.041064 0.001184 
 0.057651 0.000716 0.041168 0.001246 
 0.057721 0.000620 0.041272 0.001188 
 0.057791 0.000708 0.041376 0.001152 
 0.057861 0.000690 0.041480 0.001182 
 0.057931 0.000706 0.041584 0.001222 
 0.058001 0.000710 0.041688 0.001214 
 0.058071 0.000698 0.041792 0.001070 
 0.058141 0.000704 0.041896 0.001244 
 0.058211 0.000712 0.042000 0.001128 
 0.058281 0.000728 0.042104 0.001194 
 0.058351 0.000766 0.042208 0.001176 
 0.058421 0.000786 0.042312 0.001234 
 0.058491 0.000756 0.042416 0.001284 
 0.058561 0.000776 0.042520 0.001186 
 0.058631 0.000722 0.042624 0.001160 
 0.058701 0.000770 0.042728 0.001232 
 0.058771 0.000772 0.042832 0.001256 
 0.058841 0.000718 0.042936 0.001196 
 0.058911 0.000736 0.043040 0.001262 
 0.058981 0.000712 0.043144 0.001282 
 0.059051 0.000740 0.043248 0.001146 
 0.059121 0.000756 0.043352 0.001226 
 0.059191 0.000804 0.043456 0.001168 
 0.059261 0.000742 0.043560 0.001316 
 0.059331 0.000740 0.043664 0.001140 
 0.059401 0.000768 0.043768 0.001212 
 0.059471 0.000812 0.043872 0.001192 
 0.059541 0.000828 0.043976 0.001278 
 0.059611 0.000792 0.044080 0.001310 
 0.059681 0.000734 0.044184 0.001310 
 0.059751 0.000794 0.044288 0.001214 
 0.059821 0.000696 0.044392 0.001208 
 0.059891 0.000808 0.044496 0.001150 
 0.059961 0.000770 0.044600 0.001290 
 0.060031 0.000790 0.044704 0.001338 
 0.060101 0.000762 0.044808 0.001246 
 0.060171 0.000814 0.044912 0.001316 
 0.060241 0.000786 0.045016 0.001214 
 0.060311 0.000780 0.045120 0.001242 
 0.060381 0.000750 0.045224 0.001214 
 0.060451 0.000796 0.045328 0.001372 
 0.060521 0.000762 0.045432 0.001262 
 0.060591 0.000762 0.045536 0.001278 
 0.060661 0.000742 0.045640 0.001208 
 0.060731 0.000762 0.045744 0.001324 
 0.060801 0.000806 0.045848 0.001360 
 0.060871 0.000862 0.045952 0.001228 
 0.060941 0.000822 0.046056 0.001188 
 0.061011 0.000816 0.046160 0.001382 
 0.061081 0.000806 0.046264 0.001336 
 0.061151 0.000770 0.046368 0.001188 
 0.061221 0.000806 0.046472 0.001244 
 0.061291 0.000866 0.046576 0.001262 
 0.061361 0.000828 0.046681 0.001296 
 0.061431 0.000818 0.046785 0.001328 
 0.061501 0.000868 0.046889 0.001356 
 0.061571 0.000802 0.046993 0.001290 
 0.061641 0.000786 0.047097 0.001260 
 0.061711 0.000886 0.047201 0.001362 
 0.061781 0.000808 0.047305 0.001340 
 0.061851 0.000834 0.047409 0.001354 
 0.061921 0.000756 0.047513 0.001302 
 0.061991 0.000838 0.047617 0.001352 
 0.062061 0.000890 0.047721 0.001382 
 0.062131 0.000864 0.047825 0.001322 
 0.062201 0.000852 0.047929 0.001314 
 0.062271 0.000812 0.048033 0.001262 
 0.062341 0.000840 0.048137 0.001258 
 0.062411 0.000838 0.048241 0.001238 
 0.062481 0.000798 0.048345 0.001284 
 0.062551 0.000860 0.048449 0.001372 
 0.062621 0.000760 0.048553 0.001348 
 0.062691 0.000806 0.048657 0.001314 
 0.062761 0.000916 0.048761 0.001474 
 0.062831 0.000850 0.048865 0.001320 
 0.062901 0.000808 0.048969 0.001312 
 0.062971 0.000856 0.049073 0.001424 
 0.063041 0.000880 0.049177 0.001434 
 0.063111 0.000886 0.049281 0.001332 
 0.063181 0.000966 0.049385 0.001302 
 0.063251 0.000822 0.049489 0.001290 
 0.063321 0.000874 0.049593 0.001314 
 0.063391 0.000862 0.049697 0.001358 
 0.063461 0.000836 0.049801 0.001320 
 0.063531 0.000880 0.049905 0.001362 
 0.063601 0.000936 0.050009 0.001362 
 0.063671 0.000816 0.050113 0.001320 
 0.063741 0.000820 0.050217 0.001472 
 0.063811 0.000900 0.050321 0.001438 
 0.063881 0.000874 0.050425 0.001462 
 0.063951 0.000898 0.050529 0.001316 
 0.064021 0.000938 0.050633 0.001334 
 0.064091 0.000956 0.050737 0.001450 
 0.064161 0.000880 0.050841 0.001380 
 0.064231 0.000972 0.050945 0.001304 
 0.064301 0.000868 0.051049 0.001362 
 0.064371 0.000766 0.051153 0.001342 
 0.064441 0.000902 0.051257 0.001396 
 0.064511 0.000830 0.051361 0.001356 
 0.064581 0.000892 0.051465 0.001380 
 0.064651 0.000874 0.051569 0.001390 
 0.064721 0.000938 0.051673 0.001508 
 0.064791 0.000970 0.051777 0.001394 
 0.064861 0.000916 0.051881 0.001428 
 0.064931 0.000870 0.051985 0.001352 
 0.065001 0.000902 0.052089 0.001424 
 0.065071 0.000912 0.052193 0.001408 
 0.065141 0.000972 0.052297 0.001382 
 0.065211 0.000946 0.052401 0.001394 
 0.065281 0.000924 0.052505 0.001418 
 0.065351 0.000898 0.052609 0.001374 
 0.065421 0.000944 0.052713 0.001488 
 0.065491 0.000856 0.052817 0.001424 
 0.065561 0.000924 0.052921 0.001374 
 0.065631 0.001036 0.053025 0.001442 
 0.065701 0.000952 0.053129 0.001394 
 0.065771 0.000876 0.053233 0.001416 
 0.065841 0.000952 0.053337 0.001444 
 0.065911 0.000916 0.053441 0.001376 
 0.065981 0.000892 0.053545 0.001484 
 0.066051 0.000976 0.053649 0.001386 
 0.066121 0.000954 0.053753 0.001414 
 0.066191 0.000966 0.053857 0.001466 
 0.066261 0.000912 0.053961 0.001494 
 0.066331 0.001012 0.054065 0.001406 
 0.066401 0.000938 0.054169 0.001422 
 0.066471 0.000926 0.054273 0.001410 
 0.066541 0.000942 0.054377 0.001494 
 0.066611 0.000904 0.054481 0.001398 
 0.066681 0.000920 0.054585 0.001476 
 0.066751 0.000938 0.054689 0.001444 
 0.066821 0.001064 0.054793 0.001562 
 0.066891 0.000996 0.054897 0.001452 
 0.066961 0.000970 0.055001 0.001322 
 0.067031 0.000958 0.055105 0.001518 
 0.067101 0.001078 0.055209 0.001424 
 0.067171 0.000900 0.055313 0.001404 
 0.067241 0.000958 0.055417 0.001444 
 0.067311 0.000940 0.055521 0.001438 
 0.067381 0.001068 0.055625 0.001466 
 0.067451 0.000992 0.055729 0.001418 
 0.067521 0.000924 0.055833 0.001496 
 0.067591 0.000958 0.055937 0.001558 
 0.067661 0.001058 0.056041 0.001452 
 0.067731 0.000942 0.056145 0.001626 
 0.067801 0.001022 0.056249 0.001406 
 0.067871 0.001018 0.056353 0.001414 
 0.067941 0.000992 0.056457 0.001472 
 0.068011 0.000964 0.056562 0.001470 
 0.068081 0.000984 0.056666 0.001412 
 0.068151 0.001014 0.056770 0.001418 
 0.068221 0.001008 0.056874 0.001528 
 0.068291 0.000948 0.056978 0.001514 
 0.068361 0.000994 0.057082 0.001484 
 0.068431 0.001028 0.057186 0.001452 
 0.068501 0.001042 0.057290 0.001598 
 0.068571 0.001036 0.057394 0.001452 
 0.068641 0.001044 0.057498 0.001430 
 0.068711 0.001042 0.057602 0.001550 
 0.068781 0.000990 0.057706 0.001504 
 0.068851 0.000970 0.057810 0.001504 
 0.068921 0.001066 0.057914 0.001514 
 0.068991 0.001038 0.058018 0.001478 
 0.069061 0.001036 0.058122 0.001408 
 0.069131 0.001020 0.058226 0.001492 
 0.069201 0.001022 0.058330 0.001550 
 0.069271 0.001096 0.058434 0.001530 
 0.069341 0.001022 0.058538 0.001504 
 0.069411 0.000982 0.058642 0.001434 
 0.069481 0.001058 0.058746 0.001502 
 0.069551 0.001070 0.058850 0.001448 
 0.069621 0.001134 0.058954 0.001540 
 0.069691 0.000992 0.059058 0.001536 
 0.069761 0.001032 0.059162 0.001534 
 0.069831 0.001032 0.059266 0.001476 
 0.069901 0.001114 0.059370 0.001568 
 0.069971 0.001014 0.059474 0.001562 
 0.070041 0.001090 0.059578 0.001494 
 0.070111 0.001084 0.059682 0.001574 
 0.070181 0.001034 0.059786 0.001494 
 0.070251 0.001092 0.059890 0.001528 
 0.070321 0.001016 0.059994 0.001552 
 0.070391 0.001052 0.060098 0.001574 
 0.070461 0.001034 0.060202 0.001490 
 0.070531 0.001112 0.060306 0.001444 
 0.070601 0.001102 0.060410 0.001468 
 0.070671 0.001032 0.060514 0.001608 
 0.070741 0.001112 0.060618 0.001490 
 0.070811 0.001112 0.060722 0.001496 
 0.070881 0.001016 0.060826 0.001504 
 0.070951 0.001098 0.060930 0.001554 
 0.071021 0.001110 0.061034 0.001540 
 0.071091 0.001160 0.061138 0.001504 
 0.071161 0.001092 0.061242 0.001492 
 0.071231 0.001054 0.061346 0.001610 
 0.071301 0.001126 0.061450 0.001558 
 0.071371 0.001054 0.061554 0.001578 
 0.071441 0.001118 0.061658 0.001538 
 0.071511 0.001080 0.061762 0.001646 
 0.071581 0.001106 0.061866 0.001594 
 0.071651 0.001070 0.061970 0.001522 
 0.071721 0.001186 0.062074 0.001508 
 0.071791 0.001070 0.062178 0.001550 
 0.071860 0.001114 0.062282 0.001438 
 0.071930 0.001136 0.062386 0.001538 
 0.072001 0.001176 0.062490 0.001586 
 0.072071 0.001124 0.062594 0.001572 
 0.072140 0.001120 0.062698 0.001528 
 0.072210 0.001102 0.062802 0.001526 
 0.072280 0.001134 0.062906 0.001528 
 0.072350 0.001154 0.063010 0.001608 
 0.072420 0.001074 0.063114 0.001588 
 0.072490 0.001106 0.063218 0.001530 
 0.072560 0.001220 0.063322 0.001558 
 0.072630 0.001132 0.063426 0.001504 
 0.072700 0.001130 0.063530 0.001554 
 0.072770 0.001124 0.063634 0.001558 
 0.072840 0.001184 0.063738 0.001702 
 0.072910 0.001128 0.063842 0.001548 
 0.072980 0.001146 0.063946 0.001538 
 0.073050 0.001160 0.064050 0.001476 
 0.073120 0.001196 0.064154 0.001458 
 0.073190 0.001062 0.064258 0.001576 
 0.073260 0.001148 0.064362 0.001626 
 0.073330 0.001210 0.064466 0.001638 
 0.073400 0.001154 0.064570 0.001584 
 0.073470 0.001146 0.064674 0.001602 
 0.073540 0.001178 0.064778 0.001542 
 0.073610 0.001176 0.064882 0.001656 
 0.073680 0.001192 0.064986 0.001558 
 0.073750 0.001152 0.065090 0.001526 
 0.073820 0.001190 0.065194 0.001546 
 0.073890 0.001270 0.065298 0.001594 
 0.073960 0.001144 0.065402 0.001616 
 0.074030 0.001110 0.065506 0.001526 
 0.074100 0.001254 0.065610 0.001532 
 0.074170 0.001194 0.065714 0.001586 
 0.074240 0.001168 0.065818 0.001540 
 0.074310 0.001178 0.065922 0.001544 
 0.074380 0.001208 0.066026 0.001596 
 0.074450 0.001236 0.066130 0.001648 
 0.074520 0.001080 0.066234 0.001588 
 0.074590 0.001196 0.066338 0.001580 
 0.074660 0.001264 0.066442 0.001548 
 0.074730 0.001268 0.066547 0.001694 
 0.074800 0.001220 0.066651 0.001656 
 0.074870 0.001176 0.066755 0.001632 
 0.074940 0.001126 0.066859 0.001492 
 0.075010 0.001236 0.066963 0.001600 
 0.075080 0.001166 0.067067 0.001490 
 0.075150 0.001276 0.067171 0.001580 
 0.075220 0.001268 0.067275 0.001642 
 0.075290 0.001188 0.067379 0.001534 
 0.075360 0.001354 0.067483 0.001490 
 0.075430 0.001248 0.067587 0.001652 
 0.075500 0.001170 0.067691 0.001656 
 0.075570 0.001222 0.067795 0.001602 
 0.075640 0.001190 0.067899 0.001544 
 0.075710 0.001196 0.068003 0.001528 
 0.075780 0.001222 0.068107 0.001672 
 0.075850 0.001192 0.068211 0.001626 
 0.075920 0.001338 0.068315 0.001566 
 0.075990 0.001312 0.068419 0.001626 
 0.076060 0.001256 0.068523 0.001526 
 0.076130 0.001212 0.068627 0.001624 
 0.076200 0.001266 0.068731 0.001644 
 0.076270 0.001276 0.068835 0.001532 
 0.076340 0.001204 0.068939 0.001558 
 0.076410 0.001196 0.069043 0.001710 
 0.076480 0.001288 0.069147 0.001594 
 0.076550 0.001372 0.069251 0.001598 
 0.076620 0.001206 0.069355 0.001562 
 0.076690 0.001294 0.069459 0.001590 
 0.076760 0.001278 0.069563 0.001588 
 0.076830 0.001226 0.069667 0.001552 
 0.076900 0.001230 0.069771 0.001614 
 0.076970 0.001244 0.069875 0.001656 
 0.077040 0.001392 0.069979 0.001566 
 0.077110 0.001328 0.070083 0.001676 
 0.077180 0.001298 0.070187 0.001608 
 0.077250 0.001254 0.070291 0.001624 
 0.077320 0.001276 0.070395 0.001558 
 0.077390 0.001252 0.070499 0.001582 
 0.077460 0.001320 0.070603 0.001638 
 0.077530 0.001258 0.070707 0.001590 
 0.077600 0.001312 0.070811 0.001550 
 0.077670 0.001280 0.070915 0.001626 
 0.077740 0.001356 0.071019 0.001590 
 0.077810 0.001298 0.071123 0.001548 
 0.077880 0.001360 0.071227 0.001546 
 0.077950 0.001312 0.071331 0.001638 
 0.078020 0.001398 0.071435 0.001596 
 0.078090 0.001368 0.071539 0.001678 
 0.078160 0.001242 0.071643 0.001630 
 0.078230 0.001308 0.071747 0.001488 
 0.078300 0.001252 0.071851 0.001612 
 0.078370 0.001286 0.071955 0.001656 
 0.078440 0.001244 0.072059 0.001636 
 0.078510 0.001432 0.072163 0.001580 
 0.078580 0.001344 0.072267 0.001692 
 0.078650 0.001378 0.072371 0.001582 
 0.078720 0.001372 0.072475 0.001494 
 0.078790 0.001302 0.072579 0.001646 
 0.078860 0.001288 0.072683 0.001530 
 0.078930 0.001334 0.072787 0.001582 
 0.079000 0.001406 0.072891 0.001630 
 0.079070 0.001300 0.072995 0.001728 
 0.079140 0.001324 0.073099 0.001634 
 0.079210 0.001458 0.073203 0.001572 
 0.079280 0.001304 0.073307 0.001558 
 0.079350 0.001282 0.073411 0.001576 
 0.079420 0.001374 0.073515 0.001610 
 0.079490 0.001396 0.073619 0.001690 
 0.079560 0.001396 0.073723 0.001508 
 0.079630 0.001368 0.073827 0.001596 
 0.079700 0.001396 0.073931 0.001578 
 0.079770 0.001364 0.074035 0.001730 
 0.079840 0.001516 0.074139 0.001576 
 0.079910 0.001434 0.074243 0.001584 
 0.079980 0.001358 0.074347 0.001644 
 0.080050 0.001286 0.074451 0.001484 
 0.080120 0.001384 0.074555 0.001582 
 0.080190 0.001376 0.074659 0.001610 
 0.080260 0.001362 0.074763 0.001638 
 0.080330 0.001442 0.074867 0.001528 
 0.080400 0.001338 0.074971 0.001584 
 0.080470 0.001396 0.075075 0.001620 
 0.080540 0.001438 0.075179 0.001610 
 0.080610 0.001344 0.075283 0.001584 
 0.080680 0.001406 0.075387 0.001618 
 0.080750 0.001420 0.075491 0.001662 
 0.080820 0.001330 0.075595 0.001638 
 0.080890 0.001468 0.075699 0.001576 
 0.080960 0.001404 0.075803 0.001560 
 0.081030 0.001426 0.075907 0.001578 
 0.081100 0.001404 0.076011 0.001514 
 0.081170 0.001446 0.076115 0.001630 
 0.081240 0.001492 0.076219 0.001688 
 0.081310 0.001410 0.076323 0.001536 
 0.081380 0.001350 0.076428 0.001572 
 0.081450 0.001458 0.076532 0.001568 
 0.081520 0.001408 0.076636 0.001578 
 0.081590 0.001446 0.076740 0.001682 
 0.081660 0.001506 0.076844 0.001496 
 0.081730 0.001442 0.076948 0.001582 
 0.081800 0.001446 0.077052 0.001676 
 0.081870 0.001398 0.077156 0.001512 
 0.081940 0.001446 0.077260 0.001580 
 0.082010 0.001522 0.077364 0.001650 
 0.082080 0.001434 0.077468 0.001546 
 0.082150 0.001506 0.077572 0.001602 
 0.082220 0.001566 0.077676 0.001610 
 0.082290 0.001374 0.077780 0.001556 
 0.082360 0.001542 0.077884 0.001492 
 0.082430 0.001470 0.077988 0.001700 
 0.082500 0.001456 0.078092 0.001600 
 0.082570 0.001414 0.078196 0.001446 
 0.082640 0.001448 0.078300 0.001590 
 0.082710 0.001360 0.078404 0.001578 
 0.082780 0.001524 0.078508 0.001572 
 0.082850 0.001602 0.078612 0.001574 
 0.082920 0.001388 0.078716 0.001590 
 0.082990 0.001406 0.078820 0.001574 
 0.083060 0.001436 0.078924 0.001578 
 0.083130 0.001574 0.079028 0.001520 
 0.083200 0.001506 0.079132 0.001540 
 0.083270 0.001594 0.079236 0.001540 
 0.083340 0.001402 0.079340 0.001586 
 0.083410 0.001396 0.079444 0.001598 
 0.083480 0.001440 0.079548 0.001522 
 0.083550 0.001644 0.079652 0.001596 
 0.083620 0.001538 0.079756 0.001672 
 0.083690 0.001536 0.079860 0.001568 
 0.083760 0.001594 0.079964 0.001474 
 0.083830 0.001644 0.080068 0.001604 
 0.083900 0.001582 0.080172 0.001580 
 0.083970 0.001476 0.080276 0.001566 
 0.084040 0.001510 0.080380 0.001578 
 0.084110 0.001492 0.080484 0.001408 
 0.084180 0.001542 0.080588 0.001530 
 0.084250 0.001460 0.080692 0.001512 
 0.084320 0.001536 0.080796 0.001668 
 0.084390 0.001616 0.080900 0.001526 
 0.084460 0.001474 0.081004 0.001586 
 0.084530 0.001534 0.081108 0.001532 
 0.084600 0.001488 0.081212 0.001462 
 0.084670 0.001480 0.081316 0.001574 
 0.084740 0.001552 0.081420 0.001536 
 0.084810 0.001594 0.081524 0.001450 
 0.084880 0.001438 0.081628 0.001724 
 0.084950 0.001612 0.081732 0.001512 
 0.085020 0.001594 0.081836 0.001510 
 0.085090 0.001530 0.081940 0.001488 
 0.085160 0.001518 0.082044 0.001564 
 0.085230 0.001554 0.082148 0.001446 
 0.085300 0.001618 0.082252 0.001610 
 0.085370 0.001616 0.082356 0.001506 
 0.085440 0.001688 0.082460 0.001590 
 0.085510 0.001534 0.082564 0.001492 
 0.085580 0.001640 0.082668 0.001410 
 0.085650 0.001626 0.082772 0.001568 
 0.085720 0.001598 0.082876 0.001572 
 0.085790 0.001646 0.082980 0.001476 
 0.085860 0.001484 0.083084 0.001482 
 0.085930 0.001630 0.083188 0.001490 
 0.086000 0.001594 0.083292 0.001504 
 0.086070 0.001562 0.083396 0.001446 
 0.086140 0.001636 0.083500 0.001554 
 0.086210 0.001584 0.083604 0.001518 
 0.086280 0.001674 0.083708 0.001572 
 0.086350 0.001628 0.083812 0.001456 
 0.086420 0.001548 0.083916 0.001498 
 0.086490 0.001638 0.084020 0.001488 
 0.086560 0.001532 0.084124 0.001462 
 0.086630 0.001530 0.084228 0.001438 
 0.086700 0.001572 0.084332 0.001448 
 0.086770 0.001542 0.084436 0.001556 
 0.086840 0.001692 0.084540 0.001532 
 0.086910 0.001654 0.084644 0.001472 
 0.086980 0.001546 0.084748 0.001444 
 0.087050 0.001626 0.084852 0.001452 
 0.087120 0.001712 0.084956 0.001450 
 0.087190 0.001706 0.085060 0.001402 
 0.087260 0.001648 0.085164 0.001562 
 0.087330 0.001774 0.085268 0.001512 
 0.087400 0.001682 0.085372 0.001450 
 0.087470 0.001746 0.085476 0.001498 
 0.087540 0.001658 0.085580 0.001400 
 0.087610 0.001662 0.085684 0.001456 
 0.087680 0.001590 0.085788 0.001436 
 0.087750 0.001718 0.085892 0.001444 
 0.087820 0.001666 0.085996 0.001430 
 0.087890 0.001668 0.086100 0.001444 
 0.087960 0.001566 0.086204 0.001438 
 0.088030 0.001584 0.086309 0.001356 
 0.088100 0.001694 0.086413 0.001420 
 0.088170 0.001612 0.086517 0.001474 
 0.088240 0.001746 0.086621 0.001374 
 0.088310 0.001680 0.086725 0.001560 
 0.088380 0.001778 0.086829 0.001454 
 0.088450 0.001734 0.086933 0.001426 
 0.088520 0.001738 0.087037 0.001400 
 0.088590 0.001620 0.087141 0.001408 
 0.088660 0.001622 0.087245 0.001350 
 0.088730 0.001678 0.087349 0.001428 
 0.088800 0.001646 0.087453 0.001398 
 0.088870 0.001658 0.087557 0.001494 
 0.088940 0.001646 0.087661 0.001362 
 0.089010 0.001798 0.087765 0.001336 
 0.089080 0.001658 0.087869 0.001330 
 0.089150 0.001812 0.087973 0.001270 
 0.089220 0.001854 0.088077 0.001444 
 0.089290 0.001726 0.088181 0.001344 
 0.089360 0.001844 0.088285 0.001410 
 0.089430 0.001708 0.088389 0.001386 
 0.089500 0.001722 0.088493 0.001338 
 0.089570 0.001696 0.088597 0.001396 
 0.089640 0.001666 0.088701 0.001438 
 0.089710 0.001684 0.088805 0.001342 
 0.089780 0.001764 0.088909 0.001420 
 0.089850 0.001746 0.089013 0.001338 
 0.089920 0.001680 0.089117 0.001264 
 0.089990 0.001722 0.089221 0.001346 
 0.090060 0.001738 0.089325 0.001360 
 0.090130 0.001786 0.089429 0.001300 
 0.090200 0.001678 0.089533 0.001316 
 0.090270 0.001784 0.089637 0.001288 
 0.090340 0.001808 0.089741 0.001330 
 0.090410 0.001822 0.089845 0.001280 
 0.090480 0.001816 0.089949 0.001416 
 0.090550 0.001732 0.090053 0.001256 
 0.090620 0.001750 0.090157 0.001274 
 0.090690 0.001844 0.090261 0.001354 
 0.090760 0.001824 0.090365 0.001264 
 0.090830 0.001722 0.090469 0.001280 
 0.090900 0.001770 0.090573 0.001264 
 0.090970 0.001802 0.090677 0.001232 
 0.091040 0.001852 0.090781 0.001356 
 0.091110 0.001826 0.090885 0.001280 
 0.091180 0.001772 0.090989 0.001208 
 0.091250 0.001722 0.091093 0.001374 
 0.091320 0.001848 0.091197 0.001300 
 0.091390 0.001796 0.091301 0.001244 
 0.091460 0.001794 0.091405 0.001242 
 0.091530 0.001780 0.091509 0.001112 
 0.091600 0.001720 0.091613 0.001256 
 0.091670 0.001860 0.091717 0.001252 
 0.091740 0.001768 0.091821 0.001142 
 0.091810 0.001802 0.091925 0.001196 
 0.091880 0.001860 0.092029 0.001186 
 0.091950 0.001744 0.092133 0.001242 
 0.092020 0.001912 0.092237 0.001246 
 0.092090 0.001894 0.092341 0.001176 
 0.092160 0.001842 0.092445 0.001232 
 0.092230 0.001838 0.092549 0.001162 
 0.092300 0.001866 0.092653 0.001216 
 0.092370 0.001842 0.092757 0.001146 
 0.092440 0.001828 0.092861 0.001270 
 0.092510 0.001936 0.092965 0.001140 
 0.092580 0.001794 0.093069 0.001172 
 0.092650 0.001842 0.093173 0.001116 
 0.092720 0.001776 0.093277 0.001060 
 0.092790 0.001892 0.093381 0.001126 
 0.092860 0.001928 0.093485 0.001168 
 0.092930 0.001950 0.093589 0.001198 
 0.093000 0.001860 0.093693 0.001068 
 0.093070 0.001932 0.093797 0.001138 
 0.093140 0.001750 0.093901 0.001178 
 0.093210 0.001828 0.094005 0.001044 
 0.093280 0.001862 0.094109 0.001034 
 0.093350 0.001872 0.094213 0.001118 
 0.093420 0.001826 0.094317 0.001134 
 0.093490 0.001786 0.094421 0.001030 
 0.093560 0.001878 0.094525 0.001076 
 0.093630 0.001920 0.094629 0.000928 
 0.093700 0.001956 0.094733 0.001078 
 0.093770 0.001918 0.094837 0.001006 
 0.093840 0.002004 0.094941 0.001092 
 0.093910 0.001800 0.095045 0.001044 
 0.093980 0.001952 0.095149 0.001044 
 0.094050 0.001936 0.095253 0.001012 
 0.094120 0.001944 0.095357 0.000938 
 0.094190 0.002044 0.095461 0.001058 
 0.094260 0.001908 0.095565 0.001038 
 0.094330 0.001932 0.095669 0.000930 
 0.094400 0.001902 0.095773 0.000902 
 0.094470 0.001898 0.095877 0.000968 
 0.094540 0.001830 0.095981 0.000864 
 0.094610 0.001906 0.096085 0.001008 
 0.094680 0.001942 0.096189 0.000840 
 0.094750 0.001968 0.096294 0.000908 
 0.094820 0.001838 0.096398 0.000874 
 0.094890 0.001962 0.096502 0.000888 
 0.094960 0.002006 0.096606 0.000936 
 0.095030 0.001876 0.096710 0.000866 
 0.095100 0.002028 0.096814 0.000922 
 0.095170 0.001972 0.096918 0.000902 
 0.095240 0.001964 0.097022 0.000824 
 0.095310 0.002032 0.097126 0.000806 
 0.095380 0.002034 0.097230 0.000800 
 0.095450 0.002096 0.097334 0.000730 
 0.095520 0.001804 0.097438 0.000734 
 0.095590 0.001820 0.097542 0.000794 
 0.095660 0.001928 0.097646 0.000764 
 0.095730 0.001964 0.097750 0.000772 
 0.095800 0.001974 0.097854 0.000736 
 0.095870 0.002124 0.097958 0.000684 
 0.095940 0.002040 0.098062 0.000678 
 0.096010 0.002002 0.098166 0.000684 
 0.096080 0.002078 0.098270 0.000712 
 0.096150 0.001902 0.098374 0.000712 
 0.096220 0.001992 0.098478 0.000644 
 0.096290 0.001944 0.098582 0.000688 
 0.096360 0.002060 0.098686 0.000616 
 0.096430 0.001938 0.098790 0.000620 
 0.096500 0.001978 0.098894 0.000592 
 0.096570 0.002062 0.098998 0.000512 
 0.096640 0.002032 0.099102 0.000496 
 0.096710 0.001910 0.099206 0.000480 
 0.096780 0.002062 0.099310 0.000482 
 0.096850 0.002006 0.099414 0.000364 
 0.096920 0.002064 0.099518 0.000430 
 0.096990 0.002022 0.099622 0.000356 
 0.097060 0.001944 0.099726 0.000344 
 0.097130 0.002076 0.099830 0.000298 
 0.097200 0.002064 0.099934 0.000144 
 0.097270 0.002012 0.100038 0.000112 
 0.097340 0.002260 0.100142 0.000096 
 0.097410 0.002086 0.100246 0.000080 
 0.097480 0.002044 0.100350 0.000092 
 0.097550 0.001978 0.100454 0.000092 
 0.097620 0.002086 0.100558 0.000040 
 0.097690 0.002158 0.100662 0.000066 
 0.097760 0.002036 0.100766 0.000072 
 0.097830 0.001952 0.100870 0.000062 
 0.097900 0.002046 0.100974 0.000066 
 0.097970 0.002084 0.101078 0.000046 
 0.098040 0.002144 0.101182 0.000042 
 0.098110 0.002040 0.101286 0.000050 
 0.098180 0.002102 0.101390 0.000036 
 0.098250 0.002112 0.101494 0.000026 
 0.098320 0.002034 0.101598 0.000034 
 0.098390 0.002078 0.101702 0.000028 
 0.098460 0.002008 0.101806 0.000036 
 0.098530 0.002050 0.101910 0.000040 
 0.098600 0.002066 0.102014 0.000024 
 0.098670 0.002140 0.102118 0.000018 
 0.098740 0.002146 0.102222 0.000036 
 0.098810 0.002186 0.102326 0.000014 
 0.098880 0.002054 0.102430 0.000018 
 0.098950 0.002110 0.102534 0.000028 
 0.099020 0.002134 0.102638 0.000018 
 0.099090 0.002180 0.102742 0.000016 
 0.099160 0.002056 0.102846 0.000010 
 0.099230 0.002186 0.102950 0.000014 
 0.099300 0.002164 0.103054 0.000010 
 0.099370 0.002200 0.103158 0.000008 
 0.099440 0.002166 0.103262 0.000010 
 0.099510 0.002200 0.103366 0.000006 
 0.099580 0.002008 0.103470 0.000006 
 0.099650 0.002158 0.103574 0.000002 
 0.099720 0.002108 0.103678 0.000006 
 0.099790 0.002054 0.103782 0.000002 
 0.099860 0.002122 0.103886 0.000002 
 0.099930 0.002106 0.103990 0.000004 
