#rbin[i] Nr[i] lbin[i] Nl[i]
 0.001206 0.000001 -4.937674 0.000001 
 0.001234 0.000000 -4.932706 0.000000 
 0.001263 0.000000 -4.927739 0.000000 
 0.001292 0.000000 -4.922771 0.000000 
 0.001321 0.000000 -4.917803 0.000000 
 0.001350 0.000000 -4.912836 0.000000 
 0.001378 0.000000 -4.907868 0.000000 
 0.001407 0.000000 -4.902900 0.000000 
 0.001436 0.000000 -4.897933 0.000000 
 0.001465 0.000000 -4.892965 0.000000 
 0.001494 0.000000 -4.887997 0.000000 
 0.001522 0.000000 -4.883029 0.000000 
 0.001551 0.000000 -4.878062 0.000000 
 0.001580 0.000000 -4.873094 0.000000 
 0.001609 0.000000 -4.868126 0.000000 
 0.001638 0.000000 -4.863159 0.000000 
 0.001666 0.000000 -4.858191 0.000000 
 0.001695 0.000000 -4.853224 0.000000 
 0.001724 0.000000 -4.848256 0.000000 
 0.001753 0.000001 -4.843288 0.000000 
 0.001782 0.000001 -4.838321 0.000000 
 0.001810 0.000001 -4.833353 0.000000 
 0.001839 0.000000 -4.828385 0.000000 
 0.001868 0.000000 -4.823418 0.000000 
 0.001897 0.000001 -4.818450 0.000000 
 0.001926 0.000000 -4.813482 0.000000 
 0.001954 0.000001 -4.808515 0.000000 
 0.001983 0.000001 -4.803547 0.000000 
 0.002012 0.000001 -4.798579 0.000000 
 0.002041 0.000000 -4.793612 0.000000 
 0.002069 0.000000 -4.788644 0.000000 
 0.002098 0.000001 -4.783676 0.000000 
 0.002127 0.000000 -4.778708 0.000000 
 0.002156 0.000000 -4.773741 0.000000 
 0.002185 0.000001 -4.768773 0.000000 
 0.002213 0.000001 -4.763805 0.000000 
 0.002242 0.000000 -4.758838 0.000000 
 0.002271 0.000003 -4.753870 0.000000 
 0.002300 0.000000 -4.748902 0.000000 
 0.002329 0.000000 -4.743935 0.000000 
 0.002357 0.000003 -4.738967 0.000000 
 0.002386 0.000003 -4.733999 0.000000 
 0.002415 0.000005 -4.729032 0.000000 
 0.002444 0.000004 -4.724064 0.000000 
 0.002473 0.000003 -4.719096 0.000000 
 0.002501 0.000000 -4.714128 0.000000 
 0.002530 0.000005 -4.709161 0.000000 
 0.002559 0.000000 -4.704193 0.000000 
 0.002588 0.000001 -4.699226 0.000000 
 0.002617 0.000003 -4.694258 0.000000 
 0.002645 0.000004 -4.689291 0.000000 
 0.002674 0.000004 -4.684323 0.000000 
 0.002703 0.000003 -4.679355 0.000000 
 0.002732 0.000011 -4.674387 0.000000 
 0.002761 0.000007 -4.669420 0.000000 
 0.002789 0.000001 -4.664452 0.000000 
 0.002818 0.000000 -4.659484 0.000000 
 0.002847 0.000015 -4.654517 0.000000 
 0.002876 0.000004 -4.649549 0.000000 
 0.002905 0.000008 -4.644581 0.000000 
 0.002933 0.000013 -4.639614 0.000000 
 0.002962 0.000005 -4.634646 0.000000 
 0.002991 0.000015 -4.629678 0.000000 
 0.003020 0.000012 -4.624711 0.000000 
 0.003049 0.000016 -4.619743 0.000000 
 0.003077 0.000017 -4.614775 0.000000 
 0.003106 0.000021 -4.609807 0.000000 
 0.003135 0.000012 -4.604840 0.000000 
 0.003164 0.000013 -4.599872 0.000000 
 0.003192 0.000017 -4.594904 0.000000 
 0.003221 0.000019 -4.589937 0.000000 
 0.003250 0.000021 -4.584969 0.000000 
 0.003279 0.000021 -4.580001 0.000000 
 0.003308 0.000036 -4.575034 0.000000 
 0.003336 0.000032 -4.570066 0.000000 
 0.003365 0.000029 -4.565098 0.000000 
 0.003394 0.000031 -4.560131 0.000000 
 0.003423 0.000028 -4.555163 0.000000 
 0.003452 0.000025 -4.550196 0.000000 
 0.003480 0.000031 -4.545228 0.000000 
 0.003509 0.000041 -4.540260 0.000000 
 0.003538 0.000025 -4.535293 0.000000 
 0.003567 0.000035 -4.530325 0.000000 
 0.003596 0.000027 -4.525357 0.000000 
 0.003624 0.000027 -4.520390 0.000000 
 0.003653 0.000028 -4.515422 0.000000 
 0.003682 0.000031 -4.510454 0.000000 
 0.003711 0.000027 -4.505486 0.000000 
 0.003740 0.000044 -4.500519 0.000000 
 0.003768 0.000024 -4.495551 0.000000 
 0.003797 0.000036 -4.490583 0.000000 
 0.003826 0.000023 -4.485616 0.000000 
 0.003855 0.000027 -4.480648 0.000000 
 0.003884 0.000033 -4.475680 0.000000 
 0.003912 0.000033 -4.470713 0.000000 
 0.003941 0.000019 -4.465745 0.000000 
 0.003970 0.000021 -4.460777 0.000000 
 0.003999 0.000033 -4.455810 0.000000 
 0.004028 0.000031 -4.450842 0.000000 
 0.004056 0.000028 -4.445874 0.000000 
 0.004085 0.000027 -4.440907 0.000000 
 0.004114 0.000035 -4.435939 0.000000 
 0.004143 0.000035 -4.430971 0.000000 
 0.004171 0.000033 -4.426003 0.000000 
 0.004200 0.000041 -4.421036 0.000000 
 0.004229 0.000048 -4.416068 0.000000 
 0.004258 0.000051 -4.411100 0.000000 
 0.004287 0.000049 -4.406133 0.000000 
 0.004315 0.000036 -4.401165 0.000000 
 0.004344 0.000044 -4.396197 0.000000 
 0.004373 0.000041 -4.391230 0.000000 
 0.004402 0.000045 -4.386262 0.000000 
 0.004431 0.000057 -4.381295 0.000000 
 0.004459 0.000057 -4.376327 0.000000 
 0.004488 0.000049 -4.371359 0.000000 
 0.004517 0.000057 -4.366392 0.000000 
 0.004546 0.000059 -4.361424 0.000000 
 0.004575 0.000049 -4.356456 0.000000 
 0.004603 0.000055 -4.351489 0.000000 
 0.004632 0.000057 -4.346521 0.000000 
 0.004661 0.000055 -4.341553 0.000000 
 0.004690 0.000059 -4.336586 0.000000 
 0.004719 0.000059 -4.331618 0.000000 
 0.004747 0.000077 -4.326650 0.000000 
 0.004776 0.000069 -4.321682 0.000000 
 0.004805 0.000061 -4.316715 0.000000 
 0.004834 0.000064 -4.311747 0.000000 
 0.004863 0.000072 -4.306779 0.000000 
 0.004891 0.000077 -4.301812 0.000000 
 0.004920 0.000068 -4.296844 0.000000 
 0.004949 0.000085 -4.291876 0.000000 
 0.004978 0.000083 -4.286909 0.000000 
 0.005007 0.000063 -4.281941 0.000000 
 0.005035 0.000080 -4.276973 0.000000 
 0.005064 0.000080 -4.272006 0.000000 
 0.005093 0.000089 -4.267038 0.000000 
 0.005122 0.000080 -4.262070 0.000000 
 0.005150 0.000092 -4.257102 0.000000 
 0.005179 0.000075 -4.252135 0.000000 
 0.005208 0.000099 -4.247168 0.000000 
 0.005237 0.000087 -4.242200 0.000000 
 0.005266 0.000079 -4.237232 0.000000 
 0.005294 0.000092 -4.232265 0.000000 
 0.005323 0.000089 -4.227297 0.000000 
 0.005352 0.000088 -4.222329 0.000000 
 0.005381 0.000101 -4.217361 0.000000 
 0.005410 0.000097 -4.212394 0.000000 
 0.005438 0.000095 -4.207426 0.000000 
 0.005467 0.000089 -4.202458 0.000000 
 0.005496 0.000088 -4.197491 0.000000 
 0.005525 0.000115 -4.192523 0.000000 
 0.005554 0.000107 -4.187555 0.000000 
 0.005582 0.000101 -4.182588 0.000000 
 0.005611 0.000117 -4.177620 0.000000 
 0.005640 0.000097 -4.172652 0.000000 
 0.005669 0.000117 -4.167685 0.000000 
 0.005698 0.000129 -4.162717 0.000000 
 0.005726 0.000115 -4.157749 0.000000 
 0.005755 0.000095 -4.152781 0.000000 
 0.005784 0.000112 -4.147814 0.000000 
 0.005813 0.000089 -4.142846 0.000000 
 0.005842 0.000107 -4.137878 0.000000 
 0.005870 0.000105 -4.132911 0.000000 
 0.005899 0.000104 -4.127943 0.000000 
 0.005928 0.000105 -4.122975 0.000000 
 0.005957 0.000133 -4.118008 0.000000 
 0.005986 0.000117 -4.113040 0.000000 
 0.006014 0.000084 -4.108072 0.000000 
 0.006043 0.000117 -4.103105 0.000000 
 0.006072 0.000103 -4.098137 0.000000 
 0.006101 0.000099 -4.093169 0.000000 
 0.006129 0.000127 -4.088202 0.000000 
 0.006158 0.000103 -4.083234 0.000000 
 0.006187 0.000113 -4.078267 0.000000 
 0.006216 0.000104 -4.073299 0.000000 
 0.006245 0.000121 -4.068331 0.000000 
 0.006273 0.000133 -4.063364 0.000000 
 0.006302 0.000107 -4.058396 0.000000 
 0.006331 0.000104 -4.053428 0.000000 
 0.006360 0.000119 -4.048460 0.000000 
 0.006389 0.000091 -4.043493 0.000000 
 0.006417 0.000121 -4.038525 0.000000 
 0.006446 0.000097 -4.033557 0.000000 
 0.006475 0.000107 -4.028590 0.000000 
 0.006504 0.000109 -4.023622 0.000000 
 0.006533 0.000115 -4.018654 0.000000 
 0.006561 0.000079 -4.013687 0.000000 
 0.006590 0.000085 -4.008719 0.000000 
 0.006619 0.000105 -4.003751 0.000000 
 0.006648 0.000100 -3.998784 0.000000 
 0.006677 0.000116 -3.993816 0.000000 
 0.006705 0.000120 -3.988848 0.000000 
 0.006734 0.000093 -3.983881 0.000000 
 0.006763 0.000093 -3.978913 0.000000 
 0.006792 0.000103 -3.973945 0.000000 
 0.006821 0.000101 -3.968977 0.000000 
 0.006849 0.000117 -3.964010 0.000000 
 0.006878 0.000123 -3.959042 0.000000 
 0.006907 0.000084 -3.954075 0.000000 
 0.006936 0.000087 -3.949107 0.000000 
 0.006965 0.000092 -3.944139 0.000000 
 0.006993 0.000109 -3.939172 0.000000 
 0.007022 0.000108 -3.934204 0.000000 
 0.007051 0.000096 -3.929236 0.000000 
 0.007080 0.000083 -3.924268 0.000000 
 0.007109 0.000107 -3.919301 0.000000 
 0.007137 0.000093 -3.914333 0.000000 
 0.007166 0.000093 -3.909366 0.000000 
 0.007195 0.000087 -3.904398 0.000000 
 0.007224 0.000092 -3.899430 0.000000 
 0.007252 0.000109 -3.894463 0.000000 
 0.007281 0.000095 -3.889495 0.000000 
 0.007310 0.000101 -3.884527 0.000000 
 0.007339 0.000085 -3.879560 0.000000 
 0.007368 0.000093 -3.874592 0.000000 
 0.007396 0.000081 -3.869624 0.000000 
 0.007425 0.000092 -3.864656 0.000000 
 0.007454 0.000105 -3.859689 0.000000 
 0.007483 0.000093 -3.854721 0.000000 
 0.007512 0.000093 -3.849753 0.000000 
 0.007540 0.000085 -3.844786 0.000000 
 0.007569 0.000097 -3.839818 0.000000 
 0.007598 0.000085 -3.834850 0.000000 
 0.007627 0.000088 -3.829883 0.000000 
 0.007656 0.000089 -3.824915 0.000000 
 0.007684 0.000071 -3.819947 0.000000 
 0.007713 0.000077 -3.814980 0.000000 
 0.007742 0.000084 -3.810012 0.000000 
 0.007771 0.000085 -3.805044 0.000000 
 0.007800 0.000101 -3.800077 0.000000 
 0.007828 0.000093 -3.795109 0.000000 
 0.007857 0.000092 -3.790141 0.000000 
 0.007886 0.000103 -3.785174 0.000000 
 0.007915 0.000089 -3.780206 0.000000 
 0.007944 0.000089 -3.775238 0.000000 
 0.007972 0.000087 -3.770271 0.000000 
 0.008001 0.000077 -3.765303 0.000000 
 0.008030 0.000087 -3.760335 0.000000 
 0.008059 0.000068 -3.755368 0.000000 
 0.008088 0.000088 -3.750400 0.000000 
 0.008116 0.000077 -3.745432 0.000000 
 0.008145 0.000092 -3.740465 0.000000 
 0.008174 0.000087 -3.735497 0.000000 
 0.008203 0.000097 -3.730529 0.000000 
 0.008231 0.000096 -3.725562 0.000000 
 0.008260 0.000085 -3.720594 0.000000 
 0.008289 0.000083 -3.715626 0.000000 
 0.008318 0.000087 -3.710659 0.000000 
 0.008347 0.000083 -3.705691 0.000000 
 0.008375 0.000095 -3.700723 0.000000 
 0.008404 0.000080 -3.695755 0.000000 
 0.008433 0.000067 -3.690788 0.000000 
 0.008462 0.000088 -3.685820 0.000000 
 0.008491 0.000069 -3.680852 0.000000 
 0.008519 0.000079 -3.675885 0.000000 
 0.008548 0.000088 -3.670917 0.000000 
 0.008577 0.000081 -3.665949 0.000000 
 0.008606 0.000084 -3.660982 0.000000 
 0.008635 0.000077 -3.656014 0.000000 
 0.008663 0.000060 -3.651046 0.000000 
 0.008692 0.000092 -3.646079 0.000000 
 0.008721 0.000096 -3.641111 0.000000 
 0.008750 0.000099 -3.636143 0.000000 
 0.008779 0.000079 -3.631176 0.000000 
 0.008807 0.000105 -3.626208 0.000000 
 0.008836 0.000093 -3.621240 0.000000 
 0.008865 0.000071 -3.616273 0.000001 
 0.008894 0.000091 -3.611305 0.000000 
 0.008923 0.000097 -3.606338 0.000000 
 0.008951 0.000083 -3.601370 0.000000 
 0.008980 0.000084 -3.596402 0.000000 
 0.009009 0.000071 -3.591434 0.000000 
 0.009038 0.000084 -3.586467 0.000000 
 0.009067 0.000088 -3.581499 0.000000 
 0.009095 0.000091 -3.576531 0.000000 
 0.009124 0.000079 -3.571564 0.000000 
 0.009153 0.000100 -3.566596 0.000000 
 0.009182 0.000092 -3.561628 0.000000 
 0.009210 0.000089 -3.556661 0.000000 
 0.009239 0.000083 -3.551693 0.000000 
 0.009268 0.000084 -3.546725 0.000000 
 0.009297 0.000104 -3.541758 0.000000 
 0.009326 0.000076 -3.536790 0.000000 
 0.009354 0.000111 -3.531822 0.000000 
 0.009383 0.000093 -3.526855 0.000000 
 0.009412 0.000087 -3.521887 0.000000 
 0.009441 0.000080 -3.516919 0.000000 
 0.009470 0.000097 -3.511951 0.000000 
 0.009498 0.000101 -3.506984 0.000000 
 0.009527 0.000081 -3.502016 0.000000 
 0.009556 0.000099 -3.497048 0.000000 
 0.009585 0.000091 -3.492081 0.000000 
 0.009614 0.000097 -3.487113 0.000000 
 0.009642 0.000091 -3.482146 0.000000 
 0.009671 0.000093 -3.477178 0.000000 
 0.009700 0.000092 -3.472210 0.000000 
 0.009729 0.000080 -3.467242 0.000000 
 0.009758 0.000076 -3.462275 0.000000 
 0.009786 0.000100 -3.457307 0.000000 
 0.009815 0.000064 -3.452340 0.000000 
 0.009844 0.000069 -3.447372 0.000000 
 0.009873 0.000095 -3.442404 0.000000 
 0.009902 0.000065 -3.437437 0.000000 
 0.009930 0.000065 -3.432469 0.000000 
 0.009959 0.000089 -3.427501 0.000000 
 0.009988 0.000071 -3.422534 0.000000 
 0.010017 0.000057 -3.417566 0.000000 
 0.010046 0.000048 -3.412598 0.000000 
 0.010074 0.000051 -3.407630 0.000000 
 0.010103 0.000065 -3.402663 0.000000 
 0.010132 0.000060 -3.397695 0.000000 
 0.010161 0.000065 -3.392727 0.000000 
 0.010189 0.000047 -3.387760 0.000000 
 0.010218 0.000060 -3.382792 0.000000 
 0.010247 0.000049 -3.377824 0.000000 
 0.010276 0.000047 -3.372857 0.000000 
 0.010305 0.000048 -3.367889 0.000000 
 0.010333 0.000051 -3.362921 0.000000 
 0.010362 0.000051 -3.357954 0.000000 
 0.010391 0.000053 -3.352986 0.000000 
 0.010420 0.000049 -3.348018 0.000000 
 0.010449 0.000051 -3.343050 0.000000 
 0.010477 0.000047 -3.338083 0.000000 
 0.010506 0.000047 -3.333115 0.000000 
 0.010535 0.000045 -3.328148 0.000000 
 0.010564 0.000055 -3.323180 0.000000 
 0.010593 0.000031 -3.318212 0.000000 
 0.010621 0.000060 -3.313245 0.000000 
 0.010650 0.000056 -3.308277 0.000000 
 0.010679 0.000064 -3.303309 0.000000 
 0.010708 0.000056 -3.298342 0.000000 
 0.010737 0.000065 -3.293374 0.000000 
 0.010765 0.000057 -3.288406 0.000000 
 0.010794 0.000051 -3.283439 0.000000 
 0.010823 0.000049 -3.278471 0.000000 
 0.010852 0.000044 -3.273503 0.000000 
 0.010881 0.000040 -3.268536 0.000000 
 0.010909 0.000049 -3.263568 0.000000 
 0.010938 0.000059 -3.258600 0.000000 
 0.010967 0.000049 -3.253633 0.000000 
 0.010996 0.000043 -3.248665 0.000000 
 0.011025 0.000051 -3.243697 0.000000 
 0.011053 0.000067 -3.238729 0.000000 
 0.011082 0.000048 -3.233762 0.000000 
 0.011111 0.000057 -3.228794 0.000000 
 0.011140 0.000059 -3.223826 0.000000 
 0.011169 0.000052 -3.218859 0.000000 
 0.011197 0.000049 -3.213891 0.000000 
 0.011226 0.000037 -3.208923 0.000000 
 0.011255 0.000068 -3.203956 0.000000 
 0.011284 0.000056 -3.198988 0.000000 
 0.011312 0.000051 -3.194020 0.000000 
 0.011341 0.000052 -3.189053 0.000000 
 0.011370 0.000051 -3.184085 0.000000 
 0.011399 0.000044 -3.179117 0.000000 
 0.011428 0.000048 -3.174150 0.000000 
 0.011456 0.000039 -3.169182 0.000000 
 0.011485 0.000035 -3.164214 0.000000 
 0.011514 0.000051 -3.159247 0.000000 
 0.011543 0.000032 -3.154279 0.000000 
 0.011572 0.000044 -3.149311 0.000000 
 0.011600 0.000032 -3.144344 0.000000 
 0.011629 0.000035 -3.139376 0.000000 
 0.011658 0.000024 -3.134408 0.000000 
 0.011687 0.000023 -3.129441 0.000000 
 0.011716 0.000027 -3.124473 0.000000 
 0.011744 0.000024 -3.119505 0.000000 
 0.011773 0.000017 -3.114538 0.000000 
 0.011802 0.000019 -3.109570 0.000000 
 0.011831 0.000019 -3.104602 0.000000 
 0.011860 0.000025 -3.099635 0.000000 
 0.011888 0.000021 -3.094667 0.000000 
 0.011917 0.000019 -3.089699 0.000000 
 0.011946 0.000017 -3.084732 0.000000 
 0.011975 0.000024 -3.079764 0.000000 
 0.012004 0.000008 -3.074796 0.000000 
 0.012032 0.000020 -3.069829 0.000000 
 0.012061 0.000023 -3.064861 0.000000 
 0.012090 0.000016 -3.059893 0.000000 
 0.012119 0.000015 -3.054925 0.000000 
 0.012148 0.000023 -3.049958 0.000000 
 0.012176 0.000012 -3.044990 0.000000 
 0.012205 0.000008 -3.040022 0.000000 
 0.012234 0.000019 -3.035055 0.000000 
 0.012263 0.000015 -3.030087 0.000000 
 0.012291 0.000011 -3.025120 0.000000 
 0.012320 0.000015 -3.020152 0.000000 
 0.012349 0.000012 -3.015184 0.000000 
 0.012378 0.000009 -3.010216 0.000000 
 0.012407 0.000013 -3.005249 0.000000 
 0.012435 0.000008 -3.000281 0.000000 
 0.012464 0.000012 -2.995313 0.000000 
 0.012493 0.000020 -2.990346 0.000000 
 0.012522 0.000011 -2.985378 0.000000 
 0.012551 0.000008 -2.980411 0.000000 
 0.012579 0.000012 -2.975443 0.000000 
 0.012608 0.000015 -2.970475 0.000000 
 0.012637 0.000008 -2.965508 0.000000 
 0.012666 0.000012 -2.960540 0.000000 
 0.012695 0.000012 -2.955572 0.000000 
 0.012723 0.000011 -2.950604 0.000000 
 0.012752 0.000011 -2.945637 0.000000 
 0.012781 0.000012 -2.940669 0.000000 
 0.012810 0.000011 -2.935701 0.000000 
 0.012839 0.000009 -2.930734 0.000000 
 0.012867 0.000011 -2.925766 0.000000 
 0.012896 0.000009 -2.920798 0.000000 
 0.012925 0.000009 -2.915831 0.000000 
 0.012954 0.000011 -2.910863 0.000000 
 0.012983 0.000008 -2.905895 0.000000 
 0.013011 0.000011 -2.900928 0.000000 
 0.013040 0.000005 -2.895960 0.000000 
 0.013069 0.000013 -2.890992 0.000000 
 0.013098 0.000005 -2.886025 0.000000 
 0.013127 0.000012 -2.881057 0.000000 
 0.013155 0.000007 -2.876089 0.000000 
 0.013184 0.000009 -2.871122 0.000000 
 0.013213 0.000008 -2.866154 0.000000 
 0.013242 0.000008 -2.861186 0.000000 
 0.013270 0.000005 -2.856219 0.000000 
 0.013299 0.000007 -2.851251 0.000000 
 0.013328 0.000007 -2.846283 0.000000 
 0.013357 0.000015 -2.841316 0.000000 
 0.013386 0.000007 -2.836348 0.000000 
 0.013414 0.000004 -2.831380 0.000000 
 0.013443 0.000007 -2.826412 0.000001 
 0.013472 0.000005 -2.821445 0.000000 
 0.013501 0.000015 -2.816477 0.000000 
 0.013530 0.000004 -2.811510 0.000000 
 0.013558 0.000009 -2.806542 0.000000 
 0.013587 0.000005 -2.801574 0.000000 
 0.013616 0.000003 -2.796607 0.000000 
 0.013645 0.000009 -2.791639 0.000000 
 0.013674 0.000009 -2.786671 0.000000 
 0.013702 0.000007 -2.781703 0.000000 
 0.013731 0.000005 -2.776736 0.000000 
 0.013760 0.000003 -2.771768 0.000000 
 0.013789 0.000005 -2.766800 0.000000 
 0.013818 0.000005 -2.761833 0.000000 
 0.013846 0.000012 -2.756865 0.000000 
 0.013875 0.000007 -2.751897 0.000000 
 0.013904 0.000005 -2.746930 0.000000 
 0.013933 0.000001 -2.741962 0.000000 
 0.013962 0.000008 -2.736995 0.000000 
 0.013990 0.000008 -2.732027 0.000000 
 0.014019 0.000007 -2.727059 0.000000 
 0.014048 0.000007 -2.722091 0.000000 
 0.014077 0.000003 -2.717124 0.000000 
 0.014106 0.000004 -2.712156 0.000000 
 0.014134 0.000004 -2.707188 0.000000 
 0.014163 0.000007 -2.702221 0.000000 
 0.014192 0.000009 -2.697253 0.000000 
 0.014221 0.000003 -2.692285 0.000000 
 0.014249 0.000005 -2.687318 0.000000 
 0.014278 0.000003 -2.682350 0.000000 
 0.014307 0.000005 -2.677382 0.000000 
 0.014336 0.000003 -2.672415 0.000000 
 0.014365 0.000004 -2.667447 0.000000 
 0.014393 0.000005 -2.662479 0.000000 
 0.014422 0.000005 -2.657512 0.000000 
 0.014451 0.000005 -2.652544 0.000000 
 0.014480 0.000007 -2.647576 0.000000 
 0.014509 0.000004 -2.642609 0.000000 
 0.014537 0.000005 -2.637641 0.000000 
 0.014566 0.000007 -2.632673 0.000000 
 0.014595 0.000011 -2.627706 0.000000 
 0.014624 0.000005 -2.622738 0.000000 
 0.014653 0.000009 -2.617770 0.000000 
 0.014681 0.000009 -2.612803 0.000000 
 0.014710 0.000015 -2.607835 0.000000 
 0.014739 0.000016 -2.602867 0.000000 
 0.014768 0.000015 -2.597899 0.000000 
 0.014797 0.000025 -2.592932 0.000000 
 0.014825 0.000032 -2.587964 0.000000 
 0.014854 0.000032 -2.582997 0.000000 
 0.014883 0.000040 -2.578029 0.000000 
 0.014912 0.000063 -2.573061 0.000000 
 0.014941 0.000064 -2.568094 0.000000 
 0.014969 0.000085 -2.563126 0.000000 
 0.014998 0.000087 -2.558158 0.000000 
 0.015027 0.000115 -2.553190 0.000000 
 0.015056 0.000141 -2.548223 0.000000 
 0.015085 0.000197 -2.543255 0.000000 
 0.015113 0.000203 -2.538287 0.000000 
 0.015142 0.000276 -2.533320 0.000000 
 0.015171 0.000339 -2.528352 0.000000 
 0.015200 0.000335 -2.523384 0.000000 
 0.015229 0.000429 -2.518417 0.000000 
 0.015257 0.000497 -2.513449 0.000000 
 0.015286 0.000648 -2.508482 0.000000 
 0.015315 0.000775 -2.503514 0.000000 
 0.015344 0.000832 -2.498546 0.000000 
 0.015372 0.000984 -2.493578 0.000000 
 0.015401 0.001148 -2.488611 0.000000 
 0.015430 0.001399 -2.483643 0.000000 
 0.015459 0.001545 -2.478675 0.000000 
 0.015488 0.001787 -2.473708 0.000000 
 0.015516 0.002069 -2.468740 0.000000 
 0.015545 0.002447 -2.463772 0.000000 
 0.015574 0.002747 -2.458805 0.000000 
 0.015603 0.003187 -2.453837 0.000000 
 0.015632 0.003432 -2.448869 0.000000 
 0.015660 0.003931 -2.443902 0.000000 
 0.015689 0.004482 -2.438934 0.000000 
 0.015718 0.005129 -2.433966 0.000000 
 0.015747 0.005732 -2.428999 0.000000 
 0.015776 0.006340 -2.424031 0.000000 
 0.015804 0.007320 -2.419063 0.000000 
 0.015833 0.008113 -2.414096 0.000000 
 0.015862 0.008916 -2.409128 0.000000 
 0.015891 0.010000 -2.404160 0.000000 
 0.015920 0.010930 -2.399193 0.000000 
 0.015948 0.011837 -2.394225 0.000000 
 0.015977 0.012994 -2.389257 0.000000 
 0.016006 0.013793 -2.384290 0.000000 
 0.016035 0.015195 -2.379322 0.000000 
 0.016064 0.015586 -2.374354 0.000000 
 0.016092 0.016566 -2.369386 0.000000 
 0.016121 0.017405 -2.364419 0.000000 
 0.016150 0.017959 -2.359451 0.000000 
 0.016179 0.018693 -2.354484 0.000000 
 0.016208 0.019018 -2.349516 0.000000 
 0.016236 0.019171 -2.344548 0.000000 
 0.016265 0.019327 -2.339581 0.000000 
 0.016294 0.019179 -2.334613 0.000000 
 0.016323 0.019179 -2.329645 0.000000 
 0.016351 0.018599 -2.324677 0.000000 
 0.016380 0.018437 -2.319710 0.000000 
 0.016409 0.018306 -2.314742 0.000000 
 0.016438 0.017915 -2.309774 0.000000 
 0.016467 0.017523 -2.304807 0.000000 
 0.016495 0.017283 -2.299839 0.000000 
 0.016524 0.017234 -2.294871 0.000000 
 0.016553 0.017607 -2.289904 0.000000 
 0.016582 0.017573 -2.284936 0.000000 
 0.016611 0.017861 -2.279968 0.000000 
 0.016639 0.018297 -2.275001 0.000000 
 0.016668 0.018110 -2.270033 0.000000 
 0.016697 0.018694 -2.265065 0.000000 
 0.016726 0.018527 -2.260098 0.000000 
 0.016755 0.018503 -2.255130 0.000000 
 0.016783 0.018721 -2.250162 0.000000 
 0.016812 0.018931 -2.245195 0.000000 
 0.016841 0.019109 -2.240227 0.000000 
 0.016870 0.019410 -2.235259 0.000000 
 0.016899 0.019561 -2.230292 0.000000 
 0.016927 0.019361 -2.225324 0.000000 
 0.016956 0.019375 -2.220356 0.000000 
 0.016985 0.019137 -2.215389 0.000000 
 0.017014 0.018746 -2.210421 0.000000 
 0.017043 0.018353 -2.205453 0.000000 
 0.017071 0.017722 -2.200486 0.000000 
 0.017100 0.017155 -2.195518 0.000000 
 0.017129 0.015922 -2.190550 0.000000 
 0.017158 0.014917 -2.185583 0.000000 
 0.017187 0.013877 -2.180615 0.000000 
 0.017215 0.012562 -2.175647 0.000000 
 0.017244 0.011430 -2.170680 0.000000 
 0.017273 0.010128 -2.165712 0.000000 
 0.017302 0.009038 -2.160744 0.000000 
 0.017330 0.007960 -2.155777 0.000000 
 0.017359 0.007301 -2.150809 0.000000 
 0.017388 0.006460 -2.145841 0.000000 
 0.017417 0.005698 -2.140873 0.000000 
 0.017446 0.004976 -2.135906 0.000000 
 0.017474 0.004296 -2.130938 0.000000 
 0.017503 0.003775 -2.125970 0.000000 
 0.017532 0.003319 -2.121003 0.000000 
 0.017561 0.002779 -2.116035 0.000000 
 0.017590 0.002385 -2.111068 0.000000 
 0.017618 0.001947 -2.106100 0.000000 
 0.017647 0.001661 -2.101132 0.000000 
 0.017676 0.001433 -2.096164 0.000000 
 0.017705 0.001217 -2.091197 0.000000 
 0.017734 0.000975 -2.086229 0.000000 
 0.017762 0.000809 -2.081261 0.000000 
 0.017791 0.000645 -2.076294 0.000000 
 0.017820 0.000571 -2.071326 0.000000 
 0.017849 0.000425 -2.066358 0.000000 
 0.017878 0.000357 -2.061391 0.000000 
 0.017906 0.000244 -2.056423 0.000000 
 0.017935 0.000216 -2.051455 0.000000 
 0.017964 0.000156 -2.046488 0.000000 
 0.017993 0.000137 -2.041520 0.000000 
 0.018022 0.000101 -2.036552 0.000000 
 0.018050 0.000072 -2.031585 0.000000 
 0.018079 0.000068 -2.026617 0.000000 
 0.018108 0.000047 -2.021649 0.000000 
 0.018137 0.000023 -2.016682 0.000000 
 0.018166 0.000028 -2.011714 0.000000 
 0.018194 0.000020 -2.006746 0.000000 
 0.018223 0.000017 -2.001779 0.000000 
 0.018252 0.000011 -1.996811 0.000000 
 0.018281 0.000009 -1.991843 0.000000 
 0.018309 0.000005 -1.986876 0.000000 
 0.018338 0.000004 -1.981908 0.000000 
 0.018367 0.000003 -1.976940 0.000000 
 0.018396 0.000007 -1.971972 0.000000 
 0.018425 0.000003 -1.967005 0.000000 
 0.018453 0.000000 -1.962037 0.000000 
 0.018482 0.000003 -1.957070 0.000000 
 0.018511 0.000001 -1.952102 0.000000 
 0.018540 0.000000 -1.947134 0.000000 
 0.018569 0.000000 -1.942167 0.000000 
 0.018597 0.000003 -1.937199 0.000000 
 0.018626 0.000000 -1.932231 0.000000 
 0.018655 0.000000 -1.927263 0.000000 
 0.018684 0.000000 -1.922296 0.000000 
 0.018713 0.000000 -1.917328 0.000000 
 0.018741 0.000001 -1.912360 0.000000 
 0.018770 0.000004 -1.907393 0.000000 
 0.018799 0.000000 -1.902425 0.000000 
 0.018828 0.000000 -1.897457 0.000000 
 0.018857 0.000001 -1.892490 0.000000 
 0.018885 0.000000 -1.887522 0.000000 
 0.018914 0.000000 -1.882555 0.000000 
 0.018943 0.000000 -1.877587 0.000000 
 0.018972 0.000000 -1.872619 0.000000 
 0.019001 0.000000 -1.867651 0.000000 
 0.019029 0.000000 -1.862684 0.000000 
 0.019058 0.000000 -1.857716 0.000000 
 0.019087 0.000000 -1.852748 0.000000 
 0.019116 0.000001 -1.847781 0.000000 
 0.019145 0.000000 -1.842813 0.000000 
 0.019173 0.000000 -1.837845 0.000000 
 0.019202 0.000001 -1.832878 0.000000 
 0.019231 0.000000 -1.827910 0.000000 
 0.019260 0.000001 -1.822942 0.000000 
 0.019289 0.000000 -1.817975 0.000000 
 0.019317 0.000000 -1.813007 0.000000 
 0.019346 0.000000 -1.808039 0.000000 
 0.019375 0.000000 -1.803072 0.000000 
 0.019404 0.000000 -1.798104 0.000000 
 0.019432 0.000000 -1.793136 0.000000 
 0.019461 0.000000 -1.788169 0.000000 
 0.019490 0.000000 -1.783201 0.000000 
 0.019519 0.000000 -1.778233 0.000000 
 0.019548 0.000001 -1.773266 0.000000 
 0.019576 0.000001 -1.768298 0.000000 
 0.019605 0.000001 -1.763330 0.000000 
 0.019634 0.000000 -1.758363 0.000000 
 0.019663 0.000000 -1.753395 0.000000 
 0.019692 0.000000 -1.748427 0.000000 
 0.019720 0.000000 -1.743459 0.000000 
 0.019749 0.000000 -1.738492 0.000000 
 0.019778 0.000000 -1.733524 0.000000 
 0.019807 0.000000 -1.728557 0.000000 
 0.019836 0.000001 -1.723589 0.000000 
 0.019864 0.000000 -1.718621 0.000000 
 0.019893 0.000000 -1.713654 0.000000 
 0.019922 0.000000 -1.708686 0.000000 
 0.019951 0.000000 -1.703718 0.000000 
 0.019980 0.000000 -1.698750 0.000000 
 0.020008 0.000001 -1.693783 0.000000 
 0.020037 0.000000 -1.688815 0.000000 
 0.020066 0.000000 -1.683847 0.000000 
 0.020095 0.000000 -1.678880 0.000000 
 0.020124 0.000000 -1.673912 0.000000 
 0.020152 0.000000 -1.668944 0.000000 
 0.020181 0.000000 -1.663977 0.000000 
 0.020210 0.000001 -1.659009 0.000000 
 0.020239 0.000000 -1.654042 0.000000 
 0.020268 0.000000 -1.649074 0.000000 
 0.020296 0.000000 -1.644106 0.000000 
 0.020325 0.000001 -1.639138 0.000000 
 0.020354 0.000000 -1.634171 0.000000 
 0.020383 0.000000 -1.629203 0.000000 
 0.020411 0.000000 -1.624235 0.000000 
 0.020440 0.000000 -1.619268 0.000000 
 0.020469 0.000000 -1.614300 0.000000 
 0.020498 0.000001 -1.609332 0.000000 
 0.020527 0.000001 -1.604365 0.000000 
 0.020555 0.000000 -1.599397 0.000000 
 0.020584 0.000000 -1.594429 0.000000 
 0.020613 0.000000 -1.589462 0.000000 
 0.020642 0.000000 -1.584494 0.000000 
 0.020671 0.000000 -1.579526 0.000000 
 0.020699 0.000000 -1.574559 0.000000 
 0.020728 0.000000 -1.569591 0.000000 
 0.020757 0.000000 -1.564623 0.000000 
 0.020786 0.000000 -1.559656 0.000000 
 0.020815 0.000001 -1.554688 0.000000 
 0.020843 0.000000 -1.549720 0.000000 
 0.020872 0.000000 -1.544753 0.000000 
 0.020901 0.000000 -1.539785 0.000000 
 0.020930 0.000000 -1.534817 0.000000 
 0.020959 0.000000 -1.529850 0.000000 
 0.020987 0.000001 -1.524882 0.000000 
 0.021016 0.000000 -1.519914 0.000000 
 0.021045 0.000001 -1.514946 0.000000 
 0.021074 0.000000 -1.509979 0.000000 
 0.021103 0.000000 -1.505011 0.000000 
 0.021131 0.000001 -1.500044 0.000000 
 0.021160 0.000000 -1.495076 0.000000 
 0.021189 0.000000 -1.490108 0.000000 
 0.021218 0.000001 -1.485141 0.000000 
 0.021247 0.000000 -1.480173 0.000000 
 0.021275 0.000000 -1.475205 0.000000 
 0.021304 0.000000 -1.470237 0.000000 
 0.021333 0.000000 -1.465270 0.000000 
 0.021362 0.000000 -1.460302 0.000000 
 0.021390 0.000000 -1.455334 0.000000 
 0.021419 0.000000 -1.450367 0.000000 
 0.021448 0.000000 -1.445399 0.000000 
 0.021477 0.000000 -1.440431 0.000000 
 0.021506 0.000000 -1.435464 0.000000 
 0.021534 0.000000 -1.430496 0.000000 
 0.021563 0.000000 -1.425529 0.000000 
 0.021592 0.000000 -1.420561 0.000000 
 0.021621 0.000000 -1.415593 0.000000 
 0.021650 0.000000 -1.410625 0.000000 
 0.021678 0.000000 -1.405658 0.000000 
 0.021707 0.000000 -1.400690 0.000000 
 0.021736 0.000000 -1.395722 0.000000 
 0.021765 0.000000 -1.390755 0.000000 
 0.021794 0.000000 -1.385787 0.000000 
 0.021822 0.000000 -1.380819 0.000000 
 0.021851 0.000000 -1.375852 0.000000 
 0.021880 0.000001 -1.370884 0.000000 
 0.021909 0.000000 -1.365916 0.000000 
 0.021938 0.000000 -1.360949 0.000000 
 0.021966 0.000000 -1.355981 0.000000 
 0.021995 0.000000 -1.351013 0.000000 
 0.022024 0.000000 -1.346046 0.000000 
 0.022053 0.000001 -1.341078 0.000000 
 0.022082 0.000000 -1.336110 0.000000 
 0.022110 0.000000 -1.331143 0.000000 
 0.022139 0.000001 -1.326175 0.000000 
 0.022168 0.000000 -1.321207 0.000000 
 0.022197 0.000000 -1.316240 0.000000 
 0.022226 0.000000 -1.311272 0.000000 
 0.022254 0.000000 -1.306304 0.000000 
 0.022283 0.000000 -1.301337 0.000000 
 0.022312 0.000000 -1.296369 0.000000 
 0.022341 0.000000 -1.291401 0.000000 
 0.022370 0.000000 -1.286433 0.000000 
 0.022398 0.000000 -1.281466 0.000000 
 0.022427 0.000000 -1.276498 0.000000 
 0.022456 0.000000 -1.271531 0.000000 
 0.022485 0.000000 -1.266563 0.000000 
 0.022513 0.000001 -1.261595 0.000000 
 0.022542 0.000000 -1.256628 0.000000 
 0.022571 0.000000 -1.251660 0.000000 
 0.022600 0.000000 -1.246692 0.000000 
 0.022629 0.000001 -1.241724 0.000000 
 0.022657 0.000000 -1.236757 0.000000 
 0.022686 0.000000 -1.231789 0.000000 
 0.022715 0.000000 -1.226821 0.000000 
 0.022744 0.000001 -1.221854 0.000000 
 0.022773 0.000000 -1.216886 0.000000 
 0.022801 0.000000 -1.211918 0.000000 
 0.022830 0.000000 -1.206951 0.000000 
 0.022859 0.000001 -1.201983 0.000000 
 0.022888 0.000000 -1.197016 0.000000 
 0.022917 0.000000 -1.192048 0.000000 
 0.022945 0.000000 -1.187080 0.000000 
 0.022974 0.000000 -1.182112 0.000000 
 0.023003 0.000000 -1.177145 0.000000 
 0.023032 0.000001 -1.172177 0.000000 
 0.023061 0.000000 -1.167209 0.000000 
 0.023089 0.000000 -1.162242 0.000000 
 0.023118 0.000000 -1.157274 0.000000 
 0.023147 0.000001 -1.152306 0.000000 
 0.023176 0.000000 -1.147339 0.000000 
 0.023205 0.000000 -1.142371 0.000000 
 0.023233 0.000000 -1.137403 0.000000 
 0.023262 0.000000 -1.132436 0.000000 
 0.023291 0.000000 -1.127468 0.000000 
 0.023320 0.000000 -1.122500 0.000000 
 0.023349 0.000000 -1.117533 0.000000 
 0.023377 0.000000 -1.112565 0.000000 
 0.023406 0.000000 -1.107597 0.000000 
 0.023435 0.000000 -1.102630 0.000000 
 0.023464 0.000000 -1.097662 0.000000 
 0.023492 0.000000 -1.092694 0.000000 
 0.023521 0.000000 -1.087727 0.000000 
 0.023550 0.000000 -1.082759 0.000000 
 0.023579 0.000000 -1.077791 0.000000 
 0.023608 0.000001 -1.072824 0.000000 
 0.023636 0.000000 -1.067856 0.000000 
 0.023665 0.000000 -1.062888 0.000000 
 0.023694 0.000000 -1.057920 0.000000 
 0.023723 0.000000 -1.052953 0.000000 
 0.023752 0.000000 -1.047985 0.000000 
 0.023780 0.000000 -1.043018 0.000000 
 0.023809 0.000000 -1.038050 0.000000 
 0.023838 0.000000 -1.033082 0.000001 
 0.023867 0.000000 -1.028115 0.000000 
 0.023896 0.000000 -1.023147 0.000000 
 0.023924 0.000000 -1.018179 0.000000 
 0.023953 0.000000 -1.013211 0.000000 
 0.023982 0.000000 -1.008244 0.000000 
 0.024011 0.000000 -1.003276 0.000000 
 0.024040 0.000000 -0.998308 0.000000 
 0.024068 0.000000 -0.993341 0.000000 
 0.024097 0.000000 -0.988373 0.000000 
 0.024126 0.000000 -0.983405 0.000000 
 0.024155 0.000000 -0.978438 0.000000 
 0.024184 0.000000 -0.973470 0.000000 
 0.024212 0.000000 -0.968502 0.000000 
 0.024241 0.000000 -0.963535 0.000000 
 0.024270 0.000000 -0.958567 0.000000 
 0.024299 0.000000 -0.953599 0.000000 
 0.024328 0.000000 -0.948632 0.000000 
 0.024356 0.000000 -0.943664 0.000000 
 0.024385 0.000000 -0.938696 0.000000 
 0.024414 0.000000 -0.933729 0.000000 
 0.024443 0.000000 -0.928761 0.000000 
 0.024471 0.000000 -0.923793 0.000000 
 0.024500 0.000000 -0.918826 0.000000 
 0.024529 0.000000 -0.913858 0.000000 
 0.024558 0.000000 -0.908890 0.000000 
 0.024587 0.000000 -0.903923 0.000000 
 0.024615 0.000000 -0.898955 0.000000 
 0.024644 0.000000 -0.893987 0.000000 
 0.024673 0.000000 -0.889019 0.000000 
 0.024702 0.000000 -0.884052 0.000000 
 0.024731 0.000000 -0.879084 0.000000 
 0.024759 0.000000 -0.874116 0.000000 
 0.024788 0.000000 -0.869149 0.000000 
 0.024817 0.000000 -0.864181 0.000000 
 0.024846 0.000000 -0.859213 0.000000 
 0.024875 0.000000 -0.854246 0.000000 
 0.024903 0.000000 -0.849278 0.000000 
 0.024932 0.000000 -0.844311 0.000000 
 0.024961 0.000000 -0.839343 0.000000 
 0.024990 0.000000 -0.834375 0.000000 
 0.025019 0.000000 -0.829408 0.000000 
 0.025047 0.000000 -0.824440 0.000000 
 0.025076 0.000000 -0.819472 0.000000 
 0.025105 0.000000 -0.814505 0.000000 
 0.025134 0.000000 -0.809537 0.000000 
 0.025163 0.000000 -0.804569 0.000000 
 0.025191 0.000000 -0.799602 0.000000 
 0.025220 0.000000 -0.794634 0.000000 
 0.025249 0.000000 -0.789666 0.000000 
 0.025278 0.000000 -0.784698 0.000000 
 0.025307 0.000000 -0.779731 0.000000 
 0.025335 0.000000 -0.774763 0.000000 
 0.025364 0.000000 -0.769795 0.000000 
 0.025393 0.000000 -0.764828 0.000000 
 0.025422 0.000000 -0.759860 0.000000 
 0.025450 0.000000 -0.754892 0.000000 
 0.025479 0.000000 -0.749925 0.000000 
 0.025508 0.000000 -0.744957 0.000000 
 0.025537 0.000000 -0.739989 0.000000 
 0.025566 0.000000 -0.735022 0.000000 
 0.025594 0.000000 -0.730054 0.000000 
 0.025623 0.000000 -0.725086 0.000000 
 0.025652 0.000000 -0.720119 0.000000 
 0.025681 0.000000 -0.715151 0.000000 
 0.025710 0.000000 -0.710183 0.000000 
 0.025738 0.000000 -0.705215 0.000000 
 0.025767 0.000000 -0.700248 0.000000 
 0.025796 0.000000 -0.695281 0.000000 
 0.025825 0.000000 -0.690313 0.000000 
 0.025854 0.000000 -0.685345 0.000000 
 0.025882 0.000000 -0.680377 0.000000 
 0.025911 0.000000 -0.675410 0.000000 
 0.025940 0.000000 -0.670442 0.000000 
 0.025969 0.000000 -0.665474 0.000000 
 0.025998 0.000000 -0.660507 0.000000 
 0.026026 0.000000 -0.655539 0.000000 
 0.026055 0.000000 -0.650571 0.000000 
 0.026084 0.000000 -0.645604 0.000000 
 0.026113 0.000000 -0.640636 0.000000 
 0.026142 0.000000 -0.635668 0.000000 
 0.026170 0.000000 -0.630701 0.000000 
 0.026199 0.000000 -0.625733 0.000000 
 0.026228 0.000000 -0.620765 0.000000 
 0.026257 0.000000 -0.615798 0.000000 
 0.026286 0.000000 -0.610830 0.000001 
 0.026314 0.000000 -0.605862 0.000000 
 0.026343 0.000000 -0.600894 0.000000 
 0.026372 0.000000 -0.595927 0.000000 
 0.026401 0.000000 -0.590959 0.000000 
 0.026430 0.000000 -0.585991 0.000000 
 0.026458 0.000000 -0.581024 0.000000 
 0.026487 0.000000 -0.576056 0.000000 
 0.026516 0.000000 -0.571088 0.000000 
 0.026545 0.000000 -0.566121 0.000000 
 0.026573 0.000000 -0.561153 0.000000 
 0.026602 0.000000 -0.556185 0.000000 
 0.026631 0.000000 -0.551218 0.000000 
 0.026660 0.000000 -0.546250 0.000000 
 0.026689 0.000000 -0.541283 0.000000 
 0.026717 0.000000 -0.536315 0.000000 
 0.026746 0.000000 -0.531347 0.000000 
 0.026775 0.000000 -0.526380 0.000000 
 0.026804 0.000000 -0.521412 0.000000 
 0.026833 0.000000 -0.516444 0.000000 
 0.026861 0.000000 -0.511477 0.000000 
 0.026890 0.000000 -0.506509 0.000000 
 0.026919 0.000000 -0.501541 0.000000 
 0.026948 0.000000 -0.496573 0.000000 
 0.026977 0.000000 -0.491606 0.000000 
 0.027005 0.000000 -0.486638 0.000000 
 0.027034 0.000000 -0.481670 0.000000 
 0.027063 0.000000 -0.476703 0.000000 
 0.027092 0.000000 -0.471735 0.000000 
 0.027121 0.000000 -0.466767 0.000000 
 0.027149 0.000000 -0.461800 0.000000 
 0.027178 0.000000 -0.456832 0.000000 
 0.027207 0.000000 -0.451864 0.000000 
 0.027236 0.000000 -0.446897 0.000000 
 0.027265 0.000000 -0.441929 0.000001 
 0.027293 0.000000 -0.436961 0.000000 
 0.027322 0.000000 -0.431993 0.000000 
 0.027351 0.000000 -0.427026 0.000000 
 0.027380 0.000000 -0.422058 0.000000 
 0.027409 0.000000 -0.417090 0.000000 
 0.027437 0.000000 -0.412123 0.000000 
 0.027466 0.000000 -0.407155 0.000001 
 0.027495 0.000000 -0.402187 0.000000 
 0.027524 0.000000 -0.397220 0.000000 
 0.027552 0.000000 -0.392252 0.000000 
 0.027581 0.000000 -0.387285 0.000000 
 0.027610 0.000000 -0.382317 0.000000 
 0.027639 0.000000 -0.377349 0.000000 
 0.027668 0.000000 -0.372382 0.000000 
 0.027696 0.000000 -0.367414 0.000000 
 0.027725 0.000000 -0.362446 0.000000 
 0.027754 0.000000 -0.357479 0.000000 
 0.027783 0.000000 -0.352511 0.000000 
 0.027812 0.000000 -0.347543 0.000000 
 0.027840 0.000000 -0.342576 0.000000 
 0.027869 0.000000 -0.337608 0.000000 
 0.027898 0.000000 -0.332640 0.000000 
 0.027927 0.000000 -0.327672 0.000000 
 0.027956 0.000000 -0.322705 0.000000 
 0.027984 0.000000 -0.317737 0.000000 
 0.028013 0.000000 -0.312769 0.000000 
 0.028042 0.000000 -0.307802 0.000000 
 0.028071 0.000000 -0.302834 0.000000 
 0.028100 0.000000 -0.297866 0.000000 
 0.028128 0.000000 -0.292899 0.000000 
 0.028157 0.000000 -0.287931 0.000000 
 0.028186 0.000000 -0.282963 0.000000 
 0.028215 0.000000 -0.277996 0.000000 
 0.028244 0.000000 -0.273028 0.000000 
 0.028272 0.000000 -0.268060 0.000000 
 0.028301 0.000000 -0.263093 0.000000 
 0.028330 0.000000 -0.258125 0.000000 
 0.028359 0.000000 -0.253157 0.000000 
 0.028388 0.000000 -0.248189 0.000001 
 0.028416 0.000000 -0.243222 0.000000 
 0.028445 0.000000 -0.238254 0.000000 
 0.028474 0.000000 -0.233287 0.000000 
 0.028503 0.000000 -0.228319 0.000001 
 0.028531 0.000000 -0.223351 0.000000 
 0.028560 0.000000 -0.218384 0.000000 
 0.028589 0.000000 -0.213416 0.000000 
 0.028618 0.000000 -0.208448 0.000001 
 0.028647 0.000000 -0.203481 0.000000 
 0.028675 0.000000 -0.198513 0.000000 
 0.028704 0.000000 -0.193545 0.000000 
 0.028733 0.000000 -0.188578 0.000000 
 0.028762 0.000000 -0.183610 0.000000 
 0.028791 0.000000 -0.178642 0.000000 
 0.028819 0.000000 -0.173675 0.000000 
 0.028848 0.000000 -0.168707 0.000000 
 0.028877 0.000000 -0.163739 0.000000 
 0.028906 0.000000 -0.158772 0.000000 
 0.028935 0.000000 -0.153804 0.000000 
 0.028963 0.000000 -0.148836 0.000000 
 0.028992 0.000000 -0.143868 0.000000 
 0.029021 0.000000 -0.138901 0.000000 
 0.029050 0.000000 -0.133933 0.000000 
 0.029079 0.000000 -0.128965 0.000000 
 0.029107 0.000000 -0.123998 0.000000 
 0.029136 0.000000 -0.119030 0.000000 
 0.029165 0.000000 -0.114062 0.000000 
 0.029194 0.000000 -0.109095 0.000000 
 0.029223 0.000000 -0.104127 0.000000 
 0.029251 0.000000 -0.099159 0.000000 
 0.029280 0.000000 -0.094192 0.000000 
 0.029309 0.000000 -0.089224 0.000000 
 0.029338 0.000000 -0.084256 0.000000 
 0.029367 0.000000 -0.079289 0.000000 
 0.029395 0.000000 -0.074321 0.000000 
 0.029424 0.000000 -0.069354 0.000000 
 0.029453 0.000000 -0.064386 0.000000 
 0.029482 0.000000 -0.059418 0.000000 
 0.029510 0.000000 -0.054451 0.000000 
 0.029539 0.000000 -0.049483 0.000000 
 0.029568 0.000000 -0.044515 0.000000 
 0.029597 0.000000 -0.039547 0.000000 
 0.029626 0.000000 -0.034580 0.000000 
 0.029654 0.000000 -0.029612 0.000001 
 0.029683 0.000000 -0.024644 0.000000 
 0.029712 0.000000 -0.019677 0.000000 
 0.029741 0.000000 -0.014709 0.000000 
 0.029770 0.000000 -0.009741 0.000000 
 0.029798 0.000000 -0.004774 0.000403 
 0.029827 0.000000 0.000194 0.037865 
 0.029856 0.000000 0.005162 0.436483 
 0.029885 0.000000 0.010129 0.291450 
 0.029914 0.000000 0.015097 0.233756 
 0.029942 0.000000 0.020065 0.000007 
 0.029971 0.000000 0.025033 0.000001 
