rbin[i] Nr[i] lbin[i] Nl[i]
 0.005019 0.000010 0.000011 0.000020 
 0.005038 0.000000 0.000033 0.000100 
 0.005056 0.000000 0.000055 0.000160 
 0.005075 0.000000 0.000077 0.000110 
 0.005094 0.000000 0.000100 0.000160 
 0.005112 0.000000 0.000122 0.000260 
 0.005131 0.000000 0.000144 0.000210 
 0.005150 0.000000 0.000166 0.000260 
 0.005168 0.000000 0.000188 0.000340 
 0.005187 0.000000 0.000210 0.000250 
 0.005206 0.000000 0.000232 0.000400 
 0.005224 0.000000 0.000254 0.000380 
 0.005243 0.000000 0.000276 0.000480 
 0.005262 0.000000 0.000298 0.000440 
 0.005281 0.000000 0.000320 0.000400 
 0.005299 0.000000 0.000342 0.000470 
 0.005318 0.000000 0.000364 0.000570 
 0.005337 0.000000 0.000386 0.000480 
 0.005355 0.000000 0.000408 0.000600 
 0.005374 0.000000 0.000430 0.000450 
 0.005393 0.000000 0.000452 0.000690 
 0.005411 0.000010 0.000475 0.000540 
 0.005430 0.000000 0.000497 0.000720 
 0.005449 0.000000 0.000519 0.000640 
 0.005467 0.000000 0.000541 0.000550 
 0.005486 0.000000 0.000563 0.000570 
 0.005505 0.000000 0.000585 0.000610 
 0.005523 0.000000 0.000607 0.000700 
 0.005542 0.000000 0.000629 0.000650 
 0.005561 0.000000 0.000651 0.000570 
 0.005580 0.000000 0.000673 0.000720 
 0.005598 0.000000 0.000695 0.000660 
 0.005617 0.000000 0.000717 0.000620 
 0.005636 0.000000 0.000739 0.000690 
 0.005654 0.000020 0.000761 0.000590 
 0.005673 0.000000 0.000783 0.000590 
 0.005692 0.000000 0.000805 0.000710 
 0.005710 0.000000 0.000827 0.000520 
 0.005729 0.000000 0.000849 0.000730 
 0.005748 0.000000 0.000872 0.000680 
 0.005766 0.000000 0.000894 0.000620 
 0.005785 0.000000 0.000916 0.000750 
 0.005804 0.000000 0.000938 0.000600 
 0.005823 0.000000 0.000960 0.000590 
 0.005841 0.000000 0.000982 0.000550 
 0.005860 0.000000 0.001004 0.000480 
 0.005879 0.000010 0.001026 0.000590 
 0.005897 0.000000 0.001048 0.000550 
 0.005916 0.000000 0.001070 0.000590 
 0.005935 0.000000 0.001092 0.000700 
 0.005953 0.000000 0.001114 0.000550 
 0.005972 0.000000 0.001136 0.000680 
 0.005991 0.000000 0.001158 0.000650 
 0.006009 0.000010 0.001180 0.000580 
 0.006028 0.000000 0.001202 0.000570 
 0.006047 0.000000 0.001224 0.000670 
 0.006065 0.000000 0.001247 0.000560 
 0.006084 0.000000 0.001269 0.000500 
 0.006103 0.000010 0.001291 0.000670 
 0.006122 0.000000 0.001313 0.000600 
 0.006140 0.000000 0.001335 0.000720 
 0.006159 0.000000 0.001357 0.000460 
 0.006178 0.000000 0.001379 0.000470 
 0.006196 0.000010 0.001401 0.000600 
 0.006215 0.000000 0.001423 0.000610 
 0.006234 0.000000 0.001445 0.000550 
 0.006252 0.000000 0.001467 0.000610 
 0.006271 0.000010 0.001489 0.000550 
 0.006290 0.000000 0.001511 0.000650 
 0.006308 0.000000 0.001533 0.000500 
 0.006327 0.000020 0.001555 0.000700 
 0.006346 0.000000 0.001577 0.000570 
 0.006364 0.000000 0.001599 0.000650 
 0.006383 0.000000 0.001622 0.000620 
 0.006402 0.000000 0.001644 0.000510 
 0.006421 0.000010 0.001666 0.000610 
 0.006439 0.000000 0.001688 0.000430 
 0.006458 0.000010 0.001710 0.000660 
 0.006477 0.000000 0.001732 0.000490 
 0.006495 0.000010 0.001754 0.000650 
 0.006514 0.000000 0.001776 0.000710 
 0.006533 0.000000 0.001798 0.000640 
 0.006551 0.000000 0.001820 0.000640 
 0.006570 0.000010 0.001842 0.000700 
 0.006589 0.000000 0.001864 0.000620 
 0.006607 0.000000 0.001886 0.000570 
 0.006626 0.000000 0.001908 0.000640 
 0.006645 0.000000 0.001930 0.000560 
 0.006664 0.000010 0.001952 0.000670 
 0.006682 0.000010 0.001974 0.000520 
 0.006701 0.000000 0.001996 0.000520 
 0.006720 0.000000 0.002019 0.000560 
 0.006738 0.000010 0.002041 0.000760 
 0.006757 0.000010 0.002063 0.000700 
 0.006776 0.000010 0.002085 0.000580 
 0.006794 0.000010 0.002107 0.000650 
 0.006813 0.000000 0.002129 0.000500 
 0.006832 0.000020 0.002151 0.000620 
 0.006850 0.000000 0.002173 0.000600 
 0.006869 0.000010 0.002195 0.000570 
 0.006888 0.000010 0.002217 0.000740 
 0.006906 0.000010 0.002239 0.000640 
 0.006925 0.000000 0.002261 0.000710 
 0.006944 0.000000 0.002283 0.000710 
 0.006963 0.000010 0.002305 0.000700 
 0.006981 0.000000 0.002327 0.000590 
 0.007000 0.000010 0.002349 0.000540 
 0.007019 0.000030 0.002371 0.000620 
 0.007037 0.000010 0.002394 0.000800 
 0.007056 0.000000 0.002416 0.000600 
 0.007075 0.000000 0.002438 0.000670 
 0.007093 0.000000 0.002460 0.000720 
 0.007112 0.000000 0.002482 0.000620 
 0.007131 0.000010 0.002504 0.000640 
 0.007149 0.000000 0.002526 0.000630 
 0.007168 0.000000 0.002548 0.000700 
 0.007187 0.000010 0.002570 0.000760 
 0.007206 0.000000 0.002592 0.000660 
 0.007224 0.000000 0.002614 0.000710 
 0.007243 0.000000 0.002636 0.000780 
 0.007262 0.000000 0.002658 0.000720 
 0.007280 0.000000 0.002680 0.000730 
 0.007299 0.000020 0.002702 0.000590 
 0.007318 0.000010 0.002724 0.000670 
 0.007336 0.000000 0.002746 0.000780 
 0.007355 0.000020 0.002768 0.000610 
 0.007374 0.000000 0.002791 0.000740 
 0.007392 0.000010 0.002813 0.000830 
 0.007411 0.000000 0.002835 0.000620 
 0.007430 0.000000 0.002857 0.000870 
 0.007448 0.000020 0.002879 0.000800 
 0.007467 0.000020 0.002901 0.000820 
 0.007486 0.000020 0.002923 0.000750 
 0.007505 0.000000 0.002945 0.000750 
 0.007523 0.000000 0.002967 0.000740 
 0.007542 0.000020 0.002989 0.000740 
 0.007561 0.000020 0.003011 0.000850 
 0.007579 0.000020 0.003033 0.000730 
 0.007598 0.000020 0.003055 0.000950 
 0.007617 0.000010 0.003077 0.000700 
 0.007635 0.000020 0.003099 0.000720 
 0.007654 0.000000 0.003121 0.000760 
 0.007673 0.000000 0.003143 0.000900 
 0.007691 0.000000 0.003166 0.000760 
 0.007710 0.000000 0.003188 0.000930 
 0.007729 0.000000 0.003210 0.000740 
 0.007747 0.000010 0.003232 0.000740 
 0.007766 0.000040 0.003254 0.000790 
 0.007785 0.000020 0.003276 0.000760 
 0.007804 0.000010 0.003298 0.000960 
 0.007822 0.000010 0.003320 0.000630 
 0.007841 0.000000 0.003342 0.000800 
 0.007860 0.000020 0.003364 0.000860 
 0.007878 0.000010 0.003386 0.000720 
 0.007897 0.000000 0.003408 0.000850 
 0.007916 0.000000 0.003430 0.000790 
 0.007934 0.000000 0.003452 0.000640 
 0.007953 0.000000 0.003474 0.000960 
 0.007972 0.000030 0.003496 0.000800 
 0.007990 0.000010 0.003518 0.000730 
 0.008009 0.000000 0.003540 0.000830 
 0.008028 0.000000 0.003563 0.000760 
 0.008047 0.000010 0.003585 0.000880 
 0.008065 0.000010 0.003607 0.000900 
 0.008084 0.000020 0.003629 0.000810 
 0.008103 0.000020 0.003651 0.000820 
 0.008121 0.000010 0.003673 0.000800 
 0.008140 0.000000 0.003695 0.000840 
 0.008159 0.000010 0.003717 0.000740 
 0.008177 0.000010 0.003739 0.000790 
 0.008196 0.000010 0.003761 0.000670 
 0.008215 0.000000 0.003783 0.000760 
 0.008233 0.000010 0.003805 0.000820 
 0.008252 0.000000 0.003827 0.000790 
 0.008271 0.000010 0.003849 0.000690 
 0.008289 0.000020 0.003871 0.000660 
 0.008308 0.000010 0.003893 0.000850 
 0.008327 0.000000 0.003915 0.000670 
 0.008346 0.000010 0.003938 0.000810 
 0.008364 0.000000 0.003960 0.000650 
 0.008383 0.000010 0.003982 0.000780 
 0.008402 0.000030 0.004004 0.000760 
 0.008420 0.000010 0.004026 0.000920 
 0.008439 0.000020 0.004048 0.000790 
 0.008458 0.000000 0.004070 0.000770 
 0.008476 0.000010 0.004092 0.000680 
 0.008495 0.000000 0.004114 0.000740 
 0.008514 0.000010 0.004136 0.000920 
 0.008532 0.000010 0.004158 0.000740 
 0.008551 0.000020 0.004180 0.000820 
 0.008570 0.000020 0.004202 0.000710 
 0.008589 0.000000 0.004224 0.000580 
 0.008607 0.000000 0.004246 0.000690 
 0.008626 0.000000 0.004268 0.000730 
 0.008645 0.000000 0.004290 0.000700 
 0.008663 0.000020 0.004312 0.000750 
 0.008682 0.000010 0.004335 0.000750 
 0.008701 0.000020 0.004357 0.000660 
 0.008719 0.000020 0.004379 0.000710 
 0.008738 0.000010 0.004401 0.000630 
 0.008757 0.000020 0.004423 0.000820 
 0.008775 0.000010 0.004445 0.000790 
 0.008794 0.000000 0.004467 0.000790 
 0.008813 0.000010 0.004489 0.000740 
 0.008831 0.000000 0.004511 0.000550 
 0.008850 0.000030 0.004533 0.000760 
 0.008869 0.000000 0.004555 0.000920 
 0.008888 0.000010 0.004577 0.000710 
 0.008906 0.000030 0.004599 0.000650 
 0.008925 0.000000 0.004621 0.000710 
 0.008944 0.000020 0.004643 0.000650 
 0.008962 0.000020 0.004665 0.000840 
 0.008981 0.000000 0.004687 0.000720 
 0.009000 0.000020 0.004710 0.000600 
 0.009018 0.000040 0.004732 0.000680 
 0.009037 0.000020 0.004754 0.000690 
 0.009056 0.000000 0.004776 0.000610 
 0.009074 0.000000 0.004798 0.000850 
 0.009093 0.000030 0.004820 0.000620 
 0.009112 0.000040 0.004842 0.000830 
 0.009130 0.000020 0.004864 0.000580 
 0.009149 0.000030 0.004886 0.000690 
 0.009168 0.000040 0.004908 0.000730 
 0.009187 0.000030 0.004930 0.000560 
 0.009205 0.000010 0.004952 0.000810 
 0.009224 0.000010 0.004974 0.000660 
 0.009243 0.000030 0.004996 0.000580 
 0.009261 0.000020 0.005018 0.000730 
 0.009280 0.000020 0.005040 0.000660 
 0.009299 0.000040 0.005062 0.000730 
 0.009317 0.000020 0.005085 0.000670 
 0.009336 0.000020 0.005107 0.000600 
 0.009355 0.000000 0.005129 0.000730 
 0.009373 0.000030 0.005151 0.000620 
 0.009392 0.000010 0.005173 0.000850 
 0.009411 0.000000 0.005195 0.000590 
 0.009430 0.000030 0.005217 0.000700 
 0.009448 0.000010 0.005239 0.000730 
 0.009467 0.000010 0.005261 0.000790 
 0.009486 0.000030 0.005283 0.000790 
 0.009504 0.000020 0.005305 0.000670 
 0.009523 0.000010 0.005327 0.000750 
 0.009542 0.000030 0.005349 0.000570 
 0.009560 0.000080 0.005371 0.000780 
 0.009579 0.000000 0.005393 0.000720 
 0.009598 0.000020 0.005415 0.000750 
 0.009616 0.000010 0.005437 0.000770 
 0.009635 0.000020 0.005459 0.000760 
 0.009654 0.000030 0.005482 0.000830 
 0.009672 0.000040 0.005504 0.000780 
 0.009691 0.000020 0.005526 0.000740 
 0.009710 0.000030 0.005548 0.000610 
 0.009729 0.000040 0.005570 0.000610 
 0.009747 0.000020 0.005592 0.000820 
 0.009766 0.000070 0.005614 0.000680 
 0.009785 0.000030 0.005636 0.000800 
 0.009803 0.000020 0.005658 0.000470 
 0.009822 0.000000 0.005680 0.000850 
 0.009841 0.000010 0.005702 0.000810 
 0.009859 0.000040 0.005724 0.000650 
 0.009878 0.000030 0.005746 0.000820 
 0.009897 0.000010 0.005768 0.000720 
 0.009915 0.000020 0.005790 0.000740 
 0.009934 0.000020 0.005812 0.000740 
 0.009953 0.000020 0.005834 0.000790 
 0.009971 0.000050 0.005857 0.000760 
 0.009990 0.000040 0.005879 0.000720 
 0.010009 0.000050 0.005901 0.000860 
 0.010028 0.000030 0.005923 0.000810 
 0.010046 0.000020 0.005945 0.000660 
 0.010065 0.000050 0.005967 0.000750 
 0.010084 0.000010 0.005989 0.000690 
 0.010102 0.000030 0.006011 0.000920 
 0.010121 0.000020 0.006033 0.000670 
 0.010140 0.000020 0.006055 0.000870 
 0.010158 0.000030 0.006077 0.000800 
 0.010177 0.000010 0.006099 0.000840 
 0.010196 0.000020 0.006121 0.000900 
 0.010214 0.000010 0.006143 0.000820 
 0.010233 0.000020 0.006165 0.000820 
 0.010252 0.000030 0.006187 0.000750 
 0.010271 0.000040 0.006209 0.000890 
 0.010289 0.000050 0.006231 0.000820 
 0.010308 0.000050 0.006254 0.000760 
 0.010327 0.000010 0.006276 0.000670 
 0.010345 0.000080 0.006298 0.000950 
 0.010364 0.000070 0.006320 0.000840 
 0.010383 0.000050 0.006342 0.000980 
 0.010401 0.000030 0.006364 0.000770 
 0.010420 0.000040 0.006386 0.000770 
 0.010439 0.000030 0.006408 0.000680 
 0.010457 0.000020 0.006430 0.000940 
 0.010476 0.000030 0.006452 0.000910 
 0.010495 0.000050 0.006474 0.000780 
 0.010513 0.000040 0.006496 0.000880 
 0.010532 0.000010 0.006518 0.000760 
 0.010551 0.000010 0.006540 0.000860 
 0.010570 0.000050 0.006562 0.000740 
 0.010588 0.000030 0.006584 0.001060 
 0.010607 0.000010 0.006606 0.000940 
 0.010626 0.000010 0.006629 0.000960 
 0.010644 0.000050 0.006651 0.000990 
 0.010663 0.000070 0.006673 0.000920 
 0.010682 0.000060 0.006695 0.000840 
 0.010700 0.000060 0.006717 0.001030 
 0.010719 0.000040 0.006739 0.000900 
 0.010738 0.000040 0.006761 0.000780 
 0.010756 0.000040 0.006783 0.000900 
 0.010775 0.000030 0.006805 0.000980 
 0.010794 0.000040 0.006827 0.000800 
 0.010813 0.000050 0.006849 0.000930 
 0.010831 0.000070 0.006871 0.000850 
 0.010850 0.000060 0.006893 0.001260 
 0.010869 0.000040 0.006915 0.000890 
 0.010887 0.000040 0.006937 0.001040 
 0.010906 0.000010 0.006959 0.001010 
 0.010925 0.000060 0.006981 0.000940 
 0.010943 0.000090 0.007003 0.000890 
 0.010962 0.000090 0.007026 0.000970 
 0.010981 0.000010 0.007048 0.000930 
 0.010999 0.000070 0.007070 0.000790 
 0.011018 0.000050 0.007092 0.001030 
 0.011037 0.000020 0.007114 0.000850 
 0.011055 0.000090 0.007136 0.000980 
 0.011074 0.000070 0.007158 0.000980 
 0.011093 0.000040 0.007180 0.001050 
 0.011112 0.000040 0.007202 0.001090 
 0.011130 0.000040 0.007224 0.000820 
 0.011149 0.000040 0.007246 0.000970 
 0.011168 0.000030 0.007268 0.000920 
 0.011186 0.000060 0.007290 0.000990 
 0.011205 0.000050 0.007312 0.001020 
 0.011224 0.000010 0.007334 0.001010 
 0.011242 0.000040 0.007356 0.000840 
 0.011261 0.000070 0.007378 0.001010 
 0.011280 0.000080 0.007401 0.000930 
 0.011298 0.000080 0.007423 0.000970 
 0.011317 0.000060 0.007445 0.001170 
 0.011336 0.000030 0.007467 0.001030 
 0.011354 0.000080 0.007489 0.000930 
 0.011373 0.000110 0.007511 0.000990 
 0.011392 0.000060 0.007533 0.001110 
 0.011411 0.000030 0.007555 0.000810 
 0.011429 0.000020 0.007577 0.000900 
 0.011448 0.000050 0.007599 0.001070 
 0.011467 0.000050 0.007621 0.000950 
 0.011485 0.000060 0.007643 0.001010 
 0.011504 0.000070 0.007665 0.000910 
 0.011523 0.000090 0.007687 0.001090 
 0.011541 0.000010 0.007709 0.000910 
 0.011560 0.000120 0.007731 0.000910 
 0.011579 0.000030 0.007753 0.000990 
 0.011597 0.000090 0.007775 0.001090 
 0.011616 0.000080 0.007798 0.000970 
 0.011635 0.000090 0.007820 0.000850 
 0.011654 0.000100 0.007842 0.000940 
 0.011672 0.000090 0.007864 0.000770 
 0.011691 0.000060 0.007886 0.001270 
 0.011710 0.000060 0.007908 0.000920 
 0.011728 0.000060 0.007930 0.001080 
 0.011747 0.000050 0.007952 0.000930 
 0.011766 0.000100 0.007974 0.001130 
 0.011784 0.000040 0.007996 0.001050 
 0.011803 0.000060 0.008018 0.000920 
 0.011822 0.000070 0.008040 0.000920 
 0.011840 0.000100 0.008062 0.000850 
 0.011859 0.000080 0.008084 0.000980 
 0.011878 0.000090 0.008106 0.001150 
 0.011896 0.000070 0.008128 0.001000 
 0.011915 0.000120 0.008150 0.000980 
 0.011934 0.000110 0.008173 0.001000 
 0.011953 0.000090 0.008195 0.001070 
 0.011971 0.000080 0.008217 0.000840 
 0.011990 0.000080 0.008239 0.000930 
 0.012009 0.000110 0.008261 0.001000 
 0.012027 0.000090 0.008283 0.001040 
 0.012046 0.000060 0.008305 0.000860 
 0.012065 0.000100 0.008327 0.000940 
 0.012083 0.000160 0.008349 0.000990 
 0.012102 0.000140 0.008371 0.001070 
 0.012121 0.000090 0.008393 0.000890 
 0.012139 0.000100 0.008415 0.000950 
 0.012158 0.000080 0.008437 0.000840 
 0.012177 0.000070 0.008459 0.000910 
 0.012196 0.000100 0.008481 0.001180 
 0.012214 0.000110 0.008503 0.000970 
 0.012233 0.000120 0.008525 0.000750 
 0.012252 0.000090 0.008548 0.000900 
 0.012270 0.000070 0.008570 0.000990 
 0.012289 0.000170 0.008592 0.001060 
 0.012308 0.000090 0.008614 0.000920 
 0.012326 0.000160 0.008636 0.000850 
 0.012345 0.000140 0.008658 0.001020 
 0.012364 0.000130 0.008680 0.001020 
 0.012382 0.000140 0.008702 0.001070 
 0.012401 0.000160 0.008724 0.000930 
 0.012420 0.000100 0.008746 0.001050 
 0.012438 0.000120 0.008768 0.000740 
 0.012457 0.000070 0.008790 0.000890 
 0.012476 0.000140 0.008812 0.000920 
 0.012495 0.000220 0.008834 0.000890 
 0.012513 0.000160 0.008856 0.001050 
 0.012532 0.000120 0.008878 0.000850 
 0.012551 0.000150 0.008900 0.000850 
 0.012569 0.000200 0.008922 0.000950 
 0.012588 0.000150 0.008945 0.000930 
 0.012607 0.000180 0.008967 0.000780 
 0.012625 0.000180 0.008989 0.000840 
 0.012644 0.000200 0.009011 0.000930 
 0.012663 0.000150 0.009033 0.001100 
 0.012681 0.000100 0.009055 0.000940 
 0.012700 0.000120 0.009077 0.000940 
 0.012719 0.000210 0.009099 0.000970 
 0.012737 0.000130 0.009121 0.000930 
 0.012756 0.000160 0.009143 0.000940 
 0.012775 0.000080 0.009165 0.000880 
 0.012794 0.000120 0.009187 0.000840 
 0.012812 0.000150 0.009209 0.001030 
 0.012831 0.000220 0.009231 0.000940 
 0.012850 0.000160 0.009253 0.000750 
 0.012868 0.000110 0.009275 0.001080 
 0.012887 0.000140 0.009297 0.001080 
 0.012906 0.000160 0.009320 0.000950 
 0.012924 0.000230 0.009342 0.000970 
 0.012943 0.000150 0.009364 0.001060 
 0.012962 0.000190 0.009386 0.000900 
 0.012980 0.000180 0.009408 0.000960 
 0.012999 0.000210 0.009430 0.000840 
 0.013018 0.000210 0.009452 0.000860 
 0.013037 0.000150 0.009474 0.000990 
 0.013055 0.000190 0.009496 0.000950 
 0.013074 0.000150 0.009518 0.001050 
 0.013093 0.000240 0.009540 0.001060 
 0.013111 0.000200 0.009562 0.000770 
 0.013130 0.000280 0.009584 0.000970 
 0.013149 0.000170 0.009606 0.001100 
 0.013167 0.000210 0.009628 0.001140 
 0.013186 0.000210 0.009650 0.001090 
 0.013205 0.000200 0.009672 0.000900 
 0.013223 0.000210 0.009694 0.001050 
 0.013242 0.000240 0.009717 0.001020 
 0.013261 0.000160 0.009739 0.000980 
 0.013279 0.000270 0.009761 0.001090 
 0.013298 0.000250 0.009783 0.000840 
 0.013317 0.000240 0.009805 0.000980 
 0.013336 0.000260 0.009827 0.001040 
 0.013354 0.000260 0.009849 0.001020 
 0.013373 0.000250 0.009871 0.000950 
 0.013392 0.000260 0.009893 0.001030 
 0.013410 0.000320 0.009915 0.001110 
 0.013429 0.000270 0.009937 0.000950 
 0.013448 0.000230 0.009959 0.000930 
 0.013466 0.000200 0.009981 0.000840 
 0.013485 0.000220 0.010003 0.001020 
 0.013504 0.000180 0.010025 0.000900 
 0.013522 0.000330 0.010047 0.000940 
 0.013541 0.000230 0.010069 0.001010 
 0.013560 0.000260 0.010092 0.000900 
 0.013579 0.000300 0.010114 0.000920 
 0.013597 0.000280 0.010136 0.001040 
 0.013616 0.000310 0.010158 0.001060 
 0.013635 0.000280 0.010180 0.000960 
 0.013653 0.000380 0.010202 0.000920 
 0.013672 0.000250 0.010224 0.000890 
 0.013691 0.000360 0.010246 0.000960 
 0.013709 0.000270 0.010268 0.000980 
 0.013728 0.000240 0.010290 0.001060 
 0.013747 0.000250 0.010312 0.001010 
 0.013765 0.000280 0.010334 0.000840 
 0.013784 0.000350 0.010356 0.000970 
 0.013803 0.000240 0.010378 0.001000 
 0.013821 0.000220 0.010400 0.001090 
 0.013840 0.000270 0.010422 0.000990 
 0.013859 0.000200 0.010444 0.001030 
 0.013878 0.000300 0.010466 0.001040 
 0.013896 0.000290 0.010489 0.001020 
 0.013915 0.000420 0.010511 0.001080 
 0.013934 0.000220 0.010533 0.000900 
 0.013952 0.000350 0.010555 0.001110 
 0.013971 0.000350 0.010577 0.000980 
 0.013990 0.000320 0.010599 0.001080 
 0.014008 0.000210 0.010621 0.000990 
 0.014027 0.000350 0.010643 0.001110 
 0.014046 0.000490 0.010665 0.000940 
 0.014064 0.000370 0.010687 0.000990 
 0.014083 0.000250 0.010709 0.000940 
 0.014102 0.000310 0.010731 0.001080 
 0.014120 0.000300 0.010753 0.001160 
 0.014139 0.000430 0.010775 0.001030 
 0.014158 0.000240 0.010797 0.000980 
 0.014177 0.000390 0.010819 0.000850 
 0.014195 0.000390 0.010841 0.001200 
 0.014214 0.000340 0.010864 0.001030 
 0.014233 0.000340 0.010886 0.001200 
 0.014251 0.000290 0.010908 0.000860 
 0.014270 0.000260 0.010930 0.001040 
 0.014289 0.000330 0.010952 0.001210 
 0.014307 0.000400 0.010974 0.001310 
 0.014326 0.000350 0.010996 0.001180 
 0.014345 0.000340 0.011018 0.000880 
 0.014363 0.000360 0.011040 0.001200 
 0.014382 0.000340 0.011062 0.001050 
 0.014401 0.000270 0.011084 0.001000 
 0.014420 0.000370 0.011106 0.001030 
 0.014438 0.000360 0.011128 0.001120 
 0.014457 0.000390 0.011150 0.001190 
 0.014476 0.000280 0.011172 0.001030 
 0.014494 0.000340 0.011194 0.001060 
 0.014513 0.000350 0.011216 0.001040 
 0.014532 0.000370 0.011238 0.001240 
 0.014550 0.000280 0.011261 0.000980 
 0.014569 0.000490 0.011283 0.000730 
 0.014588 0.000370 0.011305 0.001060 
 0.014606 0.000400 0.011327 0.001190 
 0.014625 0.000380 0.011349 0.001160 
 0.014644 0.000330 0.011371 0.001050 
 0.014662 0.000330 0.011393 0.001060 
 0.014681 0.000320 0.011415 0.000880 
 0.014700 0.000430 0.011437 0.001110 
 0.014719 0.000360 0.011459 0.001170 
 0.014737 0.000420 0.011481 0.000960 
 0.014756 0.000290 0.011503 0.001130 
 0.014775 0.000400 0.011525 0.001110 
 0.014793 0.000510 0.011547 0.001130 
 0.014812 0.000490 0.011569 0.001290 
 0.014831 0.000340 0.011591 0.001040 
 0.014849 0.000310 0.011613 0.000930 
 0.014868 0.000440 0.011636 0.001200 
 0.014887 0.000460 0.011658 0.000980 
 0.014905 0.000540 0.011680 0.000950 
 0.014924 0.000410 0.011702 0.001160 
 0.014943 0.000400 0.011724 0.001140 
 0.014961 0.000520 0.011746 0.001170 
 0.014980 0.000430 0.011768 0.001100 
 0.014999 0.000380 0.011790 0.001180 
 0.015018 0.000330 0.011812 0.001110 
 0.015036 0.000380 0.011834 0.001090 
 0.015055 0.000390 0.011856 0.001130 
 0.015074 0.000340 0.011878 0.001100 
 0.015092 0.000330 0.011900 0.001100 
 0.015111 0.000380 0.011922 0.000950 
 0.015130 0.000330 0.011944 0.001110 
 0.015148 0.000450 0.011966 0.001290 
 0.015167 0.000310 0.011988 0.000890 
 0.015186 0.000440 0.012011 0.001180 
 0.015204 0.000330 0.012033 0.000920 
 0.015223 0.000480 0.012055 0.001100 
 0.015242 0.000330 0.012077 0.001140 
 0.015261 0.000420 0.012099 0.001090 
 0.015279 0.000390 0.012121 0.001090 
 0.015298 0.000420 0.012143 0.000970 
 0.015317 0.000310 0.012165 0.001120 
 0.015335 0.000350 0.012187 0.001100 
 0.015354 0.000300 0.012209 0.001200 
 0.015373 0.000340 0.012231 0.001030 
 0.015391 0.000420 0.012253 0.001190 
 0.015410 0.000300 0.012275 0.000990 
 0.015429 0.000410 0.012297 0.001140 
 0.015447 0.000380 0.012319 0.001080 
 0.015466 0.000370 0.012341 0.001100 
 0.015485 0.000340 0.012363 0.001060 
 0.015503 0.000360 0.012385 0.001060 
 0.015522 0.000310 0.012408 0.001210 
 0.015541 0.000340 0.012430 0.000980 
 0.015560 0.000270 0.012452 0.001040 
 0.015578 0.000330 0.012474 0.001020 
 0.015597 0.000210 0.012496 0.001040 
 0.015616 0.000190 0.012518 0.001010 
 0.015634 0.000380 0.012540 0.001110 
 0.015653 0.000250 0.012562 0.001280 
 0.015672 0.000220 0.012584 0.000930 
 0.015690 0.000340 0.012606 0.001200 
 0.015709 0.000360 0.012628 0.000990 
 0.015728 0.000330 0.012650 0.000880 
 0.015746 0.000400 0.012672 0.001150 
 0.015765 0.000250 0.012694 0.001050 
 0.015784 0.000320 0.012716 0.000970 
 0.015803 0.000300 0.012738 0.001020 
 0.015821 0.000270 0.012760 0.000930 
 0.015840 0.000330 0.012783 0.001160 
 0.015859 0.000240 0.012805 0.001080 
 0.015877 0.000300 0.012827 0.000860 
 0.015896 0.000320 0.012849 0.001140 
 0.015915 0.000240 0.012871 0.001090 
 0.015933 0.000320 0.012893 0.001080 
 0.015952 0.000380 0.012915 0.000900 
 0.015971 0.000170 0.012937 0.000820 
 0.015989 0.000310 0.012959 0.001110 
 0.016008 0.000240 0.012981 0.000940 
 0.016027 0.000240 0.013003 0.000990 
 0.016045 0.000270 0.013025 0.000890 
 0.016064 0.000250 0.013047 0.000950 
 0.016083 0.000260 0.013069 0.001010 
 0.016102 0.000310 0.013091 0.001170 
 0.016120 0.000160 0.013113 0.001110 
 0.016139 0.000350 0.013135 0.000960 
 0.016158 0.000330 0.013157 0.000920 
 0.016176 0.000270 0.013180 0.000910 
 0.016195 0.000230 0.013202 0.000900 
 0.016214 0.000240 0.013224 0.001050 
 0.016232 0.000210 0.013246 0.000900 
 0.016251 0.000360 0.013268 0.001040 
 0.016270 0.000310 0.013290 0.001020 
 0.016288 0.000300 0.013312 0.001020 
 0.016307 0.000320 0.013334 0.000900 
 0.016326 0.000190 0.013356 0.001010 
 0.016344 0.000300 0.013378 0.000970 
 0.016363 0.000190 0.013400 0.000940 
 0.016382 0.000310 0.013422 0.000980 
 0.016401 0.000270 0.013444 0.000930 
 0.016419 0.000280 0.013466 0.001020 
 0.016438 0.000220 0.013488 0.000980 
 0.016457 0.000260 0.013510 0.000940 
 0.016475 0.000250 0.013532 0.000940 
 0.016494 0.000270 0.013555 0.000890 
 0.016513 0.000220 0.013577 0.001080 
 0.016531 0.000170 0.013599 0.000940 
 0.016550 0.000270 0.013621 0.000890 
 0.016569 0.000150 0.013643 0.000940 
 0.016587 0.000260 0.013665 0.000990 
 0.016606 0.000210 0.013687 0.000980 
 0.016625 0.000230 0.013709 0.001060 
 0.016644 0.000250 0.013731 0.000850 
 0.016662 0.000270 0.013753 0.001050 
 0.016681 0.000160 0.013775 0.001190 
 0.016700 0.000250 0.013797 0.001020 
 0.016718 0.000200 0.013819 0.000870 
 0.016737 0.000240 0.013841 0.001000 
 0.016756 0.000260 0.013863 0.001010 
 0.016774 0.000190 0.013885 0.000880 
 0.016793 0.000190 0.013907 0.001000 
 0.016812 0.000350 0.013929 0.001090 
 0.016830 0.000300 0.013952 0.000990 
 0.016849 0.000220 0.013974 0.000980 
 0.016868 0.000230 0.013996 0.001010 
 0.016886 0.000210 0.014018 0.000920 
 0.016905 0.000220 0.014040 0.001060 
 0.016924 0.000110 0.014062 0.001000 
 0.016943 0.000220 0.014084 0.001100 
 0.016961 0.000210 0.014106 0.001090 
 0.016980 0.000220 0.014128 0.000990 
 0.016999 0.000230 0.014150 0.000990 
 0.017017 0.000200 0.014172 0.000810 
 0.017036 0.000170 0.014194 0.001150 
 0.017055 0.000170 0.014216 0.001150 
 0.017073 0.000190 0.014238 0.000980 
 0.017092 0.000170 0.014260 0.000860 
 0.017111 0.000160 0.014282 0.001050 
 0.017129 0.000190 0.014304 0.000900 
 0.017148 0.000240 0.014327 0.001070 
 0.017167 0.000110 0.014349 0.000890 
 0.017186 0.000120 0.014371 0.000980 
 0.017204 0.000150 0.014393 0.001100 
 0.017223 0.000190 0.014415 0.001100 
 0.017242 0.000170 0.014437 0.001130 
 0.017260 0.000190 0.014459 0.001000 
 0.017279 0.000190 0.014481 0.001050 
 0.017298 0.000240 0.014503 0.001060 
 0.017316 0.000170 0.014525 0.000880 
 0.017335 0.000120 0.014547 0.000970 
 0.017354 0.000120 0.014569 0.001120 
 0.017372 0.000110 0.014591 0.001090 
 0.017391 0.000160 0.014613 0.000830 
 0.017410 0.000150 0.014635 0.000980 
 0.017428 0.000100 0.014657 0.001070 
 0.017447 0.000110 0.014679 0.001110 
 0.017466 0.000100 0.014701 0.001040 
 0.017485 0.000170 0.014724 0.000970 
 0.017503 0.000200 0.014746 0.001010 
 0.017522 0.000190 0.014768 0.001120 
 0.017541 0.000170 0.014790 0.001140 
 0.017559 0.000100 0.014812 0.001040 
 0.017578 0.000080 0.014834 0.000920 
 0.017597 0.000240 0.014856 0.001120 
 0.017615 0.000140 0.014878 0.001130 
 0.017634 0.000100 0.014900 0.000990 
 0.017653 0.000080 0.014922 0.000910 
 0.017671 0.000110 0.014944 0.000970 
 0.017690 0.000160 0.014966 0.001190 
 0.017709 0.000200 0.014988 0.001170 
 0.017727 0.000180 0.015010 0.001010 
 0.017746 0.000100 0.015032 0.000940 
 0.017765 0.000130 0.015054 0.001020 
 0.017784 0.000070 0.015076 0.001140 
 0.017802 0.000120 0.015099 0.001050 
 0.017821 0.000140 0.015121 0.001020 
 0.017840 0.000110 0.015143 0.001070 
 0.017858 0.000120 0.015165 0.001080 
 0.017877 0.000160 0.015187 0.000900 
 0.017896 0.000110 0.015209 0.000960 
 0.017914 0.000070 0.015231 0.000940 
 0.017933 0.000100 0.015253 0.001130 
 0.017952 0.000140 0.015275 0.001000 
 0.017970 0.000180 0.015297 0.000770 
 0.017989 0.000120 0.015319 0.001080 
 0.018008 0.000110 0.015341 0.000920 
 0.018027 0.000190 0.015363 0.001220 
 0.018045 0.000110 0.015385 0.001050 
 0.018064 0.000150 0.015407 0.000850 
 0.018083 0.000140 0.015429 0.000950 
 0.018101 0.000130 0.015451 0.000960 
 0.018120 0.000170 0.015474 0.000950 
 0.018139 0.000130 0.015496 0.001070 
 0.018157 0.000080 0.015518 0.001010 
 0.018176 0.000120 0.015540 0.000970 
 0.018195 0.000160 0.015562 0.001080 
 0.018213 0.000200 0.015584 0.000970 
 0.018232 0.000040 0.015606 0.000910 
 0.018251 0.000200 0.015628 0.000740 
 0.018269 0.000090 0.015650 0.001060 
 0.018288 0.000080 0.015672 0.000930 
 0.018307 0.000170 0.015694 0.001050 
 0.018326 0.000120 0.015716 0.000870 
 0.018344 0.000190 0.015738 0.000910 
 0.018363 0.000200 0.015760 0.000910 
 0.018382 0.000140 0.015782 0.000890 
 0.018400 0.000160 0.015804 0.001000 
 0.018419 0.000140 0.015826 0.000990 
 0.018438 0.000170 0.015848 0.000970 
 0.018456 0.000150 0.015871 0.001070 
 0.018475 0.000110 0.015893 0.000920 
 0.018494 0.000130 0.015915 0.000980 
 0.018512 0.000190 0.015937 0.000970 
 0.018531 0.000220 0.015959 0.001130 
 0.018550 0.000240 0.015981 0.001040 
 0.018569 0.000190 0.016003 0.001030 
 0.018587 0.000170 0.016025 0.001040 
 0.018606 0.000230 0.016047 0.001030 
 0.018625 0.000170 0.016069 0.001000 
 0.018643 0.000230 0.016091 0.000920 
 0.018662 0.000220 0.016113 0.001060 
 0.018681 0.000310 0.016135 0.001010 
 0.018699 0.000270 0.016157 0.001040 
 0.018718 0.000270 0.016179 0.001020 
 0.018737 0.000290 0.016201 0.001030 
 0.018755 0.000290 0.016223 0.001040 
 0.018774 0.000420 0.016246 0.001060 
 0.018793 0.000380 0.016268 0.001030 
 0.018811 0.000480 0.016290 0.000950 
 0.018830 0.000490 0.016312 0.000870 
 0.018849 0.000490 0.016334 0.001000 
 0.018868 0.000620 0.016356 0.001150 
 0.018886 0.000660 0.016378 0.001170 
 0.018905 0.000570 0.016400 0.000950 
 0.018924 0.000730 0.016422 0.001000 
 0.018942 0.000750 0.016444 0.000900 
 0.018961 0.000800 0.016466 0.001130 
 0.018980 0.000810 0.016488 0.000970 
 0.018998 0.000810 0.016510 0.001220 
 0.019017 0.000830 0.016532 0.001120 
 0.019036 0.001000 0.016554 0.001040 
 0.019054 0.001140 0.016576 0.001080 
 0.019073 0.001210 0.016598 0.001000 
 0.019092 0.001280 0.016620 0.000990 
 0.019110 0.001260 0.016643 0.001150 
 0.019129 0.001690 0.016665 0.001140 
 0.019148 0.001650 0.016687 0.001010 
 0.019167 0.001710 0.016709 0.001170 
 0.019185 0.001850 0.016731 0.001170 
 0.019204 0.001950 0.016753 0.001250 
 0.019223 0.002440 0.016775 0.001190 
 0.019241 0.002380 0.016797 0.001230 
 0.019260 0.002971 0.016819 0.001050 
 0.019279 0.003131 0.016841 0.001070 
 0.019297 0.003601 0.016863 0.001100 
 0.019316 0.004261 0.016885 0.001220 
 0.019335 0.003811 0.016907 0.001300 
 0.019353 0.004701 0.016929 0.001230 
 0.019372 0.004951 0.016951 0.001120 
 0.019391 0.005571 0.016973 0.001210 
 0.019410 0.005621 0.016995 0.001230 
 0.019428 0.006261 0.017018 0.001040 
 0.019447 0.006551 0.017040 0.001330 
 0.019466 0.007181 0.017062 0.001300 
 0.019484 0.007841 0.017084 0.000970 
 0.019503 0.009172 0.017106 0.001420 
 0.019522 0.008472 0.017128 0.001250 
 0.019540 0.009842 0.017150 0.001270 
 0.019559 0.010102 0.017172 0.001360 
 0.019578 0.010962 0.017194 0.001270 
 0.019596 0.012082 0.017216 0.001450 
 0.019615 0.012462 0.017238 0.001160 
 0.019634 0.012912 0.017260 0.001480 
 0.019652 0.013402 0.017282 0.001110 
 0.019671 0.014363 0.017304 0.001460 
 0.019690 0.014673 0.017326 0.001290 
 0.019709 0.015563 0.017348 0.001240 
 0.019727 0.016703 0.017370 0.001460 
 0.019746 0.016603 0.017392 0.001490 
 0.019765 0.017063 0.017415 0.001430 
 0.019783 0.017823 0.017437 0.001580 
 0.019802 0.018533 0.017459 0.001350 
 0.019821 0.018763 0.017481 0.001420 
 0.019839 0.019834 0.017503 0.001580 
 0.019858 0.018403 0.017525 0.001470 
 0.019877 0.019353 0.017547 0.001590 
 0.019895 0.019263 0.017569 0.001440 
 0.019914 0.019804 0.017591 0.001420 
 0.019933 0.021314 0.017613 0.001510 
 0.019951 0.019774 0.017635 0.001600 
 0.019970 0.019714 0.017657 0.001550 
 0.019989 0.020284 0.017679 0.001640 
 0.020008 0.020294 0.017701 0.001520 
 0.020026 0.019013 0.017723 0.001660 
 0.020045 0.019724 0.017745 0.001680 
 0.020064 0.018623 0.017767 0.001630 
 0.020082 0.019073 0.017790 0.001590 
 0.020101 0.018783 0.017812 0.001730 
 0.020120 0.016963 0.017834 0.001730 
 0.020138 0.017073 0.017856 0.001660 
 0.020157 0.017403 0.017878 0.001790 
 0.020176 0.016093 0.017900 0.001760 
 0.020194 0.015973 0.017922 0.001800 
 0.020213 0.014253 0.017944 0.001870 
 0.020232 0.014353 0.017966 0.001590 
 0.020251 0.013242 0.017988 0.001670 
 0.020269 0.012652 0.018010 0.001800 
 0.020288 0.012452 0.018032 0.001600 
 0.020307 0.010782 0.018054 0.001680 
 0.020325 0.011022 0.018076 0.001750 
 0.020344 0.009412 0.018098 0.001820 
 0.020363 0.008972 0.018120 0.001840 
 0.020381 0.008091 0.018142 0.002070 
 0.020400 0.007391 0.018164 0.001710 
 0.020419 0.007201 0.018187 0.001730 
 0.020437 0.006121 0.018209 0.001810 
 0.020456 0.006111 0.018231 0.001780 
 0.020475 0.005381 0.018253 0.001810 
 0.020493 0.004911 0.018275 0.001880 
 0.020512 0.004261 0.018297 0.001610 
 0.020531 0.003561 0.018319 0.001830 
 0.020550 0.003301 0.018341 0.001860 
 0.020568 0.003041 0.018363 0.001610 
 0.020587 0.002861 0.018385 0.001760 
 0.020606 0.002690 0.018407 0.001950 
 0.020624 0.001930 0.018429 0.001760 
 0.020643 0.001880 0.018451 0.001800 
 0.020662 0.001590 0.018473 0.001540 
 0.020680 0.001200 0.018495 0.001990 
 0.020699 0.001150 0.018517 0.001870 
 0.020718 0.000950 0.018539 0.001710 
 0.020736 0.000690 0.018562 0.001920 
 0.020755 0.000650 0.018584 0.001770 
 0.020774 0.000560 0.018606 0.001870 
 0.020793 0.000330 0.018628 0.001830 
 0.020811 0.000270 0.018650 0.001880 
 0.020830 0.000290 0.018672 0.001720 
 0.020849 0.000150 0.018694 0.001660 
 0.020867 0.000150 0.018716 0.001770 
 0.020886 0.000040 0.018738 0.001970 
 0.020905 0.000070 0.018760 0.001770 
 0.020923 0.000050 0.018782 0.002110 
 0.020942 0.000040 0.018804 0.001870 
 0.020961 0.000050 0.018826 0.001900 
 0.020979 0.000040 0.018848 0.002060 
 0.020998 0.000020 0.018870 0.001840 
 0.021017 0.000000 0.018892 0.002020 
 0.021035 0.000010 0.018914 0.002080 
 0.021054 0.000000 0.018937 0.002010 
 0.021073 0.000000 0.018959 0.001900 
 0.021092 0.000000 0.018981 0.002220 
 0.021110 0.000010 0.019003 0.002110 
 0.021129 0.000010 0.019025 0.002180 
 0.021148 0.000000 0.019047 0.002110 
 0.021166 0.000000 0.019069 0.002380 
 0.021185 0.000000 0.019091 0.002150 
 0.021204 0.000000 0.019113 0.002070 
 0.021222 0.000010 0.019135 0.002340 
 0.021241 0.000010 0.019157 0.002220 
 0.021260 0.000000 0.019179 0.002250 
 0.021278 0.000000 0.019201 0.002560 
 0.021297 0.000000 0.019223 0.002400 
 0.021316 0.000000 0.019245 0.002400 
 0.021334 0.000000 0.019267 0.002680 
 0.021353 0.000000 0.019289 0.002450 
 0.021372 0.000010 0.019311 0.002580 
 0.021391 0.000000 0.019334 0.002300 
 0.021409 0.000000 0.019356 0.002811 
 0.021428 0.000000 0.019378 0.002410 
 0.021447 0.000000 0.019400 0.002841 
 0.021465 0.000000 0.019422 0.002750 
 0.021484 0.000000 0.019444 0.002540 
 0.021503 0.000000 0.019466 0.002660 
 0.021521 0.000000 0.019488 0.002781 
 0.021540 0.000000 0.019510 0.003201 
 0.021559 0.000000 0.019532 0.002871 
 0.021577 0.000000 0.019554 0.003001 
 0.021596 0.000000 0.019576 0.002941 
 0.021615 0.000000 0.019598 0.002951 
 0.021634 0.000000 0.019620 0.002911 
 0.021652 0.000000 0.019642 0.002921 
 0.021671 0.000000 0.019664 0.003101 
 0.021690 0.000000 0.019686 0.003091 
 0.021708 0.000000 0.019709 0.003101 
 0.021727 0.000000 0.019731 0.003201 
 0.021746 0.000000 0.019753 0.003341 
 0.021764 0.000000 0.019775 0.003051 
 0.021783 0.000000 0.019797 0.003031 
 0.021802 0.000000 0.019819 0.003141 
 0.021820 0.000000 0.019841 0.003181 
 0.021839 0.000000 0.019863 0.002951 
 0.021858 0.000000 0.019885 0.003041 
 0.021876 0.000000 0.019907 0.003161 
 0.021895 0.000000 0.019929 0.002791 
 0.021914 0.000000 0.019951 0.003381 
 0.021933 0.000000 0.019973 0.002921 
 0.021951 0.000000 0.019995 0.002760 
 0.021970 0.000000 0.020017 0.002921 
 0.021989 0.000000 0.020039 0.002410 
 0.022007 0.000000 0.020061 0.002700 
 0.022026 0.000000 0.020083 0.002700 
 0.022045 0.000000 0.020106 0.002500 
 0.022063 0.000000 0.020128 0.002440 
 0.022082 0.000000 0.020150 0.002290 
 0.022101 0.000000 0.020172 0.002360 
 0.022119 0.000000 0.020194 0.001910 
 0.022138 0.000000 0.020216 0.001940 
 0.022157 0.000000 0.020238 0.001880 
 0.022176 0.000000 0.020260 0.001740 
 0.022194 0.000000 0.020282 0.001750 
 0.022213 0.000000 0.020304 0.001660 
 0.022232 0.000000 0.020326 0.001270 
 0.022250 0.000000 0.020348 0.001370 
 0.022269 0.000000 0.020370 0.001240 
 0.022288 0.000000 0.020392 0.001210 
 0.022306 0.000000 0.020414 0.000970 
 0.022325 0.000000 0.020436 0.000920 
 0.022344 0.000000 0.020458 0.000780 
 0.022362 0.000000 0.020481 0.000630 
 0.022381 0.000000 0.020503 0.000530 
 0.022400 0.000000 0.020525 0.000470 
 0.022418 0.000010 0.020547 0.000550 
 0.022437 0.000000 0.020569 0.000470 
 0.022456 0.000000 0.020591 0.000430 
 0.022475 0.000000 0.020613 0.000380 
 0.022493 0.000000 0.020635 0.000330 
 0.022512 0.000000 0.020657 0.000190 
 0.022531 0.000000 0.020679 0.000190 
 0.022549 0.000000 0.020701 0.000130 
 0.022568 0.000000 0.020723 0.000120 
 0.022587 0.000000 0.020745 0.000100 
 0.022605 0.000000 0.020767 0.000060 
 0.022624 0.000000 0.020789 0.000090 
 0.022643 0.000000 0.020811 0.000070 
 0.022661 0.000000 0.020833 0.000050 
 0.022680 0.000000 0.020855 0.000020 
 0.022699 0.000000 0.020878 0.000020 
 0.022717 0.000000 0.020900 0.000020 
 0.022736 0.000000 0.020922 0.000020 
 0.022755 0.000000 0.020944 0.000000 
 0.022774 0.000000 0.020966 0.000000 
 0.022792 0.000000 0.020988 0.000000 
 0.022811 0.000000 0.021010 0.000000 
 0.022830 0.000000 0.021032 0.000010 
 0.022848 0.000000 0.021054 0.000000 
 0.022867 0.000000 0.021076 0.000000 
 0.022886 0.000000 0.021098 0.000000 
 0.022904 0.000000 0.021120 0.000000 
 0.022923 0.000000 0.021142 0.000000 
 0.022942 0.000000 0.021164 0.000000 
 0.022960 0.000000 0.021186 0.000000 
 0.022979 0.000000 0.021208 0.000000 
 0.022998 0.000000 0.021230 0.000000 
 0.023017 0.000000 0.021253 0.000000 
 0.023035 0.000000 0.021275 0.000000 
 0.023054 0.000000 0.021297 0.000000 
 0.023073 0.000000 0.021319 0.000000 
 0.023091 0.000000 0.021341 0.000000 
 0.023110 0.000000 0.021363 0.000000 
 0.023129 0.000000 0.021385 0.000000 
 0.023147 0.000000 0.021407 0.000000 
 0.023166 0.000000 0.021429 0.000000 
 0.023185 0.000000 0.021451 0.000000 
 0.023203 0.000000 0.021473 0.000000 
 0.023222 0.000000 0.021495 0.000000 
 0.023241 0.000000 0.021517 0.000000 
 0.023259 0.000000 0.021539 0.000000 
 0.023278 0.000000 0.021561 0.000000 
 0.023297 0.000000 0.021583 0.000000 
 0.023316 0.000000 0.021605 0.000000 
 0.023334 0.000000 0.021627 0.000000 
 0.023353 0.000000 0.021650 0.000000 
 0.023372 0.000000 0.021672 0.000000 
 0.023390 0.000000 0.021694 0.000000 
 0.023409 0.000000 0.021716 0.000000 
 0.023428 0.000000 0.021738 0.000000 
 0.023446 0.000000 0.021760 0.000000 
 0.023465 0.000000 0.021782 0.000000 
 0.023484 0.000000 0.021804 0.000000 
 0.023502 0.000000 0.021826 0.000000 
 0.023521 0.000000 0.021848 0.000000 
 0.023540 0.000000 0.021870 0.000000 
 0.023559 0.000000 0.021892 0.000000 
 0.023577 0.000000 0.021914 0.000000 
 0.023596 0.000000 0.021936 0.000000 
 0.023615 0.000000 0.021958 0.000000 
 0.023633 0.000000 0.021980 0.000000 
 0.023652 0.000000 0.022002 0.000000 
 0.023671 0.000000 0.022025 0.000000 
 0.023689 0.000010 0.022047 0.000010 
