#rbin[i] Nr[i] lbin[i] Nl[i]
 0.007165 0.000010 0.000024 0.000140 
 0.007187 0.000000 0.000045 0.000060 
 0.007209 0.000000 0.000067 0.000120 
 0.007231 0.000000 0.000089 0.000190 
 0.007253 0.000000 0.000111 0.000230 
 0.007275 0.000000 0.000133 0.000250 
 0.007297 0.000000 0.000155 0.000170 
 0.007319 0.000000 0.000177 0.000420 
 0.007341 0.000000 0.000199 0.000410 
 0.007363 0.000000 0.000221 0.000310 
 0.007384 0.000000 0.000243 0.000370 
 0.007406 0.000000 0.000265 0.000510 
 0.007428 0.000000 0.000287 0.000520 
 0.007450 0.000000 0.000309 0.000590 
 0.007472 0.000000 0.000331 0.000520 
 0.007494 0.000000 0.000353 0.000590 
 0.007516 0.000000 0.000375 0.000640 
 0.007538 0.000000 0.000397 0.000620 
 0.007560 0.000000 0.000419 0.000590 
 0.007582 0.000000 0.000441 0.000800 
 0.007604 0.000000 0.000463 0.000870 
 0.007626 0.000000 0.000485 0.000720 
 0.007648 0.000000 0.000507 0.000740 
 0.007670 0.000000 0.000529 0.000730 
 0.007691 0.000000 0.000551 0.000830 
 0.007713 0.000000 0.000573 0.000850 
 0.007735 0.000000 0.000595 0.000790 
 0.007757 0.000000 0.000617 0.000960 
 0.007779 0.000000 0.000639 0.000880 
 0.007801 0.000000 0.000661 0.000860 
 0.007823 0.000000 0.000683 0.000760 
 0.007845 0.000000 0.000705 0.001120 
 0.007867 0.000000 0.000727 0.000800 
 0.007889 0.000000 0.000749 0.001020 
 0.007911 0.000000 0.000771 0.001060 
 0.007933 0.000000 0.000793 0.000890 
 0.007955 0.000000 0.000815 0.001010 
 0.007977 0.000000 0.000837 0.000790 
 0.007999 0.000010 0.000859 0.001020 
 0.008020 0.000000 0.000881 0.001080 
 0.008042 0.000000 0.000903 0.000910 
 0.008064 0.000000 0.000925 0.001040 
 0.008086 0.000000 0.000947 0.001070 
 0.008108 0.000000 0.000969 0.001030 
 0.008130 0.000000 0.000991 0.001000 
 0.008152 0.000000 0.001013 0.000970 
 0.008174 0.000000 0.001035 0.001040 
 0.008196 0.000000 0.001057 0.001170 
 0.008218 0.000000 0.001079 0.000940 
 0.008240 0.000000 0.001101 0.001030 
 0.008262 0.000000 0.001123 0.001010 
 0.008284 0.000000 0.001145 0.000970 
 0.008306 0.000000 0.001167 0.000970 
 0.008327 0.000000 0.001189 0.000910 
 0.008349 0.000000 0.001211 0.000960 
 0.008371 0.000000 0.001233 0.000970 
 0.008393 0.000000 0.001255 0.001010 
 0.008415 0.000000 0.001277 0.000980 
 0.008437 0.000000 0.001299 0.001080 
 0.008459 0.000000 0.001321 0.001160 
 0.008481 0.000000 0.001343 0.001030 
 0.008503 0.000000 0.001365 0.001030 
 0.008525 0.000000 0.001387 0.000970 
 0.008547 0.000000 0.001409 0.000900 
 0.008569 0.000000 0.001431 0.000890 
 0.008591 0.000000 0.001453 0.001160 
 0.008613 0.000000 0.001475 0.001060 
 0.008635 0.000000 0.001497 0.000880 
 0.008656 0.000000 0.001518 0.000980 
 0.008678 0.000000 0.001540 0.000950 
 0.008700 0.000000 0.001562 0.001020 
 0.008722 0.000020 0.001584 0.000940 
 0.008744 0.000000 0.001606 0.001060 
 0.008766 0.000000 0.001628 0.000950 
 0.008788 0.000000 0.001650 0.001070 
 0.008810 0.000000 0.001672 0.000860 
 0.008832 0.000000 0.001694 0.000920 
 0.008854 0.000010 0.001716 0.000910 
 0.008876 0.000010 0.001738 0.000980 
 0.008898 0.000000 0.001760 0.001090 
 0.008920 0.000000 0.001782 0.000980 
 0.008942 0.000010 0.001804 0.000990 
 0.008963 0.000000 0.001826 0.000840 
 0.008985 0.000000 0.001848 0.000840 
 0.009007 0.000000 0.001870 0.000640 
 0.009029 0.000000 0.001892 0.000900 
 0.009051 0.000010 0.001914 0.000860 
 0.009073 0.000030 0.001936 0.001100 
 0.009095 0.000010 0.001958 0.001020 
 0.009117 0.000000 0.001980 0.000810 
 0.009139 0.000000 0.002002 0.000880 
 0.009161 0.000000 0.002024 0.000800 
 0.009183 0.000000 0.002046 0.000950 
 0.009205 0.000010 0.002068 0.001070 
 0.009227 0.000010 0.002090 0.001100 
 0.009249 0.000010 0.002112 0.000840 
 0.009271 0.000000 0.002134 0.000860 
 0.009292 0.000000 0.002156 0.000790 
 0.009314 0.000000 0.002178 0.000950 
 0.009336 0.000000 0.002200 0.000940 
 0.009358 0.000000 0.002222 0.000820 
 0.009380 0.000020 0.002244 0.000850 
 0.009402 0.000010 0.002266 0.001030 
 0.009424 0.000030 0.002288 0.001000 
 0.009446 0.000000 0.002310 0.001040 
 0.009468 0.000000 0.002332 0.000750 
 0.009490 0.000040 0.002354 0.000900 
 0.009512 0.000040 0.002376 0.000920 
 0.009534 0.000010 0.002398 0.000890 
 0.009556 0.000000 0.002420 0.001010 
 0.009578 0.000020 0.002442 0.001000 
 0.009599 0.000020 0.002464 0.000840 
 0.009621 0.000020 0.002486 0.001020 
 0.009643 0.000030 0.002508 0.000880 
 0.009665 0.000050 0.002530 0.000940 
 0.009687 0.000020 0.002552 0.000750 
 0.009709 0.000020 0.002574 0.001010 
 0.009731 0.000030 0.002596 0.000840 
 0.009753 0.000010 0.002618 0.000850 
 0.009775 0.000020 0.002640 0.000940 
 0.009797 0.000030 0.002662 0.000790 
 0.009819 0.000020 0.002684 0.000880 
 0.009841 0.000000 0.002706 0.000860 
 0.009863 0.000030 0.002728 0.000840 
 0.009885 0.000020 0.002750 0.000990 
 0.009907 0.000030 0.002772 0.001010 
 0.009928 0.000010 0.002794 0.000980 
 0.009950 0.000020 0.002816 0.000940 
 0.009972 0.000050 0.002838 0.000860 
 0.009994 0.000020 0.002860 0.000870 
 0.010016 0.000050 0.002882 0.000720 
 0.010038 0.000020 0.002904 0.000890 
 0.010060 0.000060 0.002926 0.000810 
 0.010082 0.000010 0.002948 0.000960 
 0.010104 0.000030 0.002970 0.000820 
 0.010126 0.000050 0.002991 0.000750 
 0.010148 0.000050 0.003013 0.000880 
 0.010170 0.000020 0.003035 0.000850 
 0.010192 0.000040 0.003057 0.000820 
 0.010214 0.000080 0.003079 0.000870 
 0.010235 0.000020 0.003101 0.000760 
 0.010257 0.000020 0.003123 0.000920 
 0.010279 0.000040 0.003145 0.001050 
 0.010301 0.000110 0.003167 0.000800 
 0.010323 0.000080 0.003189 0.000940 
 0.010345 0.000100 0.003211 0.000860 
 0.010367 0.000070 0.003233 0.000660 
 0.010389 0.000040 0.003255 0.000980 
 0.010411 0.000080 0.003277 0.000960 
 0.010433 0.000100 0.003299 0.000970 
 0.010455 0.000030 0.003321 0.000770 
 0.010477 0.000110 0.003343 0.000790 
 0.010499 0.000080 0.003365 0.000750 
 0.010521 0.000070 0.003387 0.000980 
 0.010543 0.000050 0.003409 0.000990 
 0.010564 0.000110 0.003431 0.000940 
 0.010586 0.000140 0.003453 0.000890 
 0.010608 0.000080 0.003475 0.000780 
 0.010630 0.000150 0.003497 0.000750 
 0.010652 0.000100 0.003519 0.000970 
 0.010674 0.000160 0.003541 0.000940 
 0.010696 0.000130 0.003563 0.000860 
 0.010718 0.000160 0.003585 0.000770 
 0.010740 0.000170 0.003607 0.000820 
 0.010762 0.000160 0.003629 0.000930 
 0.010784 0.000100 0.003651 0.000720 
 0.010806 0.000130 0.003673 0.000920 
 0.010828 0.000120 0.003695 0.000720 
 0.010850 0.000170 0.003717 0.000700 
 0.010871 0.000100 0.003739 0.001020 
 0.010893 0.000140 0.003761 0.000870 
 0.010915 0.000220 0.003783 0.000910 
 0.010937 0.000240 0.003805 0.000830 
 0.010959 0.000160 0.003827 0.000910 
 0.010981 0.000190 0.003849 0.000670 
 0.011003 0.000200 0.003871 0.000960 
 0.011025 0.000260 0.003893 0.000930 
 0.011047 0.000190 0.003915 0.000720 
 0.011069 0.000230 0.003937 0.000770 
 0.011091 0.000290 0.003959 0.000920 
 0.011113 0.000200 0.003981 0.000870 
 0.011135 0.000230 0.004003 0.000720 
 0.011157 0.000210 0.004025 0.000890 
 0.011179 0.000190 0.004047 0.000710 
 0.011200 0.000160 0.004069 0.000960 
 0.011222 0.000190 0.004091 0.000680 
 0.011244 0.000140 0.004113 0.000700 
 0.011266 0.000240 0.004135 0.000850 
 0.011288 0.000230 0.004157 0.000850 
 0.011310 0.000210 0.004179 0.000820 
 0.011332 0.000400 0.004201 0.000770 
 0.011354 0.000240 0.004223 0.000840 
 0.011376 0.000310 0.004245 0.000680 
 0.011398 0.000310 0.004267 0.000700 
 0.011420 0.000350 0.004289 0.000970 
 0.011442 0.000200 0.004311 0.000700 
 0.011464 0.000180 0.004333 0.000880 
 0.011486 0.000300 0.004355 0.000880 
 0.011507 0.000260 0.004377 0.000700 
 0.011529 0.000270 0.004399 0.000770 
 0.011551 0.000330 0.004421 0.000900 
 0.011573 0.000240 0.004443 0.000810 
 0.011595 0.000300 0.004464 0.000700 
 0.011617 0.000260 0.004486 0.000670 
 0.011639 0.000340 0.004508 0.000790 
 0.011661 0.000330 0.004530 0.000800 
 0.011683 0.000180 0.004552 0.000820 
 0.011705 0.000210 0.004574 0.000720 
 0.011727 0.000300 0.004596 0.000910 
 0.011749 0.000330 0.004618 0.000650 
 0.011771 0.000350 0.004640 0.000750 
 0.011793 0.000290 0.004662 0.000650 
 0.011815 0.000280 0.004684 0.000710 
 0.011836 0.000300 0.004706 0.000820 
 0.011858 0.000240 0.004728 0.000690 
 0.011880 0.000290 0.004750 0.000670 
 0.011902 0.000290 0.004772 0.000750 
 0.011924 0.000370 0.004794 0.000900 
 0.011946 0.000400 0.004816 0.000860 
 0.011968 0.000390 0.004838 0.000800 
 0.011990 0.000350 0.004860 0.000640 
 0.012012 0.000340 0.004882 0.000630 
 0.012034 0.000360 0.004904 0.000830 
 0.012056 0.000330 0.004926 0.000840 
 0.012078 0.000260 0.004948 0.000740 
 0.012100 0.000250 0.004970 0.000690 
 0.012122 0.000400 0.004992 0.000630 
 0.012143 0.000350 0.005014 0.000630 
 0.012165 0.000290 0.005036 0.000840 
 0.012187 0.000410 0.005058 0.000900 
 0.012209 0.000420 0.005080 0.000690 
 0.012231 0.000310 0.005102 0.000800 
 0.012253 0.000440 0.005124 0.000740 
 0.012275 0.000290 0.005146 0.000640 
 0.012297 0.000310 0.005168 0.000680 
 0.012319 0.000410 0.005190 0.000710 
 0.012341 0.000430 0.005212 0.000600 
 0.012363 0.000340 0.005234 0.000710 
 0.012385 0.000390 0.005256 0.000820 
 0.012407 0.000400 0.005278 0.000640 
 0.012429 0.000350 0.005300 0.000760 
 0.012451 0.000330 0.005322 0.000820 
 0.012472 0.000360 0.005344 0.000760 
 0.012494 0.000470 0.005366 0.000730 
 0.012516 0.000390 0.005388 0.000730 
 0.012538 0.000440 0.005410 0.000680 
 0.012560 0.000350 0.005432 0.000750 
 0.012582 0.000480 0.005454 0.000800 
 0.012604 0.000420 0.005476 0.000810 
 0.012626 0.000410 0.005498 0.000680 
 0.012648 0.000360 0.005520 0.000610 
 0.012670 0.000350 0.005542 0.000720 
 0.012692 0.000400 0.005564 0.000580 
 0.012714 0.000280 0.005586 0.000700 
 0.012736 0.000410 0.005608 0.000810 
 0.012758 0.000510 0.005630 0.000640 
 0.012779 0.000420 0.005652 0.000580 
 0.012801 0.000470 0.005674 0.000660 
 0.012823 0.000370 0.005696 0.000790 
 0.012845 0.000430 0.005718 0.000730 
 0.012867 0.000410 0.005740 0.000780 
 0.012889 0.000510 0.005762 0.000640 
 0.012911 0.000430 0.005784 0.000650 
 0.012933 0.000490 0.005806 0.000760 
 0.012955 0.000380 0.005828 0.000650 
 0.012977 0.000410 0.005850 0.000500 
 0.012999 0.000420 0.005872 0.000760 
 0.013021 0.000480 0.005894 0.000730 
 0.013043 0.000360 0.005916 0.000630 
 0.013065 0.000360 0.005937 0.000650 
 0.013087 0.000240 0.005959 0.000640 
 0.013108 0.000390 0.005981 0.000710 
 0.013130 0.000470 0.006003 0.000630 
 0.013152 0.000330 0.006025 0.000620 
 0.013174 0.000350 0.006047 0.000820 
 0.013196 0.000390 0.006069 0.000760 
 0.013218 0.000360 0.006091 0.000620 
 0.013240 0.000280 0.006113 0.000770 
 0.013262 0.000460 0.006135 0.000720 
 0.013284 0.000400 0.006157 0.000630 
 0.013306 0.000320 0.006179 0.000820 
 0.013328 0.000490 0.006201 0.000810 
 0.013350 0.000440 0.006223 0.000640 
 0.013372 0.000310 0.006245 0.000710 
 0.013394 0.000460 0.006267 0.000580 
 0.013415 0.000320 0.006289 0.000680 
 0.013437 0.000410 0.006311 0.000770 
 0.013459 0.000340 0.006333 0.000830 
 0.013481 0.000350 0.006355 0.000490 
 0.013503 0.000290 0.006377 0.000700 
 0.013525 0.000310 0.006399 0.000710 
 0.013547 0.000370 0.006421 0.000660 
 0.013569 0.000410 0.006443 0.000760 
 0.013591 0.000380 0.006465 0.000700 
 0.013613 0.000360 0.006487 0.000890 
 0.013635 0.000220 0.006509 0.000710 
 0.013657 0.000340 0.006531 0.000700 
 0.013679 0.000270 0.006553 0.000680 
 0.013701 0.000290 0.006575 0.000570 
 0.013723 0.000470 0.006597 0.000590 
 0.013744 0.000310 0.006619 0.000710 
 0.013766 0.000300 0.006641 0.000880 
 0.013788 0.000280 0.006663 0.000810 
 0.013810 0.000290 0.006685 0.000740 
 0.013832 0.000300 0.006707 0.000760 
 0.013854 0.000380 0.006729 0.000760 
 0.013876 0.000270 0.006751 0.000750 
 0.013898 0.000370 0.006773 0.000800 
 0.013920 0.000240 0.006795 0.000690 
 0.013942 0.000300 0.006817 0.000920 
 0.013964 0.000300 0.006839 0.000710 
 0.013986 0.000280 0.006861 0.000720 
 0.014008 0.000280 0.006883 0.000700 
 0.014030 0.000310 0.006905 0.000660 
 0.014051 0.000290 0.006927 0.000830 
 0.014073 0.000240 0.006949 0.000840 
 0.014095 0.000330 0.006971 0.000800 
 0.014117 0.000320 0.006993 0.000780 
 0.014139 0.000290 0.007015 0.000850 
 0.014161 0.000190 0.007037 0.000760 
 0.014183 0.000270 0.007059 0.000790 
 0.014205 0.000280 0.007081 0.000730 
 0.014227 0.000220 0.007103 0.000810 
 0.014249 0.000290 0.007125 0.000810 
 0.014271 0.000270 0.007147 0.000640 
 0.014293 0.000230 0.007169 0.000790 
 0.014315 0.000190 0.007191 0.000850 
 0.014337 0.000220 0.007213 0.000870 
 0.014359 0.000200 0.007235 0.000770 
 0.014380 0.000200 0.007257 0.000750 
 0.014402 0.000180 0.007279 0.000890 
 0.014424 0.000220 0.007301 0.000780 
 0.014446 0.000260 0.007323 0.000820 
 0.014468 0.000280 0.007345 0.000840 
 0.014490 0.000230 0.007367 0.000880 
 0.014512 0.000260 0.007389 0.000830 
 0.014534 0.000240 0.007410 0.000940 
 0.014556 0.000250 0.007432 0.000830 
 0.014578 0.000220 0.007454 0.000670 
 0.014600 0.000230 0.007476 0.000920 
 0.014622 0.000240 0.007498 0.001100 
 0.014644 0.000250 0.007520 0.000810 
 0.014666 0.000290 0.007542 0.000730 
 0.014687 0.000250 0.007564 0.000960 
 0.014709 0.000160 0.007586 0.000800 
 0.014731 0.000210 0.007608 0.000740 
 0.014753 0.000290 0.007630 0.000840 
 0.014775 0.000220 0.007652 0.000890 
 0.014797 0.000160 0.007674 0.000940 
 0.014819 0.000230 0.007696 0.000790 
 0.014841 0.000150 0.007718 0.000890 
 0.014863 0.000250 0.007740 0.001070 
 0.014885 0.000120 0.007762 0.001050 
 0.014907 0.000230 0.007784 0.000740 
 0.014929 0.000220 0.007806 0.000780 
 0.014951 0.000220 0.007828 0.000940 
 0.014973 0.000150 0.007850 0.000880 
 0.014995 0.000190 0.007872 0.000960 
 0.015016 0.000130 0.007894 0.000760 
 0.015038 0.000190 0.007916 0.000840 
 0.015060 0.000160 0.007938 0.000940 
 0.015082 0.000210 0.007960 0.000800 
 0.015104 0.000150 0.007982 0.000950 
 0.015126 0.000170 0.008004 0.000730 
 0.015148 0.000180 0.008026 0.001030 
 0.015170 0.000180 0.008048 0.000770 
 0.015192 0.000240 0.008070 0.000930 
 0.015214 0.000140 0.008092 0.000810 
 0.015236 0.000220 0.008114 0.001040 
 0.015258 0.000100 0.008136 0.000850 
 0.015280 0.000140 0.008158 0.000810 
 0.015302 0.000140 0.008180 0.000920 
 0.015323 0.000250 0.008202 0.000870 
 0.015345 0.000140 0.008224 0.000830 
 0.015367 0.000200 0.008246 0.000810 
 0.015389 0.000150 0.008268 0.001060 
 0.015411 0.000210 0.008290 0.000830 
 0.015433 0.000160 0.008312 0.000840 
 0.015455 0.000120 0.008334 0.000660 
 0.015477 0.000180 0.008356 0.000830 
 0.015499 0.000190 0.008378 0.000800 
 0.015521 0.000220 0.008400 0.000940 
 0.015543 0.000180 0.008422 0.000890 
 0.015565 0.000200 0.008444 0.000850 
 0.015587 0.000130 0.008466 0.000750 
 0.015609 0.000300 0.008488 0.000850 
 0.015631 0.000150 0.008510 0.000810 
 0.015652 0.000180 0.008532 0.000800 
 0.015674 0.000110 0.008554 0.000820 
 0.015696 0.000190 0.008576 0.000940 
 0.015718 0.000210 0.008598 0.000880 
 0.015740 0.000230 0.008620 0.000870 
 0.015762 0.000180 0.008642 0.000820 
 0.015784 0.000230 0.008664 0.000720 
 0.015806 0.000200 0.008686 0.001020 
 0.015828 0.000220 0.008708 0.000760 
 0.015850 0.000130 0.008730 0.000940 
 0.015872 0.000160 0.008752 0.000740 
 0.015894 0.000190 0.008774 0.000890 
 0.015916 0.000140 0.008796 0.000830 
 0.015938 0.000210 0.008818 0.000760 
 0.015959 0.000160 0.008840 0.000800 
 0.015981 0.000160 0.008862 0.000800 
 0.016003 0.000140 0.008884 0.000790 
 0.016025 0.000190 0.008905 0.000820 
 0.016047 0.000160 0.008927 0.000910 
 0.016069 0.000240 0.008949 0.000800 
 0.016091 0.000120 0.008971 0.000800 
 0.016113 0.000110 0.008993 0.000720 
 0.016135 0.000130 0.009015 0.000910 
 0.016157 0.000150 0.009037 0.000870 
 0.016179 0.000150 0.009059 0.000800 
 0.016201 0.000200 0.009081 0.000860 
 0.016223 0.000190 0.009103 0.001000 
 0.016245 0.000140 0.009125 0.000840 
 0.016267 0.000180 0.009147 0.000830 
 0.016288 0.000120 0.009169 0.000810 
 0.016310 0.000240 0.009191 0.000780 
 0.016332 0.000220 0.009213 0.000780 
 0.016354 0.000200 0.009235 0.000840 
 0.016376 0.000120 0.009257 0.000940 
 0.016398 0.000150 0.009279 0.000990 
 0.016420 0.000090 0.009301 0.000660 
 0.016442 0.000190 0.009323 0.000780 
 0.016464 0.000150 0.009345 0.000910 
 0.016486 0.000150 0.009367 0.001090 
 0.016508 0.000130 0.009389 0.000760 
 0.016530 0.000120 0.009411 0.000820 
 0.016552 0.000130 0.009433 0.000910 
 0.016574 0.000170 0.009455 0.000930 
 0.016595 0.000140 0.009477 0.000770 
 0.016617 0.000120 0.009499 0.000860 
 0.016639 0.000130 0.009521 0.000960 
 0.016661 0.000130 0.009543 0.000800 
 0.016683 0.000190 0.009565 0.000850 
 0.016705 0.000130 0.009587 0.000810 
 0.016727 0.000170 0.009609 0.000990 
 0.016749 0.000120 0.009631 0.000860 
 0.016771 0.000120 0.009653 0.000960 
 0.016793 0.000150 0.009675 0.000870 
 0.016815 0.000100 0.009697 0.000820 
 0.016837 0.000130 0.009719 0.000980 
 0.016859 0.000190 0.009741 0.000960 
 0.016881 0.000170 0.009763 0.000840 
 0.016903 0.000130 0.009785 0.000890 
 0.016924 0.000160 0.009807 0.000860 
 0.016946 0.000170 0.009829 0.000890 
 0.016968 0.000090 0.009851 0.000830 
 0.016990 0.000170 0.009873 0.000800 
 0.017012 0.000190 0.009895 0.000830 
 0.017034 0.000180 0.009917 0.000790 
 0.017056 0.000090 0.009939 0.000830 
 0.017078 0.000080 0.009961 0.000780 
 0.017100 0.000140 0.009983 0.000960 
 0.017122 0.000140 0.010005 0.000760 
 0.017144 0.000090 0.010027 0.000900 
 0.017166 0.000100 0.010049 0.001010 
 0.017188 0.000130 0.010071 0.000830 
 0.017210 0.000120 0.010093 0.000800 
 0.017231 0.000160 0.010115 0.000890 
 0.017253 0.000110 0.010137 0.000920 
 0.017275 0.000130 0.010159 0.000850 
 0.017297 0.000130 0.010181 0.000880 
 0.017319 0.000170 0.010203 0.001020 
 0.017341 0.000070 0.010225 0.001060 
 0.017363 0.000160 0.010247 0.000830 
 0.017385 0.000090 0.010269 0.000910 
 0.017407 0.000140 0.010291 0.000970 
 0.017429 0.000130 0.010313 0.000920 
 0.017451 0.000140 0.010335 0.000740 
 0.017473 0.000160 0.010357 0.001110 
 0.017495 0.000130 0.010378 0.000930 
 0.017517 0.000190 0.010400 0.000830 
 0.017539 0.000270 0.010422 0.000750 
 0.017560 0.000130 0.010444 0.001090 
 0.017582 0.000230 0.010466 0.000880 
 0.017604 0.000250 0.010488 0.000800 
 0.017626 0.000290 0.010510 0.000940 
 0.017648 0.000270 0.010532 0.000780 
 0.017670 0.000260 0.010554 0.000810 
 0.017692 0.000330 0.010576 0.000940 
 0.017714 0.000400 0.010598 0.001030 
 0.017736 0.000490 0.010620 0.000990 
 0.017758 0.000520 0.010642 0.001050 
 0.017780 0.000570 0.010664 0.000950 
 0.017802 0.000570 0.010686 0.000810 
 0.017824 0.000540 0.010708 0.000930 
 0.017846 0.000760 0.010730 0.000850 
 0.017867 0.000820 0.010752 0.001110 
 0.017889 0.001050 0.010774 0.000930 
 0.017911 0.000980 0.010796 0.001060 
 0.017933 0.001300 0.010818 0.000900 
 0.017955 0.001410 0.010840 0.000820 
 0.017977 0.001830 0.010862 0.001200 
 0.017999 0.002090 0.010884 0.001210 
 0.018021 0.002250 0.010906 0.001000 
 0.018043 0.002280 0.010928 0.001020 
 0.018065 0.002740 0.010950 0.000990 
 0.018087 0.002841 0.010972 0.000970 
 0.018109 0.003181 0.010994 0.001050 
 0.018131 0.003721 0.011016 0.001060 
 0.018153 0.004191 0.011038 0.001120 
 0.018175 0.004481 0.011060 0.001070 
 0.018196 0.004991 0.011082 0.000920 
 0.018218 0.005291 0.011104 0.001010 
 0.018240 0.006301 0.011126 0.000940 
 0.018262 0.006611 0.011148 0.001140 
 0.018284 0.007001 0.011170 0.001070 
 0.018306 0.008251 0.011192 0.001200 
 0.018328 0.008602 0.011214 0.001260 
 0.018350 0.009742 0.011236 0.000960 
 0.018372 0.010162 0.011258 0.001100 
 0.018394 0.010762 0.011280 0.000960 
 0.018416 0.011422 0.011302 0.001000 
 0.018438 0.012452 0.011324 0.001100 
 0.018460 0.013812 0.011346 0.001090 
 0.018482 0.013282 0.011368 0.001020 
 0.018503 0.014163 0.011390 0.001300 
 0.018525 0.015313 0.011412 0.001110 
 0.018547 0.015123 0.011434 0.000950 
 0.018569 0.015583 0.011456 0.001020 
 0.018591 0.015853 0.011478 0.001090 
 0.018613 0.017183 0.011500 0.001090 
 0.018635 0.016813 0.011522 0.001040 
 0.018657 0.016973 0.011544 0.000900 
 0.018679 0.016823 0.011566 0.001130 
 0.018701 0.017153 0.011588 0.001130 
 0.018723 0.017313 0.011610 0.001090 
 0.018745 0.017333 0.011632 0.001210 
 0.018767 0.017243 0.011654 0.001090 
 0.018789 0.017083 0.011676 0.001200 
 0.018811 0.016523 0.011698 0.001160 
 0.018832 0.016843 0.011720 0.001060 
 0.018854 0.016503 0.011742 0.001120 
 0.018876 0.016213 0.011764 0.000950 
 0.018898 0.016033 0.011786 0.001190 
 0.018920 0.015073 0.011808 0.001160 
 0.018942 0.016433 0.011830 0.001310 
 0.018964 0.015113 0.011851 0.001050 
 0.018986 0.014743 0.011873 0.001270 
 0.019008 0.014223 0.011895 0.000980 
 0.019030 0.014303 0.011917 0.001140 
 0.019052 0.013923 0.011939 0.001200 
 0.019074 0.013222 0.011961 0.001180 
 0.019096 0.013402 0.011983 0.001230 
 0.019118 0.012932 0.012005 0.001140 
 0.019139 0.012172 0.012027 0.001290 
 0.019161 0.012572 0.012049 0.000980 
 0.019183 0.011552 0.012071 0.001220 
 0.019205 0.011642 0.012093 0.001210 
 0.019227 0.010622 0.012115 0.001020 
 0.019249 0.011102 0.012137 0.001080 
 0.019271 0.010092 0.012159 0.001060 
 0.019293 0.010132 0.012181 0.001130 
 0.019315 0.009682 0.012203 0.001170 
 0.019337 0.009372 0.012225 0.000970 
 0.019359 0.008552 0.012247 0.001110 
 0.019381 0.008762 0.012269 0.001180 
 0.019403 0.008552 0.012291 0.001090 
 0.019425 0.007551 0.012313 0.001150 
 0.019447 0.007571 0.012335 0.001030 
 0.019468 0.006591 0.012357 0.001230 
 0.019490 0.007121 0.012379 0.001130 
 0.019512 0.006901 0.012401 0.001270 
 0.019534 0.006331 0.012423 0.001210 
 0.019556 0.006411 0.012445 0.001250 
 0.019578 0.005631 0.012467 0.001150 
 0.019600 0.005541 0.012489 0.001080 
 0.019622 0.005211 0.012511 0.001250 
 0.019644 0.004921 0.012533 0.001050 
 0.019666 0.004721 0.012555 0.001210 
 0.019688 0.003831 0.012577 0.001300 
 0.019710 0.004561 0.012599 0.001020 
 0.019732 0.004401 0.012621 0.001100 
 0.019754 0.004151 0.012643 0.001200 
 0.019775 0.003951 0.012665 0.001200 
 0.019797 0.003341 0.012687 0.001090 
 0.019819 0.003451 0.012709 0.001020 
 0.019841 0.002871 0.012731 0.001280 
 0.019863 0.002760 0.012753 0.001270 
 0.019885 0.002700 0.012775 0.001080 
 0.019907 0.003091 0.012797 0.001080 
 0.019929 0.002650 0.012819 0.001090 
 0.019951 0.002330 0.012841 0.001360 
 0.019973 0.002400 0.012863 0.001050 
 0.019995 0.002140 0.012885 0.001120 
 0.020017 0.002110 0.012907 0.001080 
 0.020039 0.001990 0.012929 0.001060 
 0.020061 0.001900 0.012951 0.001240 
 0.020082 0.001650 0.012973 0.001000 
 0.020104 0.001640 0.012995 0.001140 
 0.020126 0.001530 0.013017 0.001220 
 0.020148 0.001290 0.013039 0.001170 
 0.020170 0.001390 0.013061 0.001070 
 0.020192 0.001320 0.013083 0.001090 
 0.020214 0.001170 0.013105 0.001140 
 0.020236 0.001030 0.013127 0.001180 
 0.020258 0.001050 0.013149 0.001100 
 0.020280 0.001110 0.013171 0.001020 
 0.020302 0.001100 0.013193 0.001180 
 0.020324 0.000920 0.013215 0.001130 
 0.020346 0.000810 0.013237 0.001140 
 0.020368 0.000750 0.013259 0.001050 
 0.020390 0.000860 0.013281 0.001120 
 0.020411 0.000840 0.013303 0.000960 
 0.020433 0.000660 0.013324 0.001190 
 0.020455 0.000640 0.013346 0.001030 
 0.020477 0.000650 0.013368 0.001040 
 0.020499 0.000680 0.013390 0.001070 
 0.020521 0.000540 0.013412 0.001130 
 0.020543 0.000550 0.013434 0.001070 
 0.020565 0.000450 0.013456 0.001040 
 0.020587 0.000450 0.013478 0.001040 
 0.020609 0.000520 0.013500 0.001110 
 0.020631 0.000460 0.013522 0.001080 
 0.020653 0.000400 0.013544 0.001080 
 0.020675 0.000460 0.013566 0.001130 
 0.020697 0.000280 0.013588 0.001040 
 0.020719 0.000330 0.013610 0.001240 
 0.020740 0.000290 0.013632 0.001050 
 0.020762 0.000270 0.013654 0.000960 
 0.020784 0.000260 0.013676 0.001150 
 0.020806 0.000270 0.013698 0.000980 
 0.020828 0.000270 0.013720 0.000950 
 0.020850 0.000230 0.013742 0.001060 
 0.020872 0.000250 0.013764 0.001050 
 0.020894 0.000180 0.013786 0.001150 
 0.020916 0.000240 0.013808 0.000970 
 0.020938 0.000180 0.013830 0.001120 
 0.020960 0.000150 0.013852 0.001030 
 0.020982 0.000190 0.013874 0.001100 
 0.021004 0.000170 0.013896 0.001130 
 0.021026 0.000160 0.013918 0.001280 
 0.021047 0.000140 0.013940 0.001150 
 0.021069 0.000110 0.013962 0.000980 
 0.021091 0.000190 0.013984 0.001080 
 0.021113 0.000120 0.014006 0.001170 
 0.021135 0.000140 0.014028 0.001140 
 0.021157 0.000090 0.014050 0.001120 
 0.021179 0.000120 0.014072 0.000940 
 0.021201 0.000110 0.014094 0.001140 
 0.021223 0.000100 0.014116 0.000990 
 0.021245 0.000040 0.014138 0.001050 
 0.021267 0.000100 0.014160 0.001010 
 0.021289 0.000070 0.014182 0.001180 
 0.021311 0.000040 0.014204 0.001170 
 0.021333 0.000040 0.014226 0.001060 
 0.021354 0.000070 0.014248 0.001170 
 0.021376 0.000050 0.014270 0.001280 
 0.021398 0.000100 0.014292 0.000970 
 0.021420 0.000060 0.014314 0.000960 
 0.021442 0.000020 0.014336 0.001130 
 0.021464 0.000100 0.014358 0.001120 
 0.021486 0.000020 0.014380 0.001020 
 0.021508 0.000040 0.014402 0.001090 
 0.021530 0.000060 0.014424 0.001140 
 0.021552 0.000030 0.014446 0.000870 
 0.021574 0.000050 0.014468 0.001200 
 0.021596 0.000030 0.014490 0.001120 
 0.021618 0.000000 0.014512 0.001050 
 0.021640 0.000000 0.014534 0.001050 
 0.021662 0.000000 0.014556 0.000990 
 0.021683 0.000010 0.014578 0.001190 
 0.021705 0.000020 0.014600 0.001200 
 0.021727 0.000020 0.014622 0.001130 
 0.021749 0.000010 0.014644 0.000970 
 0.021771 0.000000 0.014666 0.000950 
 0.021793 0.000010 0.014688 0.001140 
 0.021815 0.000020 0.014710 0.000950 
 0.021837 0.000010 0.014732 0.001020 
 0.021859 0.000000 0.014754 0.001110 
 0.021881 0.000020 0.014776 0.001060 
 0.021903 0.000020 0.014797 0.001160 
 0.021925 0.000000 0.014819 0.001030 
 0.021947 0.000000 0.014841 0.001080 
 0.021969 0.000010 0.014863 0.001090 
 0.021990 0.000000 0.014885 0.000970 
 0.022012 0.000020 0.014907 0.001180 
 0.022034 0.000010 0.014929 0.001120 
 0.022056 0.000010 0.014951 0.000970 
 0.022078 0.000000 0.014973 0.001260 
 0.022100 0.000000 0.014995 0.001180 
 0.022122 0.000000 0.015017 0.001000 
 0.022144 0.000000 0.015039 0.000990 
 0.022166 0.000000 0.015061 0.001150 
 0.022188 0.000000 0.015083 0.001090 
 0.022210 0.000000 0.015105 0.001160 
 0.022232 0.000000 0.015127 0.001250 
 0.022254 0.000000 0.015149 0.001050 
 0.022276 0.000000 0.015171 0.001110 
 0.022298 0.000000 0.015193 0.001050 
 0.022319 0.000000 0.015215 0.001350 
 0.022341 0.000000 0.015237 0.001050 
 0.022363 0.000000 0.015259 0.001300 
 0.022385 0.000000 0.015281 0.001140 
 0.022407 0.000000 0.015303 0.001090 
 0.022429 0.000010 0.015325 0.001330 
 0.022451 0.000000 0.015347 0.001200 
 0.022473 0.000000 0.015369 0.001090 
 0.022495 0.000000 0.015391 0.001150 
 0.022517 0.000000 0.015413 0.001190 
 0.022539 0.000000 0.015435 0.001340 
 0.022561 0.000000 0.015457 0.001260 
 0.022583 0.000000 0.015479 0.001110 
 0.022605 0.000010 0.015501 0.001200 
 0.022626 0.000000 0.015523 0.001300 
 0.022648 0.000000 0.015545 0.001200 
 0.022670 0.000000 0.015567 0.001130 
 0.022692 0.000000 0.015589 0.001150 
 0.022714 0.000000 0.015611 0.000910 
 0.022736 0.000000 0.015633 0.001210 
 0.022758 0.000000 0.015655 0.001280 
 0.022780 0.000000 0.015677 0.001190 
 0.022802 0.000000 0.015699 0.001250 
 0.022824 0.000000 0.015721 0.001170 
 0.022846 0.000000 0.015743 0.001160 
 0.022868 0.000000 0.015765 0.001050 
 0.022890 0.000000 0.015787 0.001130 
 0.022912 0.000000 0.015809 0.001270 
 0.022934 0.000000 0.015831 0.001240 
 0.022955 0.000000 0.015853 0.001290 
 0.022977 0.000000 0.015875 0.001200 
 0.022999 0.000000 0.015897 0.001170 
 0.023021 0.000000 0.015919 0.001220 
 0.023043 0.000000 0.015941 0.001270 
 0.023065 0.000000 0.015963 0.001120 
 0.023087 0.000000 0.015985 0.001150 
 0.023109 0.000000 0.016007 0.001200 
 0.023131 0.000000 0.016029 0.001150 
 0.023153 0.000000 0.016051 0.001200 
 0.023175 0.000000 0.016073 0.001310 
 0.023197 0.000000 0.016095 0.001220 
 0.023219 0.000000 0.016117 0.001170 
 0.023241 0.000000 0.016139 0.001220 
 0.023262 0.000000 0.016161 0.001110 
 0.023284 0.000000 0.016183 0.001200 
 0.023306 0.000000 0.016205 0.001180 
 0.023328 0.000010 0.016227 0.001020 
 0.023350 0.000000 0.016249 0.001180 
 0.023372 0.000000 0.016271 0.001250 
 0.023394 0.000000 0.016292 0.001050 
 0.023416 0.000000 0.016314 0.001280 
 0.023438 0.000000 0.016336 0.001260 
 0.023460 0.000000 0.016358 0.001050 
 0.023482 0.000000 0.016380 0.001090 
 0.023504 0.000000 0.016402 0.001260 
 0.023526 0.000000 0.016424 0.001220 
 0.023548 0.000000 0.016446 0.001040 
 0.023570 0.000000 0.016468 0.001280 
 0.023591 0.000000 0.016490 0.001220 
 0.023613 0.000000 0.016512 0.001240 
 0.023635 0.000000 0.016534 0.001170 
 0.023657 0.000000 0.016556 0.001290 
 0.023679 0.000000 0.016578 0.001240 
 0.023701 0.000000 0.016600 0.001050 
 0.023723 0.000000 0.016622 0.001190 
 0.023745 0.000000 0.016644 0.001080 
 0.023767 0.000000 0.016666 0.001480 
 0.023789 0.000000 0.016688 0.001310 
 0.023811 0.000000 0.016710 0.001210 
 0.023833 0.000000 0.016732 0.001320 
 0.023855 0.000010 0.016754 0.001260 
 0.023877 0.000000 0.016776 0.001160 
 0.023898 0.000000 0.016798 0.001200 
 0.023920 0.000000 0.016820 0.001250 
 0.023942 0.000000 0.016842 0.001290 
 0.023964 0.000000 0.016864 0.001230 
 0.023986 0.000000 0.016886 0.001420 
 0.024008 0.000000 0.016908 0.001240 
 0.024030 0.000000 0.016930 0.001300 
 0.024052 0.000000 0.016952 0.001390 
 0.024074 0.000000 0.016974 0.001200 
 0.024096 0.000010 0.016996 0.001540 
 0.024118 0.000000 0.017018 0.001250 
 0.024140 0.000000 0.017040 0.001390 
 0.024162 0.000000 0.017062 0.001370 
 0.024184 0.000000 0.017084 0.001250 
 0.024206 0.000000 0.017106 0.001360 
 0.024227 0.000000 0.017128 0.001520 
 0.024249 0.000000 0.017150 0.001730 
 0.024271 0.000000 0.017172 0.001630 
 0.024293 0.000000 0.017194 0.001380 
 0.024315 0.000000 0.017216 0.001490 
 0.024337 0.000000 0.017238 0.001330 
 0.024359 0.000000 0.017260 0.001680 
 0.024381 0.000000 0.017282 0.001400 
 0.024403 0.000000 0.017304 0.001440 
 0.024425 0.000000 0.017326 0.001490 
 0.024447 0.000000 0.017348 0.001490 
 0.024469 0.000000 0.017370 0.001490 
 0.024491 0.000000 0.017392 0.001840 
 0.024513 0.000000 0.017414 0.001810 
 0.024534 0.000000 0.017436 0.001640 
 0.024556 0.000000 0.017458 0.001930 
 0.024578 0.000000 0.017480 0.001820 
 0.024600 0.000000 0.017502 0.001800 
 0.024622 0.000000 0.017524 0.001830 
 0.024644 0.000000 0.017546 0.001740 
 0.024666 0.000000 0.017568 0.002000 
 0.024688 0.000000 0.017590 0.001810 
 0.024710 0.000000 0.017612 0.001830 
 0.024732 0.000000 0.017634 0.002090 
 0.024754 0.000000 0.017656 0.002090 
 0.024776 0.000000 0.017678 0.002380 
 0.024798 0.000000 0.017700 0.002130 
 0.024820 0.000000 0.017722 0.002070 
 0.024842 0.000000 0.017744 0.002130 
 0.024863 0.000000 0.017765 0.002320 
 0.024885 0.000000 0.017787 0.002180 
 0.024907 0.000000 0.017809 0.002250 
 0.024929 0.000000 0.017831 0.002430 
 0.024951 0.000000 0.017853 0.002420 
 0.024973 0.000000 0.017875 0.002700 
 0.024995 0.000000 0.017897 0.002740 
 0.025017 0.000000 0.017919 0.002510 
 0.025039 0.000000 0.017941 0.002811 
 0.025061 0.000000 0.017963 0.002811 
 0.025083 0.000000 0.017985 0.002871 
 0.025105 0.000000 0.018007 0.003021 
 0.025127 0.000000 0.018029 0.003301 
 0.025149 0.000000 0.018051 0.003201 
 0.025170 0.000000 0.018073 0.003271 
 0.025192 0.000000 0.018095 0.003181 
 0.025214 0.000000 0.018117 0.003411 
 0.025236 0.000000 0.018139 0.003101 
 0.025258 0.000000 0.018161 0.003791 
 0.025280 0.000000 0.018183 0.003741 
 0.025302 0.000000 0.018205 0.003671 
 0.025324 0.000000 0.018227 0.003581 
 0.025346 0.000000 0.018249 0.003431 
 0.025368 0.000000 0.018271 0.003981 
 0.025390 0.000000 0.018293 0.004021 
 0.025412 0.000000 0.018315 0.003521 
 0.025434 0.000000 0.018337 0.003781 
 0.025456 0.000000 0.018359 0.004311 
 0.025478 0.000000 0.018381 0.003811 
 0.025499 0.000000 0.018403 0.004151 
 0.025521 0.000000 0.018425 0.003861 
 0.025543 0.000000 0.018447 0.004251 
 0.025565 0.000000 0.018469 0.003451 
 0.025587 0.000000 0.018491 0.004161 
 0.025609 0.000000 0.018513 0.004161 
 0.025631 0.000000 0.018535 0.003411 
 0.025653 0.000000 0.018557 0.003791 
 0.025675 0.000000 0.018579 0.003361 
 0.025697 0.000000 0.018601 0.003911 
 0.025719 0.000000 0.018623 0.003401 
 0.025741 0.000000 0.018645 0.003531 
 0.025763 0.000000 0.018667 0.003281 
 0.025785 0.000000 0.018689 0.002720 
 0.025806 0.000000 0.018711 0.003211 
 0.025828 0.000000 0.018733 0.002991 
 0.025850 0.000000 0.018755 0.003221 
 0.025872 0.000000 0.018777 0.002911 
 0.025894 0.000000 0.018799 0.002640 
 0.025916 0.000000 0.018821 0.002510 
 0.025938 0.000000 0.018843 0.002430 
 0.025960 0.000000 0.018865 0.002190 
 0.025982 0.000000 0.018887 0.002460 
 0.026004 0.000000 0.018909 0.002130 
 0.026026 0.000000 0.018931 0.002270 
 0.026048 0.000000 0.018953 0.002000 
 0.026070 0.000000 0.018975 0.002090 
 0.026092 0.000000 0.018997 0.001720 
 0.026114 0.000000 0.019019 0.001890 
 0.026135 0.000000 0.019041 0.001720 
 0.026157 0.000000 0.019063 0.001610 
 0.026179 0.000000 0.019085 0.001760 
 0.026201 0.000000 0.019107 0.001400 
 0.026223 0.000000 0.019129 0.001340 
 0.026245 0.000000 0.019151 0.001390 
 0.026267 0.000000 0.019173 0.001330 
 0.026289 0.000000 0.019195 0.001330 
 0.026311 0.000000 0.019217 0.001250 
 0.026333 0.000000 0.019238 0.001170 
 0.026355 0.000000 0.019260 0.001150 
 0.026377 0.000000 0.019282 0.001070 
 0.026399 0.000000 0.019304 0.000820 
 0.026421 0.000000 0.019326 0.001040 
 0.026442 0.000000 0.019348 0.001040 
 0.026464 0.000000 0.019370 0.000820 
 0.026486 0.000000 0.019392 0.000890 
 0.026508 0.000000 0.019414 0.000830 
 0.026530 0.000000 0.019436 0.000740 
 0.026552 0.000000 0.019458 0.000650 
 0.026574 0.000000 0.019480 0.000740 
 0.026596 0.000000 0.019502 0.000680 
 0.026618 0.000000 0.019524 0.000560 
 0.026640 0.000000 0.019546 0.000590 
 0.026662 0.000000 0.019568 0.000710 
 0.026684 0.000000 0.019590 0.000430 
 0.026706 0.000000 0.019612 0.000470 
 0.026728 0.000000 0.019634 0.000430 
 0.026750 0.000000 0.019656 0.000540 
 0.026771 0.000000 0.019678 0.000400 
 0.026793 0.000010 0.019700 0.000450 
 0.026815 0.000000 0.019722 0.000410 
 0.026837 0.000000 0.019744 0.000410 
 0.026859 0.000000 0.019766 0.000320 
 0.026881 0.000000 0.019788 0.000270 
 0.026903 0.000000 0.019810 0.000390 
 0.026925 0.000000 0.019832 0.000230 
 0.026947 0.000000 0.019854 0.000180 
 0.026969 0.000000 0.019876 0.000280 
 0.026991 0.000000 0.019898 0.000210 
 0.027013 0.000000 0.019920 0.000330 
 0.027035 0.000000 0.019942 0.000190 
 0.027057 0.000000 0.019964 0.000310 
 0.027078 0.000000 0.019986 0.000210 
 0.027100 0.000010 0.020008 0.000190 
 0.027122 0.000000 0.020030 0.000280 
 0.027144 0.000000 0.020052 0.000270 
 0.027166 0.000000 0.020074 0.000130 
 0.027188 0.000000 0.020096 0.000130 
 0.027210 0.000000 0.020118 0.000250 
 0.027232 0.000000 0.020140 0.000130 
 0.027254 0.000000 0.020162 0.000180 
 0.027276 0.000000 0.020184 0.000180 
 0.027298 0.000000 0.020206 0.000190 
 0.027320 0.000000 0.020228 0.000060 
 0.027342 0.000000 0.020250 0.000180 
 0.027364 0.000000 0.020272 0.000130 
 0.027386 0.000000 0.020294 0.000120 
 0.027407 0.000000 0.020316 0.000090 
 0.027429 0.000000 0.020338 0.000090 
 0.027451 0.000000 0.020360 0.000130 
 0.027473 0.000000 0.020382 0.000130 
 0.027495 0.000000 0.020404 0.000110 
 0.027517 0.000000 0.020426 0.000040 
 0.027539 0.000000 0.020448 0.000100 
 0.027561 0.000000 0.020470 0.000070 
 0.027583 0.000000 0.020492 0.000110 
 0.027605 0.000000 0.020514 0.000070 
 0.027627 0.000000 0.020536 0.000130 
 0.027649 0.000000 0.020558 0.000060 
 0.027671 0.000000 0.020580 0.000050 
 0.027693 0.000000 0.020602 0.000110 
 0.027714 0.000000 0.020624 0.000070 
 0.027736 0.000000 0.020646 0.000040 
 0.027758 0.000000 0.020668 0.000070 
 0.027780 0.000000 0.020690 0.000020 
 0.027802 0.000000 0.020711 0.000060 
 0.027824 0.000000 0.020733 0.000040 
 0.027846 0.000000 0.020755 0.000040 
 0.027868 0.000000 0.020777 0.000090 
 0.027890 0.000000 0.020799 0.000070 
 0.027912 0.000000 0.020821 0.000060 
 0.027934 0.000000 0.020843 0.000060 
 0.027956 0.000000 0.020865 0.000000 
 0.027978 0.000000 0.020887 0.000040 
 0.028000 0.000000 0.020909 0.000030 
 0.028022 0.000000 0.020931 0.000020 
 0.028043 0.000000 0.020953 0.000050 
 0.028065 0.000000 0.020975 0.000020 
 0.028087 0.000000 0.020997 0.000040 
 0.028109 0.000000 0.021019 0.000030 
 0.028131 0.000000 0.021041 0.000070 
 0.028153 0.000000 0.021063 0.000040 
 0.028175 0.000000 0.021085 0.000010 
 0.028197 0.000000 0.021107 0.000020 
 0.028219 0.000000 0.021129 0.000020 
 0.028241 0.000000 0.021151 0.000010 
 0.028263 0.000000 0.021173 0.000000 
 0.028285 0.000000 0.021195 0.000010 
 0.028307 0.000000 0.021217 0.000000 
 0.028329 0.000000 0.021239 0.000030 
 0.028350 0.000000 0.021261 0.000000 
 0.028372 0.000000 0.021283 0.000020 
 0.028394 0.000000 0.021305 0.000020 
 0.028416 0.000000 0.021327 0.000000 
 0.028438 0.000000 0.021349 0.000000 
 0.028460 0.000000 0.021371 0.000010 
 0.028482 0.000000 0.021393 0.000020 
 0.028504 0.000000 0.021415 0.000010 
 0.028526 0.000000 0.021437 0.000020 
 0.028548 0.000000 0.021459 0.000010 
 0.028570 0.000000 0.021481 0.000010 
 0.028592 0.000000 0.021503 0.000000 
 0.028614 0.000000 0.021525 0.000000 
 0.028636 0.000000 0.021547 0.000010 
 0.028658 0.000000 0.021569 0.000000 
 0.028679 0.000010 0.021591 0.000010 
 0.028701 0.000000 0.021613 0.000010 
 0.028723 0.000000 0.021635 0.000000 
 0.028745 0.000000 0.021657 0.000000 
 0.028767 0.000000 0.021679 0.000000 
 0.028789 0.000000 0.021701 0.000000 
 0.028811 0.000000 0.021723 0.000000 
 0.028833 0.000000 0.021745 0.000010 
 0.028855 0.000000 0.021767 0.000000 
 0.028877 0.000000 0.021789 0.000000 
 0.028899 0.000000 0.021811 0.000000 
 0.028921 0.000000 0.021833 0.000010 
 0.028943 0.000000 0.021855 0.000000 
 0.028965 0.000000 0.021877 0.000010 
 0.028986 0.000000 0.021899 0.000010 
 0.029008 0.000000 0.021921 0.000010 
 0.029030 0.000000 0.021943 0.000000 
 0.029052 0.000000 0.021965 0.000000 
 0.029074 0.000010 0.021987 0.000010 
