#rbin[i] Nr[i] lbin[i] Nl[i]
 0.006677 0.000010 0.000016 0.000030 
 0.006701 0.000000 0.000042 0.000050 
 0.006725 0.000000 0.000069 0.000030 
 0.006749 0.000000 0.000096 0.000120 
 0.006772 0.000000 0.000123 0.000120 
 0.006796 0.000000 0.000150 0.000160 
 0.006820 0.000000 0.000177 0.000170 
 0.006844 0.000000 0.000204 0.000240 
 0.006868 0.000000 0.000231 0.000180 
 0.006892 0.000000 0.000258 0.000160 
 0.006916 0.000000 0.000285 0.000260 
 0.006939 0.000010 0.000312 0.000290 
 0.006963 0.000010 0.000339 0.000320 
 0.006987 0.000000 0.000365 0.000350 
 0.007011 0.000000 0.000392 0.000310 
 0.007035 0.000000 0.000419 0.000390 
 0.007059 0.000000 0.000446 0.000430 
 0.007083 0.000000 0.000473 0.000530 
 0.007107 0.000010 0.000500 0.000520 
 0.007130 0.000000 0.000527 0.000520 
 0.007154 0.000000 0.000554 0.000460 
 0.007178 0.000000 0.000581 0.000520 
 0.007202 0.000010 0.000608 0.000520 
 0.007226 0.000000 0.000635 0.000610 
 0.007250 0.000000 0.000662 0.000660 
 0.007274 0.000000 0.000688 0.000490 
 0.007297 0.000000 0.000715 0.000600 
 0.007321 0.000000 0.000742 0.000670 
 0.007345 0.000000 0.000769 0.000560 
 0.007369 0.000000 0.000796 0.000700 
 0.007393 0.000000 0.000823 0.000740 
 0.007417 0.000000 0.000850 0.000770 
 0.007441 0.000010 0.000877 0.000700 
 0.007465 0.000000 0.000904 0.000880 
 0.007488 0.000000 0.000931 0.000780 
 0.007512 0.000000 0.000958 0.000700 
 0.007536 0.000000 0.000985 0.000690 
 0.007560 0.000010 0.001011 0.000890 
 0.007584 0.000000 0.001038 0.000770 
 0.007608 0.000000 0.001065 0.000910 
 0.007632 0.000010 0.001092 0.000930 
 0.007656 0.000000 0.001119 0.000970 
 0.007679 0.000000 0.001146 0.000940 
 0.007703 0.000000 0.001173 0.000930 
 0.007727 0.000000 0.001200 0.000890 
 0.007751 0.000000 0.001227 0.000900 
 0.007775 0.000000 0.001254 0.000920 
 0.007799 0.000000 0.001281 0.000980 
 0.007823 0.000000 0.001308 0.001030 
 0.007846 0.000000 0.001335 0.001070 
 0.007870 0.000000 0.001361 0.001020 
 0.007894 0.000000 0.001388 0.000930 
 0.007918 0.000000 0.001415 0.000830 
 0.007942 0.000010 0.001442 0.000980 
 0.007966 0.000000 0.001469 0.001180 
 0.007990 0.000000 0.001496 0.001150 
 0.008014 0.000000 0.001523 0.001130 
 0.008037 0.000000 0.001550 0.000920 
 0.008061 0.000010 0.001577 0.001100 
 0.008085 0.000000 0.001604 0.001150 
 0.008109 0.000000 0.001631 0.001130 
 0.008133 0.000000 0.001658 0.001140 
 0.008157 0.000000 0.001684 0.001220 
 0.008181 0.000010 0.001711 0.001250 
 0.008204 0.000000 0.001738 0.001040 
 0.008228 0.000000 0.001765 0.001310 
 0.008252 0.000000 0.001792 0.001230 
 0.008276 0.000000 0.001819 0.001150 
 0.008300 0.000010 0.001846 0.001080 
 0.008324 0.000000 0.001873 0.001170 
 0.008348 0.000010 0.001900 0.001280 
 0.008372 0.000000 0.001927 0.001170 
 0.008395 0.000010 0.001954 0.000960 
 0.008419 0.000020 0.001981 0.001160 
 0.008443 0.000010 0.002007 0.001070 
 0.008467 0.000000 0.002034 0.001290 
 0.008491 0.000000 0.002061 0.001000 
 0.008515 0.000000 0.002088 0.001140 
 0.008539 0.000000 0.002115 0.001170 
 0.008563 0.000010 0.002142 0.001040 
 0.008586 0.000010 0.002169 0.001250 
 0.008610 0.000000 0.002196 0.001080 
 0.008634 0.000000 0.002223 0.001170 
 0.008658 0.000000 0.002250 0.001000 
 0.008682 0.000000 0.002277 0.001280 
 0.008706 0.000000 0.002304 0.001180 
 0.008730 0.000000 0.002330 0.001010 
 0.008753 0.000010 0.002357 0.001290 
 0.008777 0.000000 0.002384 0.001160 
 0.008801 0.000010 0.002411 0.001070 
 0.008825 0.000000 0.002438 0.001120 
 0.008849 0.000010 0.002465 0.001160 
 0.008873 0.000010 0.002492 0.001190 
 0.008897 0.000000 0.002519 0.001130 
 0.008921 0.000010 0.002546 0.001030 
 0.008944 0.000010 0.002573 0.001020 
 0.008968 0.000000 0.002600 0.000970 
 0.008992 0.000000 0.002627 0.001040 
 0.009016 0.000010 0.002654 0.001050 
 0.009040 0.000000 0.002680 0.001070 
 0.009064 0.000000 0.002707 0.001200 
 0.009088 0.000010 0.002734 0.001060 
 0.009111 0.000000 0.002761 0.000880 
 0.009135 0.000010 0.002788 0.001070 
 0.009159 0.000000 0.002815 0.000990 
 0.009183 0.000000 0.002842 0.000990 
 0.009207 0.000010 0.002869 0.001020 
 0.009231 0.000000 0.002896 0.001110 
 0.009255 0.000020 0.002923 0.001060 
 0.009279 0.000010 0.002950 0.001000 
 0.009302 0.000010 0.002977 0.001080 
 0.009326 0.000010 0.003003 0.001040 
 0.009350 0.000000 0.003030 0.000910 
 0.009374 0.000000 0.003057 0.000930 
 0.009398 0.000000 0.003084 0.000980 
 0.009422 0.000000 0.003111 0.001020 
 0.009446 0.000000 0.003138 0.001030 
 0.009470 0.000010 0.003165 0.000990 
 0.009493 0.000000 0.003192 0.001060 
 0.009517 0.000000 0.003219 0.001110 
 0.009541 0.000010 0.003246 0.001050 
 0.009565 0.000020 0.003273 0.000920 
 0.009589 0.000010 0.003300 0.001120 
 0.009613 0.000000 0.003326 0.001000 
 0.009637 0.000000 0.003353 0.001030 
 0.009660 0.000000 0.003380 0.000780 
 0.009684 0.000000 0.003407 0.001090 
 0.009708 0.000000 0.003434 0.001010 
 0.009732 0.000000 0.003461 0.000910 
 0.009756 0.000010 0.003488 0.000920 
 0.009780 0.000000 0.003515 0.000930 
 0.009804 0.000010 0.003542 0.000960 
 0.009828 0.000020 0.003569 0.001040 
 0.009851 0.000010 0.003596 0.000870 
 0.009875 0.000010 0.003623 0.000800 
 0.009899 0.000020 0.003649 0.000850 
 0.009923 0.000010 0.003676 0.000900 
 0.009947 0.000010 0.003703 0.000980 
 0.009971 0.000000 0.003730 0.000890 
 0.009995 0.000010 0.003757 0.000820 
 0.010018 0.000000 0.003784 0.001080 
 0.010042 0.000020 0.003811 0.000840 
 0.010066 0.000000 0.003838 0.000860 
 0.010090 0.000000 0.003865 0.001040 
 0.010114 0.000030 0.003892 0.001060 
 0.010138 0.000010 0.003919 0.000930 
 0.010162 0.000000 0.003946 0.000960 
 0.010186 0.000020 0.003972 0.000890 
 0.010209 0.000000 0.003999 0.000880 
 0.010233 0.000000 0.004026 0.000990 
 0.010257 0.000010 0.004053 0.000930 
 0.010281 0.000010 0.004080 0.001030 
 0.010305 0.000010 0.004107 0.000950 
 0.010329 0.000020 0.004134 0.000960 
 0.010353 0.000000 0.004161 0.001020 
 0.010377 0.000020 0.004188 0.000880 
 0.010400 0.000020 0.004215 0.000790 
 0.010424 0.000000 0.004242 0.000850 
 0.010448 0.000010 0.004269 0.000940 
 0.010472 0.000020 0.004296 0.000820 
 0.010496 0.000030 0.004322 0.001040 
 0.010520 0.000020 0.004349 0.000770 
 0.010544 0.000020 0.004376 0.000860 
 0.010567 0.000030 0.004403 0.000740 
 0.010591 0.000030 0.004430 0.001090 
 0.010615 0.000030 0.004457 0.000980 
 0.010639 0.000020 0.004484 0.000830 
 0.010663 0.000030 0.004511 0.000870 
 0.010687 0.000060 0.004538 0.000930 
 0.010711 0.000000 0.004565 0.000830 
 0.010735 0.000010 0.004592 0.000800 
 0.010758 0.000010 0.004619 0.000940 
 0.010782 0.000010 0.004645 0.000730 
 0.010806 0.000010 0.004672 0.000880 
 0.010830 0.000000 0.004699 0.000820 
 0.010854 0.000010 0.004726 0.000740 
 0.010878 0.000010 0.004753 0.000820 
 0.010902 0.000040 0.004780 0.000850 
 0.010925 0.000010 0.004807 0.000670 
 0.010949 0.000040 0.004834 0.001010 
 0.010973 0.000030 0.004861 0.000780 
 0.010997 0.000040 0.004888 0.000790 
 0.011021 0.000040 0.004915 0.000800 
 0.011045 0.000050 0.004942 0.000770 
 0.011069 0.000030 0.004968 0.000870 
 0.011093 0.000030 0.004995 0.000830 
 0.011116 0.000040 0.005022 0.000730 
 0.011140 0.000040 0.005049 0.000810 
 0.011164 0.000020 0.005076 0.000840 
 0.011188 0.000030 0.005103 0.000680 
 0.011212 0.000010 0.005130 0.001010 
 0.011236 0.000030 0.005157 0.000760 
 0.011260 0.000030 0.005184 0.000690 
 0.011284 0.000040 0.005211 0.000820 
 0.011307 0.000000 0.005238 0.000790 
 0.011331 0.000020 0.005265 0.000790 
 0.011355 0.000030 0.005291 0.000870 
 0.011379 0.000050 0.005318 0.000750 
 0.011403 0.000030 0.005345 0.000800 
 0.011427 0.000020 0.005372 0.000760 
 0.011451 0.000050 0.005399 0.000760 
 0.011474 0.000040 0.005426 0.000880 
 0.011498 0.000040 0.005453 0.000780 
 0.011522 0.000050 0.005480 0.000900 
 0.011546 0.000050 0.005507 0.000660 
 0.011570 0.000070 0.005534 0.000890 
 0.011594 0.000050 0.005561 0.000790 
 0.011618 0.000020 0.005588 0.000900 
 0.011642 0.000020 0.005615 0.000870 
 0.011665 0.000010 0.005641 0.000940 
 0.011689 0.000040 0.005668 0.000710 
 0.011713 0.000020 0.005695 0.000650 
 0.011737 0.000060 0.005722 0.001010 
 0.011761 0.000020 0.005749 0.000900 
 0.011785 0.000070 0.005776 0.000780 
 0.011809 0.000040 0.005803 0.000840 
 0.011832 0.000020 0.005830 0.000790 
 0.011856 0.000070 0.005857 0.000850 
 0.011880 0.000030 0.005884 0.000830 
 0.011904 0.000050 0.005911 0.000890 
 0.011928 0.000020 0.005938 0.000890 
 0.011952 0.000080 0.005964 0.000710 
 0.011976 0.000040 0.005991 0.000700 
 0.012000 0.000100 0.006018 0.000740 
 0.012023 0.000060 0.006045 0.000790 
 0.012047 0.000040 0.006072 0.000920 
 0.012071 0.000060 0.006099 0.000760 
 0.012095 0.000040 0.006126 0.000810 
 0.012119 0.000060 0.006153 0.000880 
 0.012143 0.000050 0.006180 0.001090 
 0.012167 0.000070 0.006207 0.000820 
 0.012191 0.000070 0.006234 0.000760 
 0.012214 0.000090 0.006261 0.000950 
 0.012238 0.000020 0.006287 0.000920 
 0.012262 0.000130 0.006314 0.000990 
 0.012286 0.000050 0.006341 0.000840 
 0.012310 0.000060 0.006368 0.000750 
 0.012334 0.000040 0.006395 0.000880 
 0.012358 0.000050 0.006422 0.000950 
 0.012381 0.000040 0.006449 0.000930 
 0.012405 0.000020 0.006476 0.000890 
 0.012429 0.000050 0.006503 0.001010 
 0.012453 0.000050 0.006530 0.000960 
 0.012477 0.000070 0.006557 0.000930 
 0.012501 0.000090 0.006584 0.000870 
 0.012525 0.000050 0.006610 0.001000 
 0.012549 0.000120 0.006637 0.000790 
 0.012572 0.000070 0.006664 0.000940 
 0.012596 0.000080 0.006691 0.000800 
 0.012620 0.000080 0.006718 0.000890 
 0.012644 0.000060 0.006745 0.000940 
 0.012668 0.000060 0.006772 0.001070 
 0.012692 0.000080 0.006799 0.000900 
 0.012716 0.000150 0.006826 0.000950 
 0.012739 0.000090 0.006853 0.000790 
 0.012763 0.000100 0.006880 0.000950 
 0.012787 0.000100 0.006907 0.000880 
 0.012811 0.000150 0.006934 0.000930 
 0.012835 0.000140 0.006960 0.000780 
 0.012859 0.000080 0.006987 0.000930 
 0.012883 0.000040 0.007014 0.000960 
 0.012907 0.000120 0.007041 0.000940 
 0.012930 0.000130 0.007068 0.000830 
 0.012954 0.000120 0.007095 0.000810 
 0.012978 0.000170 0.007122 0.000970 
 0.013002 0.000130 0.007149 0.000810 
 0.013026 0.000140 0.007176 0.000850 
 0.013050 0.000180 0.007203 0.001010 
 0.013074 0.000140 0.007230 0.000890 
 0.013098 0.000130 0.007257 0.000940 
 0.013121 0.000220 0.007283 0.000910 
 0.013145 0.000150 0.007310 0.000960 
 0.013169 0.000090 0.007337 0.000840 
 0.013193 0.000110 0.007364 0.000880 
 0.013217 0.000100 0.007391 0.000880 
 0.013241 0.000150 0.007418 0.001000 
 0.013265 0.000120 0.007445 0.000910 
 0.013288 0.000210 0.007472 0.000990 
 0.013312 0.000190 0.007499 0.000890 
 0.013336 0.000140 0.007526 0.000910 
 0.013360 0.000150 0.007553 0.000820 
 0.013384 0.000160 0.007580 0.001050 
 0.013408 0.000120 0.007606 0.000820 
 0.013432 0.000150 0.007633 0.001000 
 0.013456 0.000200 0.007660 0.000980 
 0.013479 0.000190 0.007687 0.000670 
 0.013503 0.000210 0.007714 0.000970 
 0.013527 0.000170 0.007741 0.000990 
 0.013551 0.000220 0.007768 0.001040 
 0.013575 0.000190 0.007795 0.000900 
 0.013599 0.000260 0.007822 0.001060 
 0.013623 0.000240 0.007849 0.001130 
 0.013646 0.000170 0.007876 0.000970 
 0.013670 0.000290 0.007903 0.001010 
 0.013694 0.000250 0.007929 0.000930 
 0.013718 0.000150 0.007956 0.000890 
 0.013742 0.000320 0.007983 0.000950 
 0.013766 0.000230 0.008010 0.001050 
 0.013790 0.000240 0.008037 0.001020 
 0.013814 0.000300 0.008064 0.000850 
 0.013837 0.000360 0.008091 0.001040 
 0.013861 0.000230 0.008118 0.000880 
 0.013885 0.000360 0.008145 0.000960 
 0.013909 0.000280 0.008172 0.001050 
 0.013933 0.000230 0.008199 0.001100 
 0.013957 0.000320 0.008226 0.000780 
 0.013981 0.000330 0.008252 0.001090 
 0.014005 0.000380 0.008279 0.000940 
 0.014028 0.000340 0.008306 0.001070 
 0.014052 0.000380 0.008333 0.001110 
 0.014076 0.000340 0.008360 0.001060 
 0.014100 0.000440 0.008387 0.001070 
 0.014124 0.000330 0.008414 0.001100 
 0.014148 0.000370 0.008441 0.000980 
 0.014172 0.000320 0.008468 0.001050 
 0.014195 0.000390 0.008495 0.001020 
 0.014219 0.000400 0.008522 0.001130 
 0.014243 0.000420 0.008549 0.000960 
 0.014267 0.000420 0.008576 0.001090 
 0.014291 0.000400 0.008602 0.001040 
 0.014315 0.000300 0.008629 0.001190 
 0.014339 0.000410 0.008656 0.001110 
 0.014363 0.000470 0.008683 0.001180 
 0.014386 0.000490 0.008710 0.001110 
 0.014410 0.000490 0.008737 0.000980 
 0.014434 0.000540 0.008764 0.001130 
 0.014458 0.000410 0.008791 0.001090 
 0.014482 0.000450 0.008818 0.001120 
 0.014506 0.000540 0.008845 0.001080 
 0.014530 0.000460 0.008872 0.001150 
 0.014553 0.000560 0.008899 0.001020 
 0.014577 0.000430 0.008925 0.000970 
 0.014601 0.000510 0.008952 0.001030 
 0.014625 0.000580 0.008979 0.000950 
 0.014649 0.000580 0.009006 0.001040 
 0.014673 0.000490 0.009033 0.001130 
 0.014697 0.000320 0.009060 0.001150 
 0.014721 0.000500 0.009087 0.001070 
 0.014744 0.000450 0.009114 0.001040 
 0.014768 0.000580 0.009141 0.000870 
 0.014792 0.000420 0.009168 0.001040 
 0.014816 0.000500 0.009195 0.001110 
 0.014840 0.000640 0.009222 0.000960 
 0.014864 0.000580 0.009248 0.000950 
 0.014888 0.000420 0.009275 0.001130 
 0.014912 0.000660 0.009302 0.001050 
 0.014935 0.000670 0.009329 0.001140 
 0.014959 0.000600 0.009356 0.000890 
 0.014983 0.000510 0.009383 0.000870 
 0.015007 0.000560 0.009410 0.000990 
 0.015031 0.000580 0.009437 0.000960 
 0.015055 0.000580 0.009464 0.001020 
 0.015079 0.000580 0.009491 0.001090 
 0.015102 0.000610 0.009518 0.000890 
 0.015126 0.000720 0.009545 0.000930 
 0.015150 0.000750 0.009571 0.000900 
 0.015174 0.000640 0.009598 0.000900 
 0.015198 0.000680 0.009625 0.001090 
 0.015222 0.000520 0.009652 0.001310 
 0.015246 0.000460 0.009679 0.000830 
 0.015270 0.000630 0.009706 0.000910 
 0.015293 0.000740 0.009733 0.000880 
 0.015317 0.000750 0.009760 0.001020 
 0.015341 0.000680 0.009787 0.001010 
 0.015365 0.000600 0.009814 0.000930 
 0.015389 0.000680 0.009841 0.001080 
 0.015413 0.000650 0.009868 0.001050 
 0.015437 0.000560 0.009895 0.000800 
 0.015460 0.000500 0.009921 0.000980 
 0.015484 0.000590 0.009948 0.000830 
 0.015508 0.000580 0.009975 0.001000 
 0.015532 0.000480 0.010002 0.000990 
 0.015556 0.000670 0.010029 0.001030 
 0.015580 0.000570 0.010056 0.001000 
 0.015604 0.000490 0.010083 0.000950 
 0.015628 0.000700 0.010110 0.000760 
 0.015651 0.000460 0.010137 0.000980 
 0.015675 0.000550 0.010164 0.000970 
 0.015699 0.000590 0.010191 0.000880 
 0.015723 0.000590 0.010218 0.000960 
 0.015747 0.000560 0.010244 0.000870 
 0.015771 0.000590 0.010271 0.000900 
 0.015795 0.000550 0.010298 0.001220 
 0.015819 0.000510 0.010325 0.000860 
 0.015842 0.000410 0.010352 0.001030 
 0.015866 0.000670 0.010379 0.000940 
 0.015890 0.000540 0.010406 0.001090 
 0.015914 0.000500 0.010433 0.000930 
 0.015938 0.000520 0.010460 0.001000 
 0.015962 0.000650 0.010487 0.000930 
 0.015986 0.000500 0.010514 0.001050 
 0.016009 0.000460 0.010541 0.000860 
 0.016033 0.000420 0.010567 0.001120 
 0.016057 0.000580 0.010594 0.000980 
 0.016081 0.000510 0.010621 0.001150 
 0.016105 0.000490 0.010648 0.000930 
 0.016129 0.000510 0.010675 0.001110 
 0.016153 0.000450 0.010702 0.001010 
 0.016177 0.000460 0.010729 0.001070 
 0.016200 0.000430 0.010756 0.000900 
 0.016224 0.000520 0.010783 0.000930 
 0.016248 0.000340 0.010810 0.001090 
 0.016272 0.000490 0.010837 0.000980 
 0.016296 0.000460 0.010864 0.000900 
 0.016320 0.000510 0.010890 0.001010 
 0.016344 0.000440 0.010917 0.000890 
 0.016367 0.000440 0.010944 0.001180 
 0.016391 0.000500 0.010971 0.001160 
 0.016415 0.000510 0.010998 0.000990 
 0.016439 0.000320 0.011025 0.001060 
 0.016463 0.000510 0.011052 0.001000 
 0.016487 0.000380 0.011079 0.000930 
 0.016511 0.000340 0.011106 0.001010 
 0.016535 0.000480 0.011133 0.000980 
 0.016558 0.000330 0.011160 0.000980 
 0.016582 0.000340 0.011187 0.001050 
 0.016606 0.000460 0.011214 0.001120 
 0.016630 0.000440 0.011240 0.001070 
 0.016654 0.000430 0.011267 0.001010 
 0.016678 0.000290 0.011294 0.001030 
 0.016702 0.000300 0.011321 0.001040 
 0.016726 0.000340 0.011348 0.001070 
 0.016749 0.000340 0.011375 0.000940 
 0.016773 0.000360 0.011402 0.001150 
 0.016797 0.000300 0.011429 0.001010 
 0.016821 0.000300 0.011456 0.001130 
 0.016845 0.000310 0.011483 0.001020 
 0.016869 0.000310 0.011510 0.001000 
 0.016893 0.000260 0.011537 0.000980 
 0.016916 0.000330 0.011563 0.001290 
 0.016940 0.000310 0.011590 0.000970 
 0.016964 0.000280 0.011617 0.001210 
 0.016988 0.000440 0.011644 0.001120 
 0.017012 0.000250 0.011671 0.001160 
 0.017036 0.000200 0.011698 0.001220 
 0.017060 0.000350 0.011725 0.001080 
 0.017084 0.000320 0.011752 0.001150 
 0.017107 0.000320 0.011779 0.001070 
 0.017131 0.000310 0.011806 0.001080 
 0.017155 0.000240 0.011833 0.001370 
 0.017179 0.000080 0.011860 0.001070 
 0.017203 0.000240 0.011886 0.001110 
 0.017227 0.000300 0.011913 0.001170 
 0.017251 0.000330 0.011940 0.001050 
 0.017274 0.000230 0.011967 0.001120 
 0.017298 0.000320 0.011994 0.001040 
 0.017322 0.000220 0.012021 0.001030 
 0.017346 0.000240 0.012048 0.001330 
 0.017370 0.000220 0.012075 0.000960 
 0.017394 0.000190 0.012102 0.001280 
 0.017418 0.000240 0.012129 0.001290 
 0.017442 0.000220 0.012156 0.001230 
 0.017465 0.000330 0.012183 0.001150 
 0.017489 0.000270 0.012209 0.001180 
 0.017513 0.000220 0.012236 0.001200 
 0.017537 0.000240 0.012263 0.001240 
 0.017561 0.000230 0.012290 0.001280 
 0.017585 0.000160 0.012317 0.001110 
 0.017609 0.000240 0.012344 0.001410 
 0.017633 0.000200 0.012371 0.001170 
 0.017656 0.000110 0.012398 0.001100 
 0.017680 0.000220 0.012425 0.001130 
 0.017704 0.000190 0.012452 0.001110 
 0.017728 0.000220 0.012479 0.001290 
 0.017752 0.000260 0.012506 0.001390 
 0.017776 0.000230 0.012532 0.001320 
 0.017800 0.000200 0.012559 0.001220 
 0.017823 0.000260 0.012586 0.001130 
 0.017847 0.000280 0.012613 0.001250 
 0.017871 0.000270 0.012640 0.001350 
 0.017895 0.000200 0.012667 0.001170 
 0.017919 0.000230 0.012694 0.001200 
 0.017943 0.000220 0.012721 0.001290 
 0.017967 0.000180 0.012748 0.001180 
 0.017991 0.000240 0.012775 0.001160 
 0.018014 0.000230 0.012802 0.001170 
 0.018038 0.000250 0.012829 0.001090 
 0.018062 0.000270 0.012856 0.001330 
 0.018086 0.000310 0.012882 0.001260 
 0.018110 0.000220 0.012909 0.001240 
 0.018134 0.000240 0.012936 0.001330 
 0.018158 0.000210 0.012963 0.001220 
 0.018181 0.000280 0.012990 0.001110 
 0.018205 0.000220 0.013017 0.001260 
 0.018229 0.000300 0.013044 0.001230 
 0.018253 0.000310 0.013071 0.001090 
 0.018277 0.000190 0.013098 0.001440 
 0.018301 0.000260 0.013125 0.001210 
 0.018325 0.000430 0.013152 0.001190 
 0.018349 0.000310 0.013179 0.001150 
 0.018372 0.000290 0.013205 0.000950 
 0.018396 0.000270 0.013232 0.001100 
 0.018420 0.000420 0.013259 0.001320 
 0.018444 0.000390 0.013286 0.001260 
 0.018468 0.000310 0.013313 0.001340 
 0.018492 0.000390 0.013340 0.001410 
 0.018516 0.000320 0.013367 0.000930 
 0.018539 0.000380 0.013394 0.001270 
 0.018563 0.000340 0.013421 0.001010 
 0.018587 0.000300 0.013448 0.000940 
 0.018611 0.000530 0.013475 0.001400 
 0.018635 0.000350 0.013502 0.001360 
 0.018659 0.000280 0.013528 0.001340 
 0.018683 0.000330 0.013555 0.001130 
 0.018707 0.000380 0.013582 0.001250 
 0.018730 0.000430 0.013609 0.001270 
 0.018754 0.000360 0.013636 0.001340 
 0.018778 0.000350 0.013663 0.001280 
 0.018802 0.000400 0.013690 0.001070 
 0.018826 0.000430 0.013717 0.001100 
 0.018850 0.000370 0.013744 0.001150 
 0.018874 0.000460 0.013771 0.001310 
 0.018898 0.000340 0.013798 0.001180 
 0.018921 0.000530 0.013825 0.001250 
 0.018945 0.000490 0.013851 0.001360 
 0.018969 0.000490 0.013878 0.001210 
 0.018993 0.000500 0.013905 0.001140 
 0.019017 0.000540 0.013932 0.001440 
 0.019041 0.000610 0.013959 0.001110 
 0.019065 0.000680 0.013986 0.001340 
 0.019088 0.000440 0.014013 0.001250 
 0.019112 0.000590 0.014040 0.001240 
 0.019136 0.000610 0.014067 0.001160 
 0.019160 0.000580 0.014094 0.001180 
 0.019184 0.000630 0.014121 0.001270 
 0.019208 0.000640 0.014148 0.001230 
 0.019232 0.000670 0.014175 0.001260 
 0.019256 0.000670 0.014201 0.001540 
 0.019279 0.000660 0.014228 0.001460 
 0.019303 0.000770 0.014255 0.001390 
 0.019327 0.000810 0.014282 0.001370 
 0.019351 0.000830 0.014309 0.001220 
 0.019375 0.001000 0.014336 0.001160 
 0.019399 0.001010 0.014363 0.001520 
 0.019423 0.001110 0.014390 0.001360 
 0.019446 0.001330 0.014417 0.001620 
 0.019470 0.001290 0.014444 0.001380 
 0.019494 0.001480 0.014471 0.001510 
 0.019518 0.001650 0.014498 0.001530 
 0.019542 0.001680 0.014524 0.001560 
 0.019566 0.001920 0.014551 0.001510 
 0.019590 0.002140 0.014578 0.001340 
 0.019614 0.002330 0.014605 0.001680 
 0.019637 0.002770 0.014632 0.001430 
 0.019661 0.003001 0.014659 0.001250 
 0.019685 0.003771 0.014686 0.001630 
 0.019709 0.004341 0.014713 0.001620 
 0.019733 0.004521 0.014740 0.001500 
 0.019757 0.004921 0.014767 0.001640 
 0.019781 0.005291 0.014794 0.001720 
 0.019805 0.006111 0.014821 0.001580 
 0.019828 0.006561 0.014847 0.001240 
 0.019852 0.007111 0.014874 0.001540 
 0.019876 0.007951 0.014901 0.001750 
 0.019900 0.008572 0.014928 0.001550 
 0.019924 0.009312 0.014955 0.001530 
 0.019948 0.009892 0.014982 0.001500 
 0.019972 0.011342 0.015009 0.001200 
 0.019995 0.011992 0.015036 0.001610 
 0.020019 0.013032 0.015063 0.001480 
 0.020043 0.013812 0.015090 0.001500 
 0.020067 0.014763 0.015117 0.001490 
 0.020091 0.016373 0.015144 0.001270 
 0.020115 0.017323 0.015170 0.001390 
 0.020139 0.018833 0.015197 0.001350 
 0.020163 0.020094 0.015224 0.001380 
 0.020186 0.021314 0.015251 0.001450 
 0.020210 0.021974 0.015278 0.001280 
 0.020234 0.023014 0.015305 0.001430 
 0.020258 0.024584 0.015332 0.001280 
 0.020282 0.025075 0.015359 0.001250 
 0.020306 0.026465 0.015386 0.001220 
 0.020330 0.025995 0.015413 0.001280 
 0.020353 0.027755 0.015440 0.001300 
 0.020377 0.028005 0.015467 0.001260 
 0.020401 0.027775 0.015494 0.001180 
 0.020425 0.028655 0.015520 0.001140 
 0.020449 0.026735 0.015547 0.001120 
 0.020473 0.026925 0.015574 0.001060 
 0.020497 0.025805 0.015601 0.001290 
 0.020521 0.025315 0.015628 0.001110 
 0.020544 0.023284 0.015655 0.001220 
 0.020568 0.022614 0.015682 0.001130 
 0.020592 0.022004 0.015709 0.001330 
 0.020616 0.019694 0.015736 0.001170 
 0.020640 0.018603 0.015763 0.001080 
 0.020664 0.017153 0.015790 0.001040 
 0.020688 0.015503 0.015817 0.001200 
 0.020712 0.014263 0.015843 0.001140 
 0.020735 0.013302 0.015870 0.000980 
 0.020759 0.011822 0.015897 0.001290 
 0.020783 0.010512 0.015924 0.001120 
 0.020807 0.009542 0.015951 0.001090 
 0.020831 0.008992 0.015978 0.001210 
 0.020855 0.007571 0.016005 0.001210 
 0.020879 0.006731 0.016032 0.001310 
 0.020902 0.005851 0.016059 0.001070 
 0.020926 0.005531 0.016086 0.001300 
 0.020950 0.004631 0.016113 0.001170 
 0.020974 0.003961 0.016140 0.001450 
 0.020998 0.003541 0.016166 0.001190 
 0.021022 0.003111 0.016193 0.001270 
 0.021046 0.002821 0.016220 0.001440 
 0.021070 0.002100 0.016247 0.001420 
 0.021093 0.001890 0.016274 0.001220 
 0.021117 0.001750 0.016301 0.001480 
 0.021141 0.001480 0.016328 0.001480 
 0.021165 0.001340 0.016355 0.001410 
 0.021189 0.001150 0.016382 0.001390 
 0.021213 0.000820 0.016409 0.001510 
 0.021237 0.000680 0.016436 0.001420 
 0.021260 0.000600 0.016463 0.001580 
 0.021284 0.000540 0.016489 0.001340 
 0.021308 0.000380 0.016516 0.001500 
 0.021332 0.000370 0.016543 0.001700 
 0.021356 0.000340 0.016570 0.001470 
 0.021380 0.000250 0.016597 0.001370 
 0.021404 0.000170 0.016624 0.001280 
 0.021428 0.000160 0.016651 0.001590 
 0.021451 0.000100 0.016678 0.001580 
 0.021475 0.000090 0.016705 0.001650 
 0.021499 0.000110 0.016732 0.001920 
 0.021523 0.000080 0.016759 0.001600 
 0.021547 0.000020 0.016786 0.001820 
 0.021571 0.000020 0.016812 0.001600 
 0.021595 0.000030 0.016839 0.001470 
 0.021619 0.000020 0.016866 0.001650 
 0.021642 0.000010 0.016893 0.001650 
 0.021666 0.000000 0.016920 0.001680 
 0.021690 0.000000 0.016947 0.001510 
 0.021714 0.000000 0.016974 0.001770 
 0.021738 0.000010 0.017001 0.001610 
 0.021762 0.000020 0.017028 0.001640 
 0.021786 0.000000 0.017055 0.001540 
 0.021809 0.000000 0.017082 0.001920 
 0.021833 0.000010 0.017109 0.001490 
 0.021857 0.000000 0.017136 0.001420 
 0.021881 0.000000 0.017162 0.001550 
 0.021905 0.000010 0.017189 0.001670 
 0.021929 0.000000 0.017216 0.001690 
 0.021953 0.000000 0.017243 0.001670 
 0.021977 0.000000 0.017270 0.001710 
 0.022000 0.000000 0.017297 0.001580 
 0.022024 0.000000 0.017324 0.001410 
 0.022048 0.000010 0.017351 0.001610 
 0.022072 0.000000 0.017378 0.001810 
 0.022096 0.000000 0.017405 0.001440 
 0.022120 0.000000 0.017432 0.001730 
 0.022144 0.000000 0.017459 0.001410 
 0.022167 0.000000 0.017485 0.001620 
 0.022191 0.000000 0.017512 0.001320 
 0.022215 0.000000 0.017539 0.001820 
 0.022239 0.000010 0.017566 0.001770 
 0.022263 0.000000 0.017593 0.001600 
 0.022287 0.000020 0.017620 0.001610 
 0.022311 0.000000 0.017647 0.001450 
 0.022335 0.000000 0.017674 0.001430 
 0.022358 0.000000 0.017701 0.001610 
 0.022382 0.000000 0.017728 0.001670 
 0.022406 0.000010 0.017755 0.001830 
 0.022430 0.000000 0.017782 0.001820 
 0.022454 0.000010 0.017808 0.001690 
 0.022478 0.000000 0.017835 0.001620 
 0.022502 0.000000 0.017862 0.001680 
 0.022526 0.000000 0.017889 0.001880 
 0.022549 0.000000 0.017916 0.001990 
 0.022573 0.000010 0.017943 0.001720 
 0.022597 0.000000 0.017970 0.002000 
 0.022621 0.000010 0.017997 0.001800 
 0.022645 0.000020 0.018024 0.001500 
 0.022669 0.000000 0.018051 0.001900 
 0.022693 0.000010 0.018078 0.001830 
 0.022716 0.000000 0.018105 0.001900 
 0.022740 0.000000 0.018131 0.001780 
 0.022764 0.000000 0.018158 0.001870 
 0.022788 0.000010 0.018185 0.001830 
 0.022812 0.000000 0.018212 0.001810 
 0.022836 0.000000 0.018239 0.002020 
 0.022860 0.000000 0.018266 0.001860 
 0.022884 0.000010 0.018293 0.002030 
 0.022907 0.000000 0.018320 0.001950 
 0.022931 0.000000 0.018347 0.002080 
 0.022955 0.000000 0.018374 0.001950 
 0.022979 0.000000 0.018401 0.001840 
 0.023003 0.000010 0.018428 0.002070 
 0.023027 0.000000 0.018455 0.002010 
 0.023051 0.000010 0.018481 0.001990 
 0.023074 0.000000 0.018508 0.001810 
 0.023098 0.000010 0.018535 0.002210 
 0.023122 0.000010 0.018562 0.002530 
 0.023146 0.000000 0.018589 0.002120 
 0.023170 0.000000 0.018616 0.002020 
 0.023194 0.000000 0.018643 0.002120 
 0.023218 0.000000 0.018670 0.002160 
 0.023242 0.000010 0.018697 0.002030 
 0.023265 0.000000 0.018724 0.002060 
 0.023289 0.000000 0.018751 0.001870 
 0.023313 0.000000 0.018778 0.001920 
 0.023337 0.000000 0.018804 0.001840 
 0.023361 0.000000 0.018831 0.002090 
 0.023385 0.000000 0.018858 0.001940 
 0.023409 0.000000 0.018885 0.001790 
 0.023433 0.000000 0.018912 0.001800 
 0.023456 0.000010 0.018939 0.002080 
 0.023480 0.000000 0.018966 0.001840 
 0.023504 0.000000 0.018993 0.001870 
 0.023528 0.000000 0.019020 0.001750 
 0.023552 0.000000 0.019047 0.002000 
 0.023576 0.000000 0.019074 0.001830 
 0.023600 0.000010 0.019101 0.002090 
 0.023623 0.000000 0.019127 0.001970 
 0.023647 0.000000 0.019154 0.001940 
 0.023671 0.000000 0.019181 0.002060 
 0.023695 0.000000 0.019208 0.002200 
 0.023719 0.000010 0.019235 0.002000 
 0.023743 0.000000 0.019262 0.002210 
 0.023767 0.000000 0.019289 0.002130 
 0.023791 0.000000 0.019316 0.002530 
 0.023814 0.000000 0.019343 0.002160 
 0.023838 0.000000 0.019370 0.002140 
 0.023862 0.000000 0.019397 0.002410 
 0.023886 0.000000 0.019424 0.002390 
 0.023910 0.000000 0.019450 0.002460 
 0.023934 0.000000 0.019477 0.002620 
 0.023958 0.000000 0.019504 0.002680 
 0.023981 0.000000 0.019531 0.002580 
 0.024005 0.000000 0.019558 0.002971 
 0.024029 0.000000 0.019585 0.002590 
 0.024053 0.000000 0.019612 0.002700 
 0.024077 0.000000 0.019639 0.003101 
 0.024101 0.000000 0.019666 0.003231 
 0.024125 0.000000 0.019693 0.002921 
 0.024149 0.000000 0.019720 0.003421 
 0.024172 0.000010 0.019747 0.003331 
 0.024196 0.000000 0.019774 0.003711 
 0.024220 0.000000 0.019800 0.003411 
 0.024244 0.000010 0.019827 0.003561 
 0.024268 0.000000 0.019854 0.003821 
 0.024292 0.000000 0.019881 0.003521 
 0.024316 0.000000 0.019908 0.003581 
 0.024340 0.000000 0.019935 0.003901 
 0.024363 0.000000 0.019962 0.003781 
 0.024387 0.000000 0.019989 0.003701 
 0.024411 0.000000 0.020016 0.003801 
 0.024435 0.000010 0.020043 0.003951 
 0.024459 0.000000 0.020070 0.004101 
 0.024483 0.000000 0.020097 0.004371 
 0.024507 0.000000 0.020123 0.004341 
 0.024530 0.000000 0.020150 0.004311 
 0.024554 0.000000 0.020177 0.003981 
 0.024578 0.000000 0.020204 0.004041 
 0.024602 0.000000 0.020231 0.004041 
 0.024626 0.000000 0.020258 0.004181 
 0.024650 0.000000 0.020285 0.004121 
 0.024674 0.000000 0.020312 0.004201 
 0.024698 0.000010 0.020339 0.004151 
 0.024721 0.000010 0.020366 0.003761 
 0.024745 0.000000 0.020393 0.004031 
 0.024769 0.000000 0.020420 0.003931 
 0.024793 0.000000 0.020446 0.003501 
 0.024817 0.000000 0.020473 0.003171 
 0.024841 0.000000 0.020500 0.003061 
 0.024865 0.000010 0.020527 0.002760 
 0.024888 0.000000 0.020554 0.002911 
 0.024912 0.000000 0.020581 0.002610 
 0.024936 0.000000 0.020608 0.002390 
 0.024960 0.000000 0.020635 0.002280 
 0.024984 0.000010 0.020662 0.002040 
 0.025008 0.000010 0.020689 0.002070 
 0.025032 0.000000 0.020716 0.001530 
 0.025056 0.000000 0.020743 0.001570 
 0.025079 0.000000 0.020769 0.001320 
 0.025103 0.000000 0.020796 0.001210 
 0.025127 0.000000 0.020823 0.000800 
 0.025151 0.000000 0.020850 0.000980 
 0.025175 0.000000 0.020877 0.000710 
 0.025199 0.000000 0.020904 0.000610 
 0.025223 0.000000 0.020931 0.000490 
 0.025247 0.000000 0.020958 0.000610 
 0.025270 0.000000 0.020985 0.000440 
 0.025294 0.000020 0.021012 0.000420 
 0.025318 0.000000 0.021039 0.000320 
 0.025342 0.000010 0.021066 0.000240 
 0.025366 0.000000 0.021092 0.000240 
 0.025390 0.000000 0.021119 0.000250 
 0.025414 0.000000 0.021146 0.000190 
 0.025437 0.000000 0.021173 0.000140 
 0.025461 0.000000 0.021200 0.000110 
 0.025485 0.000000 0.021227 0.000160 
 0.025509 0.000000 0.021254 0.000070 
 0.025533 0.000000 0.021281 0.000030 
 0.025557 0.000000 0.021308 0.000030 
 0.025581 0.000000 0.021335 0.000060 
 0.025605 0.000000 0.021362 0.000060 
 0.025628 0.000000 0.021389 0.000020 
 0.025652 0.000000 0.021416 0.000020 
 0.025676 0.000000 0.021442 0.000000 
 0.025700 0.000000 0.021469 0.000000 
 0.025724 0.000000 0.021496 0.000000 
 0.025748 0.000000 0.021523 0.000010 
 0.025772 0.000000 0.021550 0.000020 
 0.025795 0.000000 0.021577 0.000000 
 0.025819 0.000000 0.021604 0.000000 
 0.025843 0.000000 0.021631 0.000010 
 0.025867 0.000000 0.021658 0.000010 
 0.025891 0.000000 0.021685 0.000000 
 0.025915 0.000010 0.021712 0.000010 
 0.025939 0.000000 0.021739 0.000000 
 0.025963 0.000000 0.021765 0.000000 
 0.025986 0.000000 0.021792 0.000000 
 0.026010 0.000000 0.021819 0.000000 
 0.026034 0.000000 0.021846 0.000000 
 0.026058 0.000000 0.021873 0.000000 
 0.026082 0.000000 0.021900 0.000000 
 0.026106 0.000000 0.021927 0.000000 
 0.026130 0.000000 0.021954 0.000010 
 0.026154 0.000000 0.021981 0.000000 
 0.026177 0.000000 0.022008 0.000000 
 0.026201 0.000000 0.022035 0.000000 
 0.026225 0.000000 0.022062 0.000010 
 0.026249 0.000000 0.022088 0.000000 
 0.026273 0.000010 0.022115 0.000000 
 0.026297 0.000000 0.022142 0.000000 
 0.026321 0.000000 0.022169 0.000000 
 0.026344 0.000000 0.022196 0.000000 
 0.026368 0.000000 0.022223 0.000010 
 0.026392 0.000000 0.022250 0.000000 
 0.026416 0.000000 0.022277 0.000000 
 0.026440 0.000000 0.022304 0.000000 
 0.026464 0.000000 0.022331 0.000000 
 0.026488 0.000000 0.022358 0.000000 
 0.026512 0.000000 0.022385 0.000000 
 0.026535 0.000000 0.022411 0.000000 
 0.026559 0.000000 0.022438 0.000000 
 0.026583 0.000000 0.022465 0.000000 
 0.026607 0.000000 0.022492 0.000000 
 0.026631 0.000000 0.022519 0.000000 
 0.026655 0.000000 0.022546 0.000000 
 0.026679 0.000000 0.022573 0.000000 
 0.026702 0.000000 0.022600 0.000000 
 0.026726 0.000000 0.022627 0.000000 
 0.026750 0.000000 0.022654 0.000000 
 0.026774 0.000000 0.022681 0.000000 
 0.026798 0.000000 0.022708 0.000000 
 0.026822 0.000000 0.022735 0.000000 
 0.026846 0.000000 0.022761 0.000000 
 0.026870 0.000000 0.022788 0.000000 
 0.026893 0.000000 0.022815 0.000000 
 0.026917 0.000000 0.022842 0.000000 
 0.026941 0.000010 0.022869 0.000000 
 0.026965 0.000000 0.022896 0.000000 
 0.026989 0.000000 0.022923 0.000000 
 0.027013 0.000000 0.022950 0.000000 
 0.027037 0.000000 0.022977 0.000000 
 0.027061 0.000000 0.023004 0.000000 
 0.027084 0.000000 0.023031 0.000000 
 0.027108 0.000000 0.023058 0.000000 
 0.027132 0.000000 0.023084 0.000000 
 0.027156 0.000000 0.023111 0.000000 
 0.027180 0.000000 0.023138 0.000000 
 0.027204 0.000000 0.023165 0.000000 
 0.027228 0.000000 0.023192 0.000000 
 0.027251 0.000000 0.023219 0.000000 
 0.027275 0.000000 0.023246 0.000000 
 0.027299 0.000000 0.023273 0.000000 
 0.027323 0.000000 0.023300 0.000000 
 0.027347 0.000000 0.023327 0.000000 
 0.027371 0.000000 0.023354 0.000000 
 0.027395 0.000000 0.023381 0.000000 
 0.027419 0.000000 0.023407 0.000000 
 0.027442 0.000000 0.023434 0.000000 
 0.027466 0.000000 0.023461 0.000000 
 0.027490 0.000000 0.023488 0.000000 
 0.027514 0.000000 0.023515 0.000000 
 0.027538 0.000000 0.023542 0.000000 
 0.027562 0.000000 0.023569 0.000000 
 0.027586 0.000000 0.023596 0.000000 
 0.027609 0.000000 0.023623 0.000000 
 0.027633 0.000000 0.023650 0.000000 
 0.027657 0.000000 0.023677 0.000000 
 0.027681 0.000000 0.023704 0.000000 
 0.027705 0.000000 0.023730 0.000000 
 0.027729 0.000000 0.023757 0.000000 
 0.027753 0.000000 0.023784 0.000000 
 0.027777 0.000000 0.023811 0.000000 
 0.027800 0.000000 0.023838 0.000000 
 0.027824 0.000000 0.023865 0.000000 
 0.027848 0.000000 0.023892 0.000000 
 0.027872 0.000000 0.023919 0.000000 
 0.027896 0.000000 0.023946 0.000000 
 0.027920 0.000000 0.023973 0.000000 
 0.027944 0.000000 0.024000 0.000000 
 0.027968 0.000000 0.024027 0.000000 
 0.027991 0.000000 0.024054 0.000010 
 0.028015 0.000000 0.024080 0.000000 
 0.028039 0.000000 0.024107 0.000010 
 0.028063 0.000000 0.024134 0.000000 
 0.028087 0.000000 0.024161 0.000000 
 0.028111 0.000000 0.024188 0.000000 
 0.028135 0.000000 0.024215 0.000010 
 0.028158 0.000000 0.024242 0.000000 
 0.028182 0.000000 0.024269 0.000000 
 0.028206 0.000000 0.024296 0.000000 
 0.028230 0.000000 0.024323 0.000000 
 0.028254 0.000000 0.024350 0.000000 
 0.028278 0.000000 0.024377 0.000000 
 0.028302 0.000000 0.024403 0.000000 
 0.028326 0.000000 0.024430 0.000000 
 0.028349 0.000000 0.024457 0.000000 
 0.028373 0.000000 0.024484 0.000000 
 0.028397 0.000000 0.024511 0.000000 
 0.028421 0.000000 0.024538 0.000000 
 0.028445 0.000000 0.024565 0.000000 
 0.028469 0.000000 0.024592 0.000000 
 0.028493 0.000000 0.024619 0.000000 
 0.028516 0.000000 0.024646 0.000000 
 0.028540 0.000000 0.024673 0.000000 
 0.028564 0.000000 0.024700 0.000000 
 0.028588 0.000000 0.024726 0.000000 
 0.028612 0.000000 0.024753 0.000010 
 0.028636 0.000000 0.024780 0.000000 
 0.028660 0.000000 0.024807 0.000000 
 0.028684 0.000000 0.024834 0.000000 
 0.028707 0.000000 0.024861 0.000000 
 0.028731 0.000000 0.024888 0.000000 
 0.028755 0.000000 0.024915 0.000000 
 0.028779 0.000000 0.024942 0.000000 
 0.028803 0.000000 0.024969 0.000000 
 0.028827 0.000000 0.024996 0.000000 
 0.028851 0.000000 0.025023 0.000000 
 0.028875 0.000000 0.025049 0.000000 
 0.028898 0.000000 0.025076 0.000000 
 0.028922 0.000000 0.025103 0.000000 
 0.028946 0.000000 0.025130 0.000000 
 0.028970 0.000000 0.025157 0.000000 
 0.028994 0.000000 0.025184 0.000000 
 0.029018 0.000000 0.025211 0.000000 
 0.029042 0.000000 0.025238 0.000000 
 0.029065 0.000000 0.025265 0.000000 
 0.029089 0.000000 0.025292 0.000000 
 0.029113 0.000000 0.025319 0.000000 
 0.029137 0.000000 0.025346 0.000000 
 0.029161 0.000000 0.025372 0.000000 
 0.029185 0.000000 0.025399 0.000000 
 0.029209 0.000000 0.025426 0.000000 
 0.029233 0.000000 0.025453 0.000000 
 0.029256 0.000000 0.025480 0.000000 
 0.029280 0.000000 0.025507 0.000000 
 0.029304 0.000000 0.025534 0.000000 
 0.029328 0.000000 0.025561 0.000000 
 0.029352 0.000000 0.025588 0.000000 
 0.029376 0.000000 0.025615 0.000000 
 0.029400 0.000000 0.025642 0.000000 
 0.029423 0.000000 0.025669 0.000000 
 0.029447 0.000000 0.025696 0.000000 
 0.029471 0.000000 0.025722 0.000000 
 0.029495 0.000000 0.025749 0.000010 
 0.029519 0.000000 0.025776 0.000000 
 0.029543 0.000000 0.025803 0.000000 
 0.029567 0.000000 0.025830 0.000000 
 0.029591 0.000000 0.025857 0.000000 
 0.029614 0.000000 0.025884 0.000000 
 0.029638 0.000000 0.025911 0.000000 
 0.029662 0.000000 0.025938 0.000000 
 0.029686 0.000000 0.025965 0.000000 
 0.029710 0.000000 0.025992 0.000000 
 0.029734 0.000000 0.026019 0.000000 
 0.029758 0.000000 0.026045 0.000000 
 0.029782 0.000000 0.026072 0.000000 
 0.029805 0.000000 0.026099 0.000000 
 0.029829 0.000000 0.026126 0.000000 
 0.029853 0.000000 0.026153 0.000000 
 0.029877 0.000000 0.026180 0.000000 
 0.029901 0.000000 0.026207 0.000000 
 0.029925 0.000000 0.026234 0.000000 
 0.029949 0.000000 0.026261 0.000000 
 0.029972 0.000000 0.026288 0.000000 
 0.029996 0.000000 0.026315 0.000000 
 0.030020 0.000000 0.026342 0.000000 
 0.030044 0.000000 0.026368 0.000000 
 0.030068 0.000000 0.026395 0.000000 
 0.030092 0.000000 0.026422 0.000000 
 0.030116 0.000000 0.026449 0.000000 
 0.030140 0.000000 0.026476 0.000000 
 0.030163 0.000000 0.026503 0.000000 
 0.030187 0.000000 0.026530 0.000000 
 0.030211 0.000000 0.026557 0.000000 
 0.030235 0.000010 0.026584 0.000000 
 0.030259 0.000000 0.026611 0.000010 
 0.030283 0.000000 0.026638 0.000000 
 0.030307 0.000000 0.026665 0.000000 
 0.030330 0.000000 0.026691 0.000000 
 0.030354 0.000000 0.026718 0.000000 
 0.030378 0.000000 0.026745 0.000000 
 0.030402 0.000000 0.026772 0.000000 
 0.030426 0.000000 0.026799 0.000000 
 0.030450 0.000000 0.026826 0.000000 
 0.030474 0.000000 0.026853 0.000000 
 0.030498 0.000010 0.026880 0.000000 
 0.030521 0.000010 0.026907 0.000010 
