#rbin[i] Nr[i] lbin[i] Nl[i]
 0.006895 0.000010 0.000002 0.000070 
 0.006924 0.000000 0.000038 0.000210 
 0.006953 0.000000 0.000074 0.000310 
 0.006982 0.000000 0.000110 0.000330 
 0.007011 0.000000 0.000146 0.000580 
 0.007040 0.000000 0.000182 0.000600 
 0.007068 0.000010 0.000218 0.000850 
 0.007097 0.000000 0.000254 0.000980 
 0.007126 0.000000 0.000290 0.000960 
 0.007155 0.000000 0.000326 0.000980 
 0.007184 0.000000 0.000362 0.001080 
 0.007213 0.000000 0.000398 0.001100 
 0.007242 0.000000 0.000435 0.001230 
 0.007271 0.000000 0.000471 0.001110 
 0.007300 0.000000 0.000507 0.001160 
 0.007329 0.000000 0.000543 0.001210 
 0.007358 0.000000 0.000579 0.001230 
 0.007387 0.000010 0.000615 0.001030 
 0.007416 0.000000 0.000651 0.001120 
 0.007445 0.000010 0.000687 0.001160 
 0.007474 0.000000 0.000723 0.001130 
 0.007503 0.000000 0.000759 0.001190 
 0.007532 0.000010 0.000795 0.001120 
 0.007560 0.000000 0.000831 0.001120 
 0.007589 0.000000 0.000867 0.001180 
 0.007618 0.000000 0.000903 0.001200 
 0.007647 0.000000 0.000939 0.001250 
 0.007676 0.000000 0.000975 0.001340 
 0.007705 0.000010 0.001011 0.001300 
 0.007734 0.000000 0.001047 0.001300 
 0.007763 0.000010 0.001083 0.001430 
 0.007792 0.000000 0.001119 0.001150 
 0.007821 0.000010 0.001155 0.001290 
 0.007850 0.000000 0.001191 0.001320 
 0.007879 0.000010 0.001227 0.001350 
 0.007908 0.000030 0.001263 0.001210 
 0.007937 0.000020 0.001300 0.001260 
 0.007966 0.000040 0.001336 0.001320 
 0.007995 0.000000 0.001372 0.001320 
 0.008024 0.000020 0.001408 0.001430 
 0.008052 0.000000 0.001444 0.001390 
 0.008081 0.000030 0.001480 0.001350 
 0.008110 0.000010 0.001516 0.001450 
 0.008139 0.000010 0.001552 0.001360 
 0.008168 0.000010 0.001588 0.001400 
 0.008197 0.000040 0.001624 0.001300 
 0.008226 0.000020 0.001660 0.001560 
 0.008255 0.000020 0.001696 0.001440 
 0.008284 0.000010 0.001732 0.001440 
 0.008313 0.000020 0.001768 0.001150 
 0.008342 0.000030 0.001804 0.001280 
 0.008371 0.000030 0.001840 0.001420 
 0.008400 0.000040 0.001876 0.001370 
 0.008429 0.000060 0.001912 0.001270 
 0.008458 0.000030 0.001948 0.001390 
 0.008487 0.000030 0.001984 0.001580 
 0.008516 0.000040 0.002020 0.001380 
 0.008545 0.000030 0.002056 0.001250 
 0.008573 0.000050 0.002092 0.001420 
 0.008602 0.000070 0.002128 0.001350 
 0.008631 0.000070 0.002165 0.001360 
 0.008660 0.000040 0.002201 0.001480 
 0.008689 0.000050 0.002237 0.001380 
 0.008718 0.000070 0.002273 0.001300 
 0.008747 0.000080 0.002309 0.001300 
 0.008776 0.000040 0.002345 0.001540 
 0.008805 0.000060 0.002381 0.001500 
 0.008834 0.000070 0.002417 0.001480 
 0.008863 0.000100 0.002453 0.001510 
 0.008892 0.000000 0.002489 0.001530 
 0.008921 0.000030 0.002525 0.001440 
 0.008950 0.000030 0.002561 0.001210 
 0.008979 0.000070 0.002597 0.001350 
 0.009008 0.000080 0.002633 0.001530 
 0.009037 0.000060 0.002669 0.001360 
 0.009065 0.000130 0.002705 0.001230 
 0.009094 0.000070 0.002741 0.001470 
 0.009123 0.000080 0.002777 0.001410 
 0.009152 0.000110 0.002813 0.001650 
 0.009181 0.000100 0.002849 0.001180 
 0.009210 0.000080 0.002885 0.001520 
 0.009239 0.000090 0.002921 0.001370 
 0.009268 0.000060 0.002957 0.001620 
 0.009297 0.000060 0.002993 0.001450 
 0.009326 0.000120 0.003029 0.001420 
 0.009355 0.000130 0.003066 0.001490 
 0.009384 0.000140 0.003102 0.001550 
 0.009413 0.000080 0.003138 0.001680 
 0.009442 0.000060 0.003174 0.001480 
 0.009471 0.000120 0.003210 0.001500 
 0.009500 0.000100 0.003246 0.001520 
 0.009529 0.000100 0.003282 0.001370 
 0.009557 0.000090 0.003318 0.001600 
 0.009586 0.000110 0.003354 0.001410 
 0.009615 0.000200 0.003390 0.001560 
 0.009644 0.000120 0.003426 0.001290 
 0.009673 0.000090 0.003462 0.001490 
 0.009702 0.000140 0.003498 0.001350 
 0.009731 0.000130 0.003534 0.001490 
 0.009760 0.000110 0.003570 0.001720 
 0.009789 0.000230 0.003606 0.001380 
 0.009818 0.000140 0.003642 0.001630 
 0.009847 0.000120 0.003678 0.001410 
 0.009876 0.000230 0.003714 0.001590 
 0.009905 0.000160 0.003750 0.001420 
 0.009934 0.000130 0.003786 0.001470 
 0.009963 0.000170 0.003822 0.001580 
 0.009992 0.000200 0.003858 0.001480 
 0.010021 0.000110 0.003894 0.001610 
 0.010049 0.000110 0.003931 0.001370 
 0.010078 0.000150 0.003967 0.001600 
 0.010107 0.000180 0.004003 0.001430 
 0.010136 0.000110 0.004039 0.001590 
 0.010165 0.000140 0.004075 0.001460 
 0.010194 0.000180 0.004111 0.001380 
 0.010223 0.000160 0.004147 0.001410 
 0.010252 0.000110 0.004183 0.001590 
 0.010281 0.000220 0.004219 0.001470 
 0.010310 0.000240 0.004255 0.001560 
 0.010339 0.000170 0.004291 0.001470 
 0.010368 0.000140 0.004327 0.001450 
 0.010397 0.000150 0.004363 0.001450 
 0.010426 0.000180 0.004399 0.001410 
 0.010455 0.000170 0.004435 0.001330 
 0.010484 0.000260 0.004471 0.001400 
 0.010513 0.000180 0.004507 0.001310 
 0.010542 0.000160 0.004543 0.001290 
 0.010570 0.000170 0.004579 0.001340 
 0.010599 0.000230 0.004615 0.001510 
 0.010628 0.000170 0.004651 0.001410 
 0.010657 0.000250 0.004687 0.001410 
 0.010686 0.000150 0.004723 0.001410 
 0.010715 0.000170 0.004759 0.001360 
 0.010744 0.000230 0.004796 0.001580 
 0.010773 0.000130 0.004832 0.001460 
 0.010802 0.000230 0.004868 0.001310 
 0.010831 0.000300 0.004904 0.001390 
 0.010860 0.000250 0.004940 0.001200 
 0.010889 0.000200 0.004976 0.001510 
 0.010918 0.000100 0.005012 0.001250 
 0.010947 0.000180 0.005048 0.001460 
 0.010976 0.000200 0.005084 0.001440 
 0.011005 0.000240 0.005120 0.001350 
 0.011034 0.000270 0.005156 0.001590 
 0.011062 0.000220 0.005192 0.001480 
 0.011091 0.000200 0.005228 0.001620 
 0.011120 0.000280 0.005264 0.001680 
 0.011149 0.000150 0.005300 0.001350 
 0.011178 0.000270 0.005336 0.001570 
 0.011207 0.000220 0.005372 0.001490 
 0.011236 0.000130 0.005408 0.001270 
 0.011265 0.000290 0.005444 0.001480 
 0.011294 0.000200 0.005480 0.001390 
 0.011323 0.000190 0.005516 0.001410 
 0.011352 0.000310 0.005552 0.001380 
 0.011381 0.000210 0.005588 0.001440 
 0.011410 0.000170 0.005624 0.001370 
 0.011439 0.000240 0.005661 0.001280 
 0.011468 0.000170 0.005697 0.001410 
 0.011497 0.000230 0.005733 0.001520 
 0.011526 0.000260 0.005769 0.001370 
 0.011554 0.000260 0.005805 0.001400 
 0.011583 0.000280 0.005841 0.001330 
 0.011612 0.000370 0.005877 0.001410 
 0.011641 0.000290 0.005913 0.001500 
 0.011670 0.000220 0.005949 0.001580 
 0.011699 0.000240 0.005985 0.001230 
 0.011728 0.000250 0.006021 0.001290 
 0.011757 0.000280 0.006057 0.001350 
 0.011786 0.000340 0.006093 0.001390 
 0.011815 0.000310 0.006129 0.001320 
 0.011844 0.000250 0.006165 0.001200 
 0.011873 0.000250 0.006201 0.001320 
 0.011902 0.000260 0.006237 0.001610 
 0.011931 0.000320 0.006273 0.001600 
 0.011960 0.000390 0.006309 0.001440 
 0.011989 0.000290 0.006345 0.001670 
 0.012018 0.000330 0.006381 0.001570 
 0.012047 0.000360 0.006417 0.001520 
 0.012075 0.000410 0.006453 0.001690 
 0.012104 0.000290 0.006489 0.001840 
 0.012133 0.000340 0.006525 0.001340 
 0.012162 0.000300 0.006562 0.001570 
 0.012191 0.000350 0.006598 0.001640 
 0.012220 0.000430 0.006634 0.001420 
 0.012249 0.000400 0.006670 0.001300 
 0.012278 0.000490 0.006706 0.001590 
 0.012307 0.000400 0.006742 0.001580 
 0.012336 0.000410 0.006778 0.001380 
 0.012365 0.000290 0.006814 0.001280 
 0.012394 0.000390 0.006850 0.001440 
 0.012423 0.000330 0.006886 0.001400 
 0.012452 0.000350 0.006922 0.001620 
 0.012481 0.000410 0.006958 0.001580 
 0.012510 0.000400 0.006994 0.001410 
 0.012539 0.000380 0.007030 0.001420 
 0.012567 0.000450 0.007066 0.001380 
 0.012596 0.000390 0.007102 0.001400 
 0.012625 0.000450 0.007138 0.001550 
 0.012654 0.000430 0.007174 0.001420 
 0.012683 0.000390 0.007210 0.001670 
 0.012712 0.000320 0.007246 0.001580 
 0.012741 0.000380 0.007282 0.001570 
 0.012770 0.000360 0.007318 0.001470 
 0.012799 0.000210 0.007354 0.001560 
 0.012828 0.000410 0.007390 0.001350 
 0.012857 0.000550 0.007427 0.001500 
 0.012886 0.000480 0.007463 0.001680 
 0.012915 0.000590 0.007499 0.001470 
 0.012944 0.000420 0.007535 0.001400 
 0.012973 0.000370 0.007571 0.001370 
 0.013002 0.000400 0.007607 0.001400 
 0.013031 0.000460 0.007643 0.001490 
 0.013059 0.000300 0.007679 0.001480 
 0.013088 0.000440 0.007715 0.001390 
 0.013117 0.000440 0.007751 0.001620 
 0.013146 0.000480 0.007787 0.001910 
 0.013175 0.000490 0.007823 0.001530 
 0.013204 0.000360 0.007859 0.001670 
 0.013233 0.000410 0.007895 0.001570 
 0.013262 0.000340 0.007931 0.001730 
 0.013291 0.000490 0.007967 0.001440 
 0.013320 0.000450 0.008003 0.001410 
 0.013349 0.000420 0.008039 0.001150 
 0.013378 0.000450 0.008075 0.001490 
 0.013407 0.000410 0.008111 0.001440 
 0.013436 0.000600 0.008147 0.001590 
 0.013465 0.000420 0.008183 0.001590 
 0.013494 0.000570 0.008219 0.001710 
 0.013523 0.000410 0.008255 0.001580 
 0.013551 0.000390 0.008292 0.001610 
 0.013580 0.000440 0.008328 0.001880 
 0.013609 0.000420 0.008364 0.001870 
 0.013638 0.000400 0.008400 0.001430 
 0.013667 0.000320 0.008436 0.001600 
 0.013696 0.000390 0.008472 0.001570 
 0.013725 0.000390 0.008508 0.001600 
 0.013754 0.000410 0.008544 0.001680 
 0.013783 0.000460 0.008580 0.001550 
 0.013812 0.000430 0.008616 0.001660 
 0.013841 0.000420 0.008652 0.001600 
 0.013870 0.000530 0.008688 0.001620 
 0.013899 0.000330 0.008724 0.001530 
 0.013928 0.000380 0.008760 0.001490 
 0.013957 0.000320 0.008796 0.001520 
 0.013986 0.000390 0.008832 0.001540 
 0.014015 0.000430 0.008868 0.001600 
 0.014044 0.000330 0.008904 0.001420 
 0.014072 0.000350 0.008940 0.001490 
 0.014101 0.000330 0.008976 0.001270 
 0.014130 0.000390 0.009012 0.001560 
 0.014159 0.000430 0.009048 0.001250 
 0.014188 0.000410 0.009084 0.001680 
 0.014217 0.000380 0.009120 0.001480 
 0.014246 0.000380 0.009156 0.001500 
 0.014275 0.000490 0.009193 0.001460 
 0.014304 0.000300 0.009229 0.001780 
 0.014333 0.000360 0.009265 0.001590 
 0.014362 0.000300 0.009301 0.001360 
 0.014391 0.000410 0.009337 0.001670 
 0.014420 0.000420 0.009373 0.001630 
 0.014449 0.000320 0.009409 0.001550 
 0.014478 0.000310 0.009445 0.001820 
 0.014507 0.000320 0.009481 0.001710 
 0.014536 0.000310 0.009517 0.001350 
 0.014564 0.000300 0.009553 0.001550 
 0.014593 0.000240 0.009589 0.001490 
 0.014622 0.000330 0.009625 0.001630 
 0.014651 0.000330 0.009661 0.001570 
 0.014680 0.000210 0.009697 0.001630 
 0.014709 0.000280 0.009733 0.001530 
 0.014738 0.000300 0.009769 0.001580 
 0.014767 0.000270 0.009805 0.001600 
 0.014796 0.000200 0.009841 0.001450 
 0.014825 0.000250 0.009877 0.001570 
 0.014854 0.000170 0.009913 0.001660 
 0.014883 0.000330 0.009949 0.001560 
 0.014912 0.000280 0.009985 0.001680 
 0.014941 0.000360 0.010021 0.001510 
 0.014970 0.000350 0.010058 0.001800 
 0.014999 0.000370 0.010094 0.001680 
 0.015028 0.000270 0.010130 0.001900 
 0.015056 0.000220 0.010166 0.001670 
 0.015085 0.000320 0.010202 0.001810 
 0.015114 0.000320 0.010238 0.001610 
 0.015143 0.000160 0.010274 0.001740 
 0.015172 0.000250 0.010310 0.001580 
 0.015201 0.000230 0.010346 0.001590 
 0.015230 0.000290 0.010382 0.001550 
 0.015259 0.000270 0.010418 0.001620 
 0.015288 0.000250 0.010454 0.001640 
 0.015317 0.000300 0.010490 0.001580 
 0.015346 0.000310 0.010526 0.001560 
 0.015375 0.000240 0.010562 0.001560 
 0.015404 0.000210 0.010598 0.001720 
 0.015433 0.000230 0.010634 0.001660 
 0.015462 0.000250 0.010670 0.001580 
 0.015491 0.000220 0.010706 0.001720 
 0.015520 0.000320 0.010742 0.001660 
 0.015549 0.000260 0.010778 0.001770 
 0.015577 0.000390 0.010814 0.001480 
 0.015606 0.000230 0.010850 0.001740 
 0.015635 0.000260 0.010886 0.001460 
 0.015664 0.000240 0.010923 0.001500 
 0.015693 0.000210 0.010959 0.001670 
 0.015722 0.000280 0.010995 0.001610 
 0.015751 0.000320 0.011031 0.001670 
 0.015780 0.000140 0.011067 0.001700 
 0.015809 0.000230 0.011103 0.001510 
 0.015838 0.000210 0.011139 0.001690 
 0.015867 0.000280 0.011175 0.001490 
 0.015896 0.000190 0.011211 0.001750 
 0.015925 0.000350 0.011247 0.001790 
 0.015954 0.000380 0.011283 0.001650 
 0.015983 0.000220 0.011319 0.001430 
 0.016012 0.000280 0.011355 0.001630 
 0.016041 0.000250 0.011391 0.001630 
 0.016069 0.000320 0.011427 0.001650 
 0.016098 0.000330 0.011463 0.001770 
 0.016127 0.000350 0.011499 0.001810 
 0.016156 0.000300 0.011535 0.001820 
 0.016185 0.000380 0.011571 0.001480 
 0.016214 0.000320 0.011607 0.001520 
 0.016243 0.000370 0.011643 0.001660 
 0.016272 0.000280 0.011679 0.001620 
 0.016301 0.000300 0.011715 0.001870 
 0.016330 0.000320 0.011751 0.002130 
 0.016359 0.000440 0.011788 0.001890 
 0.016388 0.000450 0.011824 0.002100 
 0.016417 0.000460 0.011860 0.001920 
 0.016446 0.000410 0.011896 0.002080 
 0.016475 0.000400 0.011932 0.001980 
 0.016504 0.000290 0.011968 0.001790 
 0.016533 0.000580 0.012004 0.001870 
 0.016561 0.000460 0.012040 0.001810 
 0.016590 0.000390 0.012076 0.001590 
 0.016619 0.000540 0.012112 0.001810 
 0.016648 0.000580 0.012148 0.001920 
 0.016677 0.000700 0.012184 0.001860 
 0.016706 0.000720 0.012220 0.002010 
 0.016735 0.000740 0.012256 0.001890 
 0.016764 0.000830 0.012292 0.001680 
 0.016793 0.000890 0.012328 0.001770 
 0.016822 0.001050 0.012364 0.001970 
 0.016851 0.001220 0.012400 0.001770 
 0.016880 0.001390 0.012436 0.001740 
 0.016909 0.001550 0.012472 0.001900 
 0.016938 0.001410 0.012508 0.001800 
 0.016967 0.001610 0.012544 0.001840 
 0.016996 0.001900 0.012580 0.001870 
 0.017025 0.002150 0.012616 0.001850 
 0.017053 0.002500 0.012652 0.001840 
 0.017082 0.002811 0.012689 0.001820 
 0.017111 0.003301 0.012725 0.001510 
 0.017140 0.003971 0.012761 0.001840 
 0.017169 0.004491 0.012797 0.001950 
 0.017198 0.005911 0.012833 0.001730 
 0.017227 0.006121 0.012869 0.002150 
 0.017256 0.007191 0.012905 0.002060 
 0.017285 0.008071 0.012941 0.001660 
 0.017314 0.009952 0.012977 0.001780 
 0.017343 0.011452 0.013013 0.002130 
 0.017372 0.014703 0.013049 0.001670 
 0.017401 0.016723 0.013085 0.001640 
 0.017430 0.019103 0.013121 0.001620 
 0.017459 0.022164 0.013157 0.001850 
 0.017488 0.024844 0.013193 0.001710 
 0.017517 0.027175 0.013229 0.001740 
 0.017546 0.032146 0.013265 0.002020 
 0.017574 0.034086 0.013301 0.001900 
 0.017603 0.035966 0.013337 0.001950 
 0.017632 0.038517 0.013373 0.001980 
 0.017661 0.038627 0.013409 0.001690 
 0.017690 0.037677 0.013445 0.001610 
 0.017719 0.036147 0.013481 0.001630 
 0.017748 0.033916 0.013517 0.001900 
 0.017777 0.030485 0.013554 0.001720 
 0.017806 0.026955 0.013590 0.001730 
 0.017835 0.023114 0.013626 0.001840 
 0.017864 0.019013 0.013662 0.001650 
 0.017893 0.017073 0.013698 0.001860 
 0.017922 0.014563 0.013734 0.002010 
 0.017951 0.011872 0.013770 0.001730 
 0.017980 0.010432 0.013806 0.001920 
 0.018009 0.009472 0.013842 0.001910 
 0.018038 0.008051 0.013878 0.001970 
 0.018066 0.006921 0.013914 0.002170 
 0.018095 0.006481 0.013950 0.002410 
 0.018124 0.006051 0.013986 0.002350 
 0.018153 0.005521 0.014022 0.002200 
 0.018182 0.005131 0.014058 0.002470 
 0.018211 0.004591 0.014094 0.001920 
 0.018240 0.004881 0.014130 0.001860 
 0.018269 0.004501 0.014166 0.002120 
 0.018298 0.004071 0.014202 0.002160 
 0.018327 0.004271 0.014238 0.001910 
 0.018356 0.004061 0.014274 0.001980 
 0.018385 0.003661 0.014310 0.001830 
 0.018414 0.003641 0.014346 0.002040 
 0.018443 0.003151 0.014382 0.001850 
 0.018472 0.003211 0.014419 0.001760 
 0.018501 0.003411 0.014455 0.001900 
 0.018530 0.003171 0.014491 0.002120 
 0.018558 0.003091 0.014527 0.001890 
 0.018587 0.002871 0.014563 0.001690 
 0.018616 0.002781 0.014599 0.001860 
 0.018645 0.002791 0.014635 0.002180 
 0.018674 0.003041 0.014671 0.002280 
 0.018703 0.002710 0.014707 0.001840 
 0.018732 0.002490 0.014743 0.001830 
 0.018761 0.002470 0.014779 0.001930 
 0.018790 0.002440 0.014815 0.002090 
 0.018819 0.002170 0.014851 0.001870 
 0.018848 0.002280 0.014887 0.002100 
 0.018877 0.002180 0.014923 0.001950 
 0.018906 0.002100 0.014959 0.001710 
 0.018935 0.002060 0.014995 0.002130 
 0.018964 0.002000 0.015031 0.002170 
 0.018993 0.001880 0.015067 0.002260 
 0.019022 0.001910 0.015103 0.002080 
 0.019050 0.001810 0.015139 0.002150 
 0.019079 0.001900 0.015175 0.002130 
 0.019108 0.001870 0.015211 0.002160 
 0.019137 0.001710 0.015247 0.001860 
 0.019166 0.001770 0.015284 0.002180 
 0.019195 0.001840 0.015320 0.002260 
 0.019224 0.001630 0.015356 0.002270 
 0.019253 0.001540 0.015392 0.002240 
 0.019282 0.001610 0.015428 0.002350 
 0.019311 0.001700 0.015464 0.002480 
 0.019340 0.001540 0.015500 0.002670 
 0.019369 0.001450 0.015536 0.002690 
 0.019398 0.001540 0.015572 0.002270 
 0.019427 0.001700 0.015608 0.002921 
 0.019456 0.001510 0.015644 0.002380 
 0.019485 0.001480 0.015680 0.002490 
 0.019514 0.001440 0.015716 0.002420 
 0.019543 0.001220 0.015752 0.002260 
 0.019571 0.001540 0.015788 0.002360 
 0.019600 0.001240 0.015824 0.002510 
 0.019629 0.001410 0.015860 0.002410 
 0.019658 0.001390 0.015896 0.002580 
 0.019687 0.001540 0.015932 0.002290 
 0.019716 0.001230 0.015968 0.002710 
 0.019745 0.001300 0.016004 0.002981 
 0.019774 0.001420 0.016040 0.003191 
 0.019803 0.001140 0.016076 0.002730 
 0.019832 0.001300 0.016112 0.002740 
 0.019861 0.001040 0.016148 0.002851 
 0.019890 0.001240 0.016185 0.002520 
 0.019919 0.001370 0.016221 0.002640 
 0.019948 0.001070 0.016257 0.002961 
 0.019977 0.001180 0.016293 0.003191 
 0.020006 0.001010 0.016329 0.003331 
 0.020035 0.001200 0.016365 0.002911 
 0.020063 0.001100 0.016401 0.003261 
 0.020092 0.001030 0.016437 0.003481 
 0.020121 0.000980 0.016473 0.003131 
 0.020150 0.001040 0.016509 0.003031 
 0.020179 0.001020 0.016545 0.003761 
 0.020208 0.001160 0.016581 0.003701 
 0.020237 0.001000 0.016617 0.003311 
 0.020266 0.001040 0.016653 0.003241 
 0.020295 0.001110 0.016689 0.003431 
 0.020324 0.001070 0.016725 0.003721 
 0.020353 0.000730 0.016761 0.003491 
 0.020382 0.000900 0.016797 0.003851 
 0.020411 0.001070 0.016833 0.004021 
 0.020440 0.000860 0.016869 0.004101 
 0.020469 0.000900 0.016905 0.004001 
 0.020498 0.000990 0.016941 0.004571 
 0.020527 0.001060 0.016977 0.004631 
 0.020555 0.000840 0.017013 0.004801 
 0.020584 0.000950 0.017050 0.004821 
 0.020613 0.000740 0.017086 0.005031 
 0.020642 0.000910 0.017122 0.005221 
 0.020671 0.000880 0.017158 0.005111 
 0.020700 0.000850 0.017194 0.004701 
 0.020729 0.000650 0.017230 0.004731 
 0.020758 0.000720 0.017266 0.005271 
 0.020787 0.000930 0.017302 0.005581 
 0.020816 0.000900 0.017338 0.005541 
 0.020845 0.000720 0.017374 0.005501 
 0.020874 0.000710 0.017410 0.006391 
 0.020903 0.000920 0.017446 0.006231 
 0.020932 0.000830 0.017482 0.006921 
 0.020961 0.000660 0.017518 0.007371 
 0.020990 0.000830 0.017554 0.007581 
 0.021019 0.000630 0.017590 0.007011 
 0.021048 0.000780 0.017626 0.005971 
 0.021076 0.000670 0.017662 0.005281 
 0.021105 0.000570 0.017698 0.004241 
 0.021134 0.000760 0.017734 0.003281 
 0.021163 0.000700 0.017770 0.002460 
 0.021192 0.000660 0.017806 0.001950 
 0.021221 0.000750 0.017842 0.001840 
 0.021250 0.000670 0.017878 0.002010 
 0.021279 0.000670 0.017915 0.001830 
 0.021308 0.000700 0.017951 0.001780 
 0.021337 0.000570 0.017987 0.001510 
 0.021366 0.000680 0.018023 0.001690 
 0.021395 0.000620 0.018059 0.001370 
 0.021424 0.000640 0.018095 0.001420 
 0.021453 0.000610 0.018131 0.001190 
 0.021482 0.000650 0.018167 0.001250 
 0.021511 0.000540 0.018203 0.001230 
 0.021540 0.000510 0.018239 0.001240 
 0.021568 0.000640 0.018275 0.001030 
 0.021597 0.000620 0.018311 0.001150 
 0.021626 0.000630 0.018347 0.001080 
 0.021655 0.000560 0.018383 0.001050 
 0.021684 0.000730 0.018419 0.000810 
 0.021713 0.000630 0.018455 0.001060 
 0.021742 0.000590 0.018491 0.000950 
 0.021771 0.000520 0.018527 0.000870 
 0.021800 0.000490 0.018563 0.000930 
 0.021829 0.000510 0.018599 0.000770 
 0.021858 0.000580 0.018635 0.000850 
 0.021887 0.000550 0.018671 0.000910 
 0.021916 0.000460 0.018707 0.000760 
 0.021945 0.000460 0.018743 0.000750 
 0.021974 0.000410 0.018779 0.000800 
 0.022003 0.000550 0.018816 0.000770 
 0.022032 0.000430 0.018852 0.000640 
 0.022060 0.000510 0.018888 0.000540 
 0.022089 0.000430 0.018924 0.000580 
 0.022118 0.000520 0.018960 0.000690 
 0.022147 0.000510 0.018996 0.000490 
 0.022176 0.000390 0.019032 0.000710 
 0.022205 0.000490 0.019068 0.000650 
 0.022234 0.000440 0.019104 0.000540 
 0.022263 0.000510 0.019140 0.000490 
 0.022292 0.000380 0.019176 0.000680 
 0.022321 0.000430 0.019212 0.000520 
 0.022350 0.000460 0.019248 0.000570 
 0.022379 0.000540 0.019284 0.000700 
 0.022408 0.000390 0.019320 0.000650 
 0.022437 0.000350 0.019356 0.000360 
 0.022466 0.000380 0.019392 0.000460 
 0.022495 0.000410 0.019428 0.000510 
 0.022524 0.000470 0.019464 0.000450 
 0.022552 0.000520 0.019500 0.000620 
 0.022581 0.000330 0.019536 0.000410 
 0.022610 0.000340 0.019572 0.000320 
 0.022639 0.000410 0.019608 0.000490 
 0.022668 0.000370 0.019644 0.000570 
 0.022697 0.000290 0.019681 0.000450 
 0.022726 0.000410 0.019717 0.000380 
 0.022755 0.000290 0.019753 0.000430 
 0.022784 0.000420 0.019789 0.000550 
 0.022813 0.000260 0.019825 0.000320 
 0.022842 0.000330 0.019861 0.000420 
 0.022871 0.000280 0.019897 0.000370 
 0.022900 0.000330 0.019933 0.000390 
 0.022929 0.000360 0.019969 0.000440 
 0.022958 0.000380 0.020005 0.000240 
 0.022987 0.000340 0.020041 0.000390 
 0.023016 0.000320 0.020077 0.000380 
 0.023045 0.000280 0.020113 0.000350 
 0.023073 0.000280 0.020149 0.000310 
 0.023102 0.000330 0.020185 0.000390 
 0.023131 0.000330 0.020221 0.000300 
 0.023160 0.000240 0.020257 0.000360 
 0.023189 0.000280 0.020293 0.000300 
 0.023218 0.000300 0.020329 0.000370 
 0.023247 0.000270 0.020365 0.000320 
 0.023276 0.000250 0.020401 0.000360 
 0.023305 0.000250 0.020437 0.000340 
 0.023334 0.000230 0.020473 0.000390 
 0.023363 0.000240 0.020509 0.000310 
 0.023392 0.000280 0.020546 0.000240 
 0.023421 0.000260 0.020582 0.000270 
 0.023450 0.000250 0.020618 0.000190 
 0.023479 0.000300 0.020654 0.000350 
 0.023508 0.000210 0.020690 0.000320 
 0.023537 0.000210 0.020726 0.000260 
 0.023565 0.000240 0.020762 0.000270 
 0.023594 0.000310 0.020798 0.000270 
 0.023623 0.000320 0.020834 0.000190 
 0.023652 0.000260 0.020870 0.000240 
 0.023681 0.000310 0.020906 0.000280 
 0.023710 0.000200 0.020942 0.000300 
 0.023739 0.000330 0.020978 0.000210 
 0.023768 0.000230 0.021014 0.000170 
 0.023797 0.000250 0.021050 0.000250 
 0.023826 0.000250 0.021086 0.000180 
 0.023855 0.000170 0.021122 0.000200 
 0.023884 0.000140 0.021158 0.000240 
 0.023913 0.000200 0.021194 0.000190 
 0.023942 0.000250 0.021230 0.000260 
 0.023971 0.000200 0.021266 0.000180 
 0.024000 0.000270 0.021302 0.000210 
 0.024029 0.000200 0.021338 0.000160 
 0.024057 0.000160 0.021374 0.000260 
 0.024086 0.000180 0.021411 0.000290 
 0.024115 0.000090 0.021447 0.000190 
 0.024144 0.000230 0.021483 0.000140 
 0.024173 0.000150 0.021519 0.000170 
 0.024202 0.000240 0.021555 0.000190 
 0.024231 0.000110 0.021591 0.000180 
 0.024260 0.000200 0.021627 0.000210 
 0.024289 0.000120 0.021663 0.000130 
 0.024318 0.000190 0.021699 0.000220 
 0.024347 0.000120 0.021735 0.000120 
 0.024376 0.000140 0.021771 0.000210 
 0.024405 0.000190 0.021807 0.000150 
 0.024434 0.000110 0.021843 0.000130 
 0.024463 0.000100 0.021879 0.000140 
 0.024492 0.000050 0.021915 0.000170 
 0.024521 0.000150 0.021951 0.000250 
 0.024550 0.000170 0.021987 0.000230 
 0.024578 0.000130 0.022023 0.000130 
 0.024607 0.000120 0.022059 0.000140 
 0.024636 0.000130 0.022095 0.000200 
 0.024665 0.000230 0.022131 0.000110 
 0.024694 0.000160 0.022167 0.000100 
 0.024723 0.000210 0.022203 0.000130 
 0.024752 0.000170 0.022239 0.000120 
 0.024781 0.000150 0.022275 0.000130 
 0.024810 0.000150 0.022312 0.000180 
 0.024839 0.000120 0.022348 0.000160 
 0.024868 0.000110 0.022384 0.000150 
 0.024897 0.000130 0.022420 0.000160 
 0.024926 0.000180 0.022456 0.000160 
 0.024955 0.000130 0.022492 0.000140 
 0.024984 0.000160 0.022528 0.000140 
 0.025013 0.000150 0.022564 0.000160 
 0.025042 0.000100 0.022600 0.000110 
 0.025070 0.000180 0.022636 0.000100 
 0.025099 0.000170 0.022672 0.000200 
 0.025128 0.000090 0.022708 0.000110 
 0.025157 0.000170 0.022744 0.000130 
 0.025186 0.000090 0.022780 0.000120 
 0.025215 0.000060 0.022816 0.000090 
 0.025244 0.000120 0.022852 0.000140 
 0.025273 0.000120 0.022888 0.000160 
 0.025302 0.000110 0.022924 0.000130 
 0.025331 0.000110 0.022960 0.000050 
 0.025360 0.000130 0.022996 0.000030 
 0.025389 0.000120 0.023032 0.000080 
 0.025418 0.000050 0.023068 0.000110 
 0.025447 0.000170 0.023104 0.000080 
 0.025476 0.000100 0.023140 0.000070 
 0.025505 0.000160 0.023177 0.000100 
 0.025534 0.000070 0.023213 0.000070 
 0.025562 0.000120 0.023249 0.000060 
 0.025591 0.000070 0.023285 0.000080 
 0.025620 0.000050 0.023321 0.000130 
 0.025649 0.000040 0.023357 0.000080 
 0.025678 0.000120 0.023393 0.000100 
 0.025707 0.000110 0.023429 0.000080 
 0.025736 0.000090 0.023465 0.000120 
 0.025765 0.000050 0.023501 0.000070 
 0.025794 0.000100 0.023537 0.000120 
 0.025823 0.000100 0.023573 0.000050 
 0.025852 0.000030 0.023609 0.000070 
 0.025881 0.000070 0.023645 0.000080 
 0.025910 0.000060 0.023681 0.000090 
 0.025939 0.000110 0.023717 0.000120 
 0.025968 0.000040 0.023753 0.000060 
 0.025997 0.000160 0.023789 0.000080 
 0.026026 0.000090 0.023825 0.000070 
 0.026054 0.000150 0.023861 0.000040 
 0.026083 0.000090 0.023897 0.000130 
 0.026112 0.000100 0.023933 0.000120 
 0.026141 0.000050 0.023969 0.000090 
 0.026170 0.000060 0.024005 0.000130 
 0.026199 0.000070 0.024042 0.000060 
 0.026228 0.000110 0.024078 0.000060 
 0.026257 0.000080 0.024114 0.000040 
 0.026286 0.000100 0.024150 0.000060 
 0.026315 0.000080 0.024186 0.000060 
 0.026344 0.000090 0.024222 0.000050 
 0.026373 0.000110 0.024258 0.000090 
 0.026402 0.000050 0.024294 0.000080 
 0.026431 0.000070 0.024330 0.000100 
 0.026460 0.000060 0.024366 0.000070 
 0.026489 0.000060 0.024402 0.000100 
 0.026518 0.000020 0.024438 0.000040 
 0.026547 0.000100 0.024474 0.000070 
 0.026575 0.000080 0.024510 0.000060 
 0.026604 0.000030 0.024546 0.000050 
 0.026633 0.000040 0.024582 0.000080 
 0.026662 0.000050 0.024618 0.000030 
 0.026691 0.000040 0.024654 0.000080 
 0.026720 0.000090 0.024690 0.000000 
 0.026749 0.000100 0.024726 0.000090 
 0.026778 0.000090 0.024762 0.000030 
 0.026807 0.000040 0.024798 0.000050 
 0.026836 0.000060 0.024834 0.000040 
 0.026865 0.000050 0.024870 0.000040 
 0.026894 0.000040 0.024906 0.000080 
 0.026923 0.000040 0.024943 0.000050 
 0.026952 0.000050 0.024979 0.000030 
 0.026981 0.000030 0.025015 0.000020 
 0.027010 0.000030 0.025051 0.000040 
 0.027039 0.000050 0.025087 0.000030 
 0.027067 0.000030 0.025123 0.000050 
 0.027096 0.000050 0.025159 0.000080 
 0.027125 0.000050 0.025195 0.000020 
 0.027154 0.000070 0.025231 0.000030 
 0.027183 0.000040 0.025267 0.000080 
 0.027212 0.000060 0.025303 0.000030 
 0.027241 0.000040 0.025339 0.000030 
 0.027270 0.000030 0.025375 0.000080 
 0.027299 0.000020 0.025411 0.000080 
 0.027328 0.000050 0.025447 0.000040 
 0.027357 0.000020 0.025483 0.000010 
 0.027386 0.000080 0.025519 0.000010 
 0.027415 0.000010 0.025555 0.000060 
 0.027444 0.000050 0.025591 0.000020 
 0.027473 0.000030 0.025627 0.000060 
 0.027502 0.000020 0.025663 0.000010 
 0.027531 0.000040 0.025699 0.000040 
 0.027559 0.000010 0.025735 0.000070 
 0.027588 0.000060 0.025771 0.000020 
 0.027617 0.000060 0.025808 0.000020 
 0.027646 0.000030 0.025844 0.000040 
 0.027675 0.000020 0.025880 0.000050 
 0.027704 0.000020 0.025916 0.000060 
 0.027733 0.000040 0.025952 0.000010 
 0.027762 0.000010 0.025988 0.000040 
 0.027791 0.000010 0.026024 0.000030 
 0.027820 0.000030 0.026060 0.000060 
 0.027849 0.000040 0.026096 0.000030 
 0.027878 0.000050 0.026132 0.000030 
 0.027907 0.000020 0.026168 0.000040 
 0.027936 0.000040 0.026204 0.000000 
 0.027965 0.000010 0.026240 0.000040 
 0.027994 0.000030 0.026276 0.000090 
 0.028023 0.000020 0.026312 0.000010 
 0.028052 0.000060 0.026348 0.000010 
 0.028080 0.000030 0.026384 0.000010 
 0.028109 0.000030 0.026420 0.000050 
 0.028138 0.000050 0.026456 0.000040 
 0.028167 0.000020 0.026492 0.000030 
 0.028196 0.000040 0.026528 0.000030 
 0.028225 0.000030 0.026564 0.000030 
 0.028254 0.000050 0.026600 0.000020 
 0.028283 0.000050 0.026636 0.000010 
 0.028312 0.000030 0.026673 0.000030 
 0.028341 0.000020 0.026709 0.000020 
 0.028370 0.000020 0.026745 0.000010 
 0.028399 0.000010 0.026781 0.000030 
 0.028428 0.000000 0.026817 0.000030 
 0.028457 0.000040 0.026853 0.000020 
 0.028486 0.000030 0.026889 0.000020 
 0.028515 0.000060 0.026925 0.000020 
 0.028544 0.000010 0.026961 0.000030 
 0.028572 0.000020 0.026997 0.000030 
 0.028601 0.000000 0.027033 0.000010 
 0.028630 0.000030 0.027069 0.000010 
 0.028659 0.000030 0.027105 0.000000 
 0.028688 0.000000 0.027141 0.000020 
 0.028717 0.000020 0.027177 0.000020 
 0.028746 0.000010 0.027213 0.000000 
 0.028775 0.000010 0.027249 0.000030 
 0.028804 0.000000 0.027285 0.000000 
 0.028833 0.000040 0.027321 0.000030 
 0.028862 0.000050 0.027357 0.000010 
 0.028891 0.000020 0.027393 0.000010 
 0.028920 0.000010 0.027429 0.000020 
 0.028949 0.000020 0.027465 0.000020 
 0.028978 0.000030 0.027501 0.000020 
 0.029007 0.000000 0.027538 0.000020 
 0.029036 0.000020 0.027574 0.000020 
 0.029064 0.000020 0.027610 0.000060 
 0.029093 0.000020 0.027646 0.000020 
 0.029122 0.000000 0.027682 0.000010 
 0.029151 0.000010 0.027718 0.000000 
 0.029180 0.000030 0.027754 0.000000 
 0.029209 0.000010 0.027790 0.000020 
 0.029238 0.000040 0.027826 0.000010 
 0.029267 0.000010 0.027862 0.000000 
 0.029296 0.000040 0.027898 0.000020 
 0.029325 0.000000 0.027934 0.000030 
 0.029354 0.000000 0.027970 0.000020 
 0.029383 0.000000 0.028006 0.000040 
 0.029412 0.000030 0.028042 0.000020 
 0.029441 0.000010 0.028078 0.000010 
 0.029470 0.000010 0.028114 0.000000 
 0.029499 0.000010 0.028150 0.000000 
 0.029528 0.000010 0.028186 0.000030 
 0.029556 0.000010 0.028222 0.000010 
 0.029585 0.000010 0.028258 0.000000 
 0.029614 0.000010 0.028294 0.000000 
 0.029643 0.000010 0.028330 0.000020 
 0.029672 0.000020 0.028366 0.000010 
 0.029701 0.000000 0.028402 0.000010 
 0.029730 0.000020 0.028439 0.000020 
 0.029759 0.000010 0.028475 0.000000 
 0.029788 0.000000 0.028511 0.000010 
 0.029817 0.000010 0.028547 0.000030 
 0.029846 0.000030 0.028583 0.000000 
 0.029875 0.000020 0.028619 0.000010 
 0.029904 0.000020 0.028655 0.000000 
 0.029933 0.000000 0.028691 0.000020 
 0.029962 0.000010 0.028727 0.000010 
 0.029991 0.000000 0.028763 0.000010 
 0.030020 0.000010 0.028799 0.000000 
 0.030049 0.000010 0.028835 0.000000 
 0.030077 0.000030 0.028871 0.000000 
 0.030106 0.000010 0.028907 0.000010 
 0.030135 0.000000 0.028943 0.000020 
 0.030164 0.000010 0.028979 0.000000 
 0.030193 0.000010 0.029015 0.000010 
 0.030222 0.000010 0.029051 0.000000 
 0.030251 0.000010 0.029087 0.000010 
 0.030280 0.000010 0.029123 0.000000 
 0.030309 0.000000 0.029159 0.000010 
 0.030338 0.000010 0.029195 0.000000 
 0.030367 0.000010 0.029231 0.000000 
 0.030396 0.000010 0.029267 0.000010 
 0.030425 0.000010 0.029304 0.000010 
 0.030454 0.000010 0.029340 0.000000 
 0.030483 0.000000 0.029376 0.000000 
 0.030512 0.000020 0.029412 0.000000 
 0.030541 0.000010 0.029448 0.000000 
 0.030569 0.000000 0.029484 0.000000 
 0.030598 0.000010 0.029520 0.000010 
 0.030627 0.000000 0.029556 0.000020 
 0.030656 0.000000 0.029592 0.000010 
 0.030685 0.000000 0.029628 0.000000 
 0.030714 0.000020 0.029664 0.000000 
 0.030743 0.000000 0.029700 0.000020 
 0.030772 0.000000 0.029736 0.000010 
 0.030801 0.000000 0.029772 0.000000 
 0.030830 0.000000 0.029808 0.000000 
 0.030859 0.000000 0.029844 0.000020 
 0.030888 0.000000 0.029880 0.000000 
 0.030917 0.000000 0.029916 0.000000 
 0.030946 0.000020 0.029952 0.000010 
 0.030975 0.000000 0.029988 0.000020 
 0.031004 0.000010 0.030024 0.000010 
 0.031033 0.000010 0.030060 0.000000 
 0.031061 0.000010 0.030096 0.000000 
 0.031090 0.000010 0.030132 0.000000 
 0.031119 0.000010 0.030169 0.000010 
 0.031148 0.000000 0.030205 0.000000 
 0.031177 0.000000 0.030241 0.000000 
 0.031206 0.000000 0.030277 0.000010 
 0.031235 0.000000 0.030313 0.000000 
 0.031264 0.000010 0.030349 0.000000 
 0.031293 0.000010 0.030385 0.000020 
 0.031322 0.000010 0.030421 0.000000 
 0.031351 0.000000 0.030457 0.000000 
 0.031380 0.000010 0.030493 0.000000 
 0.031409 0.000000 0.030529 0.000020 
 0.031438 0.000000 0.030565 0.000000 
 0.031467 0.000030 0.030601 0.000000 
 0.031496 0.000000 0.030637 0.000000 
 0.031525 0.000010 0.030673 0.000000 
 0.031554 0.000010 0.030709 0.000000 
 0.031582 0.000030 0.030745 0.000010 
 0.031611 0.000000 0.030781 0.000000 
 0.031640 0.000020 0.030817 0.000000 
 0.031669 0.000010 0.030853 0.000000 
 0.031698 0.000010 0.030889 0.000000 
 0.031727 0.000000 0.030925 0.000000 
 0.031756 0.000010 0.030961 0.000000 
 0.031785 0.000020 0.030997 0.000000 
 0.031814 0.000000 0.031034 0.000000 
 0.031843 0.000010 0.031070 0.000000 
 0.031872 0.000010 0.031106 0.000000 
 0.031901 0.000000 0.031142 0.000000 
 0.031930 0.000000 0.031178 0.000000 
 0.031959 0.000010 0.031214 0.000000 
 0.031988 0.000000 0.031250 0.000000 
 0.032017 0.000000 0.031286 0.000000 
 0.032046 0.000000 0.031322 0.000000 
 0.032074 0.000000 0.031358 0.000000 
 0.032103 0.000010 0.031394 0.000000 
 0.032132 0.000010 0.031430 0.000010 
 0.032161 0.000000 0.031466 0.000010 
 0.032190 0.000000 0.031502 0.000000 
 0.032219 0.000000 0.031538 0.000000 
 0.032248 0.000000 0.031574 0.000000 
 0.032277 0.000010 0.031610 0.000010 
 0.032306 0.000000 0.031646 0.000000 
 0.032335 0.000000 0.031682 0.000010 
 0.032364 0.000000 0.031718 0.000000 
 0.032393 0.000000 0.031754 0.000000 
 0.032422 0.000010 0.031790 0.000000 
 0.032451 0.000000 0.031826 0.000010 
 0.032480 0.000010 0.031862 0.000010 
 0.032509 0.000000 0.031898 0.000000 
 0.032538 0.000010 0.031935 0.000000 
 0.032566 0.000000 0.031971 0.000000 
 0.032595 0.000000 0.032007 0.000010 
 0.032624 0.000000 0.032043 0.000010 
 0.032653 0.000010 0.032079 0.000010 
 0.032682 0.000000 0.032115 0.000000 
 0.032711 0.000000 0.032151 0.000000 
 0.032740 0.000000 0.032187 0.000000 
 0.032769 0.000000 0.032223 0.000000 
 0.032798 0.000000 0.032259 0.000000 
 0.032827 0.000000 0.032295 0.000000 
 0.032856 0.000000 0.032331 0.000000 
 0.032885 0.000000 0.032367 0.000000 
 0.032914 0.000000 0.032403 0.000010 
 0.032943 0.000000 0.032439 0.000000 
 0.032972 0.000000 0.032475 0.000000 
 0.033001 0.000000 0.032511 0.000000 
 0.033030 0.000000 0.032547 0.000000 
 0.033058 0.000000 0.032583 0.000000 
 0.033087 0.000020 0.032619 0.000000 
 0.033116 0.000010 0.032655 0.000000 
 0.033145 0.000000 0.032691 0.000000 
 0.033174 0.000000 0.032727 0.000010 
 0.033203 0.000000 0.032763 0.000000 
 0.033232 0.000000 0.032800 0.000000 
 0.033261 0.000000 0.032836 0.000000 
 0.033290 0.000000 0.032872 0.000000 
 0.033319 0.000000 0.032908 0.000010 
 0.033348 0.000000 0.032944 0.000000 
 0.033377 0.000010 0.032980 0.000000 
 0.033406 0.000000 0.033016 0.000000 
 0.033435 0.000000 0.033052 0.000000 
 0.033464 0.000000 0.033088 0.000000 
 0.033493 0.000010 0.033124 0.000010 
 0.033522 0.000000 0.033160 0.000000 
 0.033551 0.000010 0.033196 0.000000 
 0.033579 0.000000 0.033232 0.000000 
 0.033608 0.000000 0.033268 0.000000 
 0.033637 0.000010 0.033304 0.000000 
 0.033666 0.000000 0.033340 0.000000 
 0.033695 0.000000 0.033376 0.000000 
 0.033724 0.000000 0.033412 0.000000 
 0.033753 0.000000 0.033448 0.000000 
 0.033782 0.000000 0.033484 0.000000 
 0.033811 0.000000 0.033520 0.000010 
 0.033840 0.000000 0.033556 0.000000 
 0.033869 0.000000 0.033592 0.000000 
 0.033898 0.000000 0.033628 0.000000 
 0.033927 0.000000 0.033665 0.000000 
 0.033956 0.000000 0.033701 0.000000 
 0.033985 0.000000 0.033737 0.000000 
 0.034014 0.000000 0.033773 0.000000 
 0.034043 0.000000 0.033809 0.000000 
 0.034071 0.000000 0.033845 0.000000 
 0.034100 0.000000 0.033881 0.000000 
 0.034129 0.000000 0.033917 0.000000 
 0.034158 0.000000 0.033953 0.000000 
 0.034187 0.000000 0.033989 0.000000 
 0.034216 0.000000 0.034025 0.000000 
 0.034245 0.000000 0.034061 0.000010 
 0.034274 0.000000 0.034097 0.000000 
 0.034303 0.000000 0.034133 0.000000 
 0.034332 0.000000 0.034169 0.000000 
 0.034361 0.000000 0.034205 0.000000 
 0.034390 0.000010 0.034241 0.000000 
 0.034419 0.000000 0.034277 0.000000 
 0.034448 0.000000 0.034313 0.000000 
 0.034477 0.000000 0.034349 0.000000 
 0.034506 0.000000 0.034385 0.000000 
 0.034535 0.000000 0.034421 0.000000 
 0.034563 0.000000 0.034457 0.000010 
 0.034592 0.000000 0.034493 0.000000 
 0.034621 0.000000 0.034529 0.000000 
 0.034650 0.000000 0.034566 0.000000 
 0.034679 0.000000 0.034602 0.000000 
 0.034708 0.000000 0.034638 0.000000 
 0.034737 0.000000 0.034674 0.000000 
 0.034766 0.000000 0.034710 0.000000 
 0.034795 0.000000 0.034746 0.000000 
 0.034824 0.000000 0.034782 0.000010 
 0.034853 0.000000 0.034818 0.000000 
 0.034882 0.000000 0.034854 0.000000 
 0.034911 0.000000 0.034890 0.000000 
 0.034940 0.000000 0.034926 0.000000 
 0.034969 0.000000 0.034962 0.000010 
 0.034998 0.000000 0.034998 0.000000 
 0.035027 0.000000 0.035034 0.000000 
 0.035056 0.000000 0.035070 0.000000 
 0.035084 0.000000 0.035106 0.000000 
 0.035113 0.000000 0.035142 0.000000 
 0.035142 0.000000 0.035178 0.000000 
 0.035171 0.000000 0.035214 0.000000 
 0.035200 0.000000 0.035250 0.000000 
 0.035229 0.000000 0.035286 0.000000 
 0.035258 0.000000 0.035322 0.000000 
 0.035287 0.000000 0.035358 0.000000 
 0.035316 0.000000 0.035394 0.000000 
 0.035345 0.000000 0.035431 0.000000 
 0.035374 0.000000 0.035467 0.000000 
 0.035403 0.000000 0.035503 0.000000 
 0.035432 0.000000 0.035539 0.000000 
 0.035461 0.000000 0.035575 0.000000 
 0.035490 0.000000 0.035611 0.000000 
 0.035519 0.000000 0.035647 0.000000 
 0.035548 0.000000 0.035683 0.000000 
 0.035576 0.000000 0.035719 0.000000 
 0.035605 0.000000 0.035755 0.000000 
 0.035634 0.000000 0.035791 0.000000 
 0.035663 0.000000 0.035827 0.000000 
 0.035692 0.000000 0.035863 0.000000 
 0.035721 0.000000 0.035899 0.000000 
 0.035750 0.000000 0.035935 0.000000 
 0.035779 0.000000 0.035971 0.000000 
 0.035808 0.000020 0.036007 0.000010 
