#rbin[i] Nr[i] lbin[i] Nl[i]
 0.008088 0.000010 0.000039 0.000070 
 0.008132 0.000010 0.000097 0.000050 
 0.008175 0.000000 0.000156 0.000160 
 0.008219 0.000000 0.000215 0.000260 
 0.008263 0.000000 0.000273 0.000230 
 0.008306 0.000010 0.000332 0.000300 
 0.008350 0.000000 0.000391 0.000240 
 0.008394 0.000000 0.000449 0.000350 
 0.008438 0.000000 0.000508 0.000420 
 0.008481 0.000000 0.000566 0.000450 
 0.008525 0.000000 0.000625 0.000370 
 0.008569 0.000000 0.000684 0.000470 
 0.008612 0.000000 0.000742 0.000530 
 0.008656 0.000000 0.000801 0.000460 
 0.008700 0.000010 0.000859 0.000650 
 0.008743 0.000010 0.000918 0.000650 
 0.008787 0.000000 0.000977 0.000570 
 0.008831 0.000000 0.001035 0.000730 
 0.008875 0.000010 0.001094 0.000620 
 0.008918 0.000000 0.001153 0.000770 
 0.008962 0.000000 0.001211 0.000640 
 0.009006 0.000010 0.001270 0.000560 
 0.009049 0.000000 0.001328 0.000770 
 0.009093 0.000000 0.001387 0.000770 
 0.009137 0.000000 0.001446 0.000970 
 0.009181 0.000000 0.001504 0.000810 
 0.009224 0.000000 0.001563 0.000970 
 0.009268 0.000000 0.001622 0.000790 
 0.009312 0.000000 0.001680 0.000960 
 0.009355 0.000000 0.001739 0.000940 
 0.009399 0.000010 0.001797 0.000930 
 0.009443 0.000020 0.001856 0.001080 
 0.009486 0.000010 0.001915 0.000940 
 0.009530 0.000000 0.001973 0.001090 
 0.009574 0.000000 0.002032 0.000920 
 0.009618 0.000000 0.002090 0.000900 
 0.009661 0.000000 0.002149 0.000990 
 0.009705 0.000010 0.002208 0.000970 
 0.009749 0.000020 0.002266 0.001050 
 0.009792 0.000040 0.002325 0.000900 
 0.009836 0.000030 0.002384 0.001150 
 0.009880 0.000020 0.002442 0.000920 
 0.009924 0.000000 0.002501 0.000860 
 0.009967 0.000010 0.002559 0.001100 
 0.010011 0.000020 0.002618 0.001180 
 0.010055 0.000000 0.002677 0.001200 
 0.010098 0.000010 0.002735 0.001060 
 0.010142 0.000020 0.002794 0.000900 
 0.010186 0.000000 0.002853 0.001020 
 0.010229 0.000010 0.002911 0.001080 
 0.010273 0.000000 0.002970 0.000970 
 0.010317 0.000000 0.003028 0.001110 
 0.010361 0.000010 0.003087 0.001200 
 0.010404 0.000040 0.003146 0.001140 
 0.010448 0.000000 0.003204 0.001200 
 0.010492 0.000010 0.003263 0.001380 
 0.010535 0.000010 0.003322 0.000950 
 0.010579 0.000020 0.003380 0.001090 
 0.010623 0.000030 0.003439 0.000990 
 0.010667 0.000000 0.003497 0.001390 
 0.010710 0.000010 0.003556 0.001390 
 0.010754 0.000000 0.003615 0.000990 
 0.010798 0.000020 0.003673 0.001220 
 0.010841 0.000040 0.003732 0.001400 
 0.010885 0.000060 0.003790 0.001070 
 0.010929 0.000000 0.003849 0.001200 
 0.010972 0.000010 0.003908 0.001170 
 0.011016 0.000000 0.003966 0.001040 
 0.011060 0.000000 0.004025 0.001170 
 0.011104 0.000020 0.004084 0.001260 
 0.011147 0.000030 0.004142 0.001470 
 0.011191 0.000030 0.004201 0.001230 
 0.011235 0.000000 0.004259 0.001350 
 0.011278 0.000030 0.004318 0.001350 
 0.011322 0.000030 0.004377 0.001210 
 0.011366 0.000030 0.004435 0.001170 
 0.011410 0.000040 0.004494 0.001300 
 0.011453 0.000070 0.004553 0.001390 
 0.011497 0.000020 0.004611 0.001190 
 0.011541 0.000020 0.004670 0.001290 
 0.011584 0.000040 0.004728 0.001120 
 0.011628 0.000030 0.004787 0.001290 
 0.011672 0.000030 0.004846 0.001160 
 0.011715 0.000060 0.004904 0.001280 
 0.011759 0.000050 0.004963 0.001170 
 0.011803 0.000040 0.005021 0.001020 
 0.011847 0.000040 0.005080 0.001210 
 0.011890 0.000060 0.005139 0.001420 
 0.011934 0.000120 0.005197 0.001280 
 0.011978 0.000090 0.005256 0.001530 
 0.012021 0.000120 0.005315 0.001270 
 0.012065 0.000090 0.005373 0.001330 
 0.012109 0.000130 0.005432 0.001210 
 0.012153 0.000190 0.005490 0.001550 
 0.012196 0.000160 0.005549 0.001170 
 0.012240 0.000180 0.005608 0.001180 
 0.012284 0.000260 0.005666 0.001250 
 0.012327 0.000250 0.005725 0.001080 
 0.012371 0.000300 0.005784 0.001320 
 0.012415 0.000350 0.005842 0.001310 
 0.012458 0.000490 0.005901 0.001280 
 0.012502 0.000420 0.005959 0.001400 
 0.012546 0.000560 0.006018 0.001270 
 0.012590 0.000730 0.006077 0.001350 
 0.012633 0.000950 0.006135 0.001380 
 0.012677 0.001280 0.006194 0.001160 
 0.012721 0.001160 0.006253 0.001440 
 0.012764 0.001770 0.006311 0.001340 
 0.012808 0.001730 0.006370 0.001330 
 0.012852 0.002210 0.006428 0.001570 
 0.012896 0.002430 0.006487 0.001270 
 0.012939 0.003091 0.006546 0.001400 
 0.012983 0.003361 0.006604 0.001540 
 0.013027 0.003921 0.006663 0.001300 
 0.013070 0.004151 0.006721 0.001620 
 0.013114 0.004401 0.006780 0.001510 
 0.013158 0.004891 0.006839 0.001400 
 0.013201 0.005131 0.006897 0.001520 
 0.013245 0.004881 0.006956 0.001610 
 0.013289 0.005491 0.007015 0.001550 
 0.013333 0.005171 0.007073 0.001570 
 0.013376 0.004971 0.007132 0.001670 
 0.013420 0.005541 0.007190 0.001580 
 0.013464 0.004831 0.007249 0.001880 
 0.013507 0.004901 0.007308 0.001560 
 0.013551 0.004981 0.007366 0.001540 
 0.013595 0.004481 0.007425 0.001740 
 0.013639 0.004821 0.007484 0.001710 
 0.013682 0.004401 0.007542 0.001950 
 0.013726 0.004761 0.007601 0.001620 
 0.013770 0.004521 0.007659 0.001630 
 0.013813 0.003761 0.007718 0.001640 
 0.013857 0.003841 0.007777 0.001550 
 0.013901 0.003961 0.007835 0.001590 
 0.013944 0.003851 0.007894 0.001740 
 0.013988 0.003621 0.007952 0.001870 
 0.014032 0.003671 0.008011 0.001650 
 0.014076 0.003661 0.008070 0.001680 
 0.014119 0.003311 0.008128 0.001610 
 0.014163 0.003391 0.008187 0.001640 
 0.014207 0.003481 0.008246 0.001710 
 0.014250 0.003311 0.008304 0.001670 
 0.014294 0.003631 0.008363 0.001770 
 0.014338 0.003371 0.008421 0.001670 
 0.014382 0.003311 0.008480 0.001610 
 0.014425 0.003101 0.008539 0.001760 
 0.014469 0.003151 0.008597 0.001770 
 0.014513 0.002921 0.008656 0.001790 
 0.014556 0.003121 0.008715 0.001890 
 0.014600 0.002951 0.008773 0.001950 
 0.014644 0.002490 0.008832 0.002010 
 0.014687 0.002650 0.008890 0.001810 
 0.014731 0.002991 0.008949 0.001660 
 0.014775 0.002400 0.009008 0.001710 
 0.014819 0.002520 0.009066 0.001790 
 0.014862 0.002490 0.009125 0.001870 
 0.014906 0.002781 0.009184 0.001750 
 0.014950 0.002520 0.009242 0.001670 
 0.014993 0.002400 0.009301 0.001780 
 0.015037 0.002540 0.009359 0.002010 
 0.015081 0.002590 0.009418 0.001810 
 0.015125 0.002220 0.009477 0.001830 
 0.015168 0.002310 0.009535 0.001940 
 0.015212 0.002120 0.009594 0.001940 
 0.015256 0.002320 0.009652 0.001850 
 0.015299 0.002260 0.009711 0.001890 
 0.015343 0.002220 0.009770 0.001670 
 0.015387 0.002130 0.009828 0.001950 
 0.015430 0.002140 0.009887 0.002220 
 0.015474 0.002140 0.009946 0.001850 
 0.015518 0.002200 0.010004 0.001810 
 0.015562 0.002330 0.010063 0.001930 
 0.015605 0.002280 0.010121 0.001890 
 0.015649 0.002180 0.010180 0.001860 
 0.015693 0.002180 0.010239 0.001920 
 0.015736 0.002240 0.010297 0.001880 
 0.015780 0.002090 0.010356 0.001960 
 0.015824 0.002090 0.010415 0.002060 
 0.015868 0.002310 0.010473 0.001900 
 0.015911 0.002190 0.010532 0.002200 
 0.015955 0.002010 0.010590 0.002100 
 0.015999 0.002290 0.010649 0.002000 
 0.016042 0.002390 0.010708 0.002090 
 0.016086 0.002250 0.010766 0.002390 
 0.016130 0.002510 0.010825 0.002220 
 0.016173 0.002180 0.010883 0.002300 
 0.016217 0.002470 0.010942 0.001890 
 0.016261 0.002440 0.011001 0.002270 
 0.016305 0.002560 0.011059 0.001900 
 0.016348 0.002400 0.011118 0.002210 
 0.016392 0.002791 0.011177 0.002000 
 0.016436 0.002620 0.011235 0.002350 
 0.016479 0.002921 0.011294 0.002280 
 0.016523 0.002710 0.011352 0.002090 
 0.016567 0.003121 0.011411 0.002340 
 0.016611 0.002640 0.011470 0.002150 
 0.016654 0.002750 0.011528 0.002180 
 0.016698 0.002821 0.011587 0.002280 
 0.016742 0.003321 0.011646 0.002590 
 0.016785 0.003321 0.011704 0.002620 
 0.016829 0.002991 0.011763 0.002370 
 0.016873 0.003321 0.011821 0.002240 
 0.016916 0.003071 0.011880 0.002360 
 0.016960 0.003391 0.011939 0.002390 
 0.017004 0.003021 0.011997 0.002330 
 0.017048 0.003361 0.012056 0.002400 
 0.017091 0.003541 0.012115 0.002690 
 0.017135 0.003591 0.012173 0.002410 
 0.017179 0.003561 0.012232 0.002150 
 0.017222 0.003511 0.012290 0.002821 
 0.017266 0.003011 0.012349 0.002520 
 0.017310 0.002981 0.012408 0.002510 
 0.017354 0.003111 0.012466 0.002720 
 0.017397 0.003041 0.012525 0.002580 
 0.017441 0.003011 0.012583 0.002720 
 0.017485 0.003171 0.012642 0.002430 
 0.017528 0.003611 0.012701 0.002290 
 0.017572 0.003131 0.012759 0.002490 
 0.017616 0.002991 0.012818 0.002490 
 0.017659 0.002961 0.012877 0.002390 
 0.017703 0.003291 0.012935 0.002861 
 0.017747 0.002781 0.012994 0.002921 
 0.017791 0.002991 0.013052 0.002670 
 0.017834 0.002740 0.013111 0.002911 
 0.017878 0.002821 0.013170 0.002871 
 0.017922 0.002971 0.013228 0.003141 
 0.017965 0.002720 0.013287 0.003171 
 0.018009 0.002871 0.013346 0.003141 
 0.018053 0.002710 0.013404 0.002931 
 0.018097 0.002891 0.013463 0.002951 
 0.018140 0.002740 0.013521 0.003301 
 0.018184 0.002901 0.013580 0.003071 
 0.018228 0.002420 0.013639 0.003361 
 0.018271 0.002420 0.013697 0.003311 
 0.018315 0.002390 0.013756 0.003221 
 0.018359 0.002770 0.013814 0.003031 
 0.018402 0.002530 0.013873 0.003081 
 0.018446 0.002180 0.013932 0.003431 
 0.018490 0.002370 0.013990 0.003021 
 0.018534 0.002630 0.014049 0.003241 
 0.018577 0.002570 0.014108 0.002891 
 0.018621 0.002640 0.014166 0.003131 
 0.018665 0.002600 0.014225 0.002951 
 0.018708 0.002630 0.014283 0.003241 
 0.018752 0.002690 0.014342 0.002931 
 0.018796 0.002851 0.014401 0.003311 
 0.018840 0.002510 0.014459 0.003201 
 0.018883 0.002490 0.014518 0.002821 
 0.018927 0.002710 0.014577 0.002770 
 0.018971 0.002630 0.014635 0.002991 
 0.019014 0.002330 0.014694 0.002991 
 0.019058 0.002600 0.014752 0.003181 
 0.019102 0.002290 0.014811 0.003171 
 0.019145 0.002450 0.014870 0.002811 
 0.019189 0.002340 0.014928 0.002740 
 0.019233 0.002230 0.014987 0.002540 
 0.019277 0.002390 0.015046 0.002760 
 0.019320 0.002420 0.015104 0.002430 
 0.019364 0.002410 0.015163 0.002530 
 0.019408 0.002470 0.015221 0.002520 
 0.019451 0.002180 0.015280 0.002390 
 0.019495 0.002260 0.015339 0.002330 
 0.019539 0.002100 0.015397 0.002580 
 0.019583 0.002380 0.015456 0.002300 
 0.019626 0.002290 0.015514 0.002630 
 0.019670 0.002110 0.015573 0.002700 
 0.019714 0.002230 0.015632 0.002390 
 0.019757 0.001870 0.015690 0.002380 
 0.019801 0.002000 0.015749 0.002160 
 0.019845 0.002330 0.015808 0.002320 
 0.019888 0.002130 0.015866 0.002210 
 0.019932 0.002250 0.015925 0.002240 
 0.019976 0.001870 0.015983 0.002280 
 0.020020 0.001800 0.016042 0.002370 
 0.020063 0.001810 0.016101 0.002550 
 0.020107 0.001960 0.016159 0.002580 
 0.020151 0.002130 0.016218 0.002590 
 0.020194 0.002130 0.016277 0.002250 
 0.020238 0.001680 0.016335 0.002380 
 0.020282 0.001820 0.016394 0.002110 
 0.020326 0.001810 0.016452 0.002380 
 0.020369 0.001520 0.016511 0.002500 
 0.020413 0.001550 0.016570 0.002310 
 0.020457 0.001640 0.016628 0.002680 
 0.020500 0.001370 0.016687 0.002330 
 0.020544 0.001670 0.016745 0.002110 
 0.020588 0.001410 0.016804 0.002400 
 0.020631 0.001350 0.016863 0.002290 
 0.020675 0.001440 0.016921 0.002240 
 0.020719 0.001360 0.016980 0.002270 
 0.020763 0.001370 0.017039 0.002450 
 0.020806 0.001180 0.017097 0.001970 
 0.020850 0.001520 0.017156 0.002220 
 0.020894 0.001410 0.017214 0.002350 
 0.020937 0.001060 0.017273 0.002490 
 0.020981 0.001090 0.017332 0.002130 
 0.021025 0.001100 0.017390 0.002170 
 0.021069 0.001040 0.017449 0.002030 
 0.021112 0.000970 0.017508 0.002030 
 0.021156 0.000860 0.017566 0.002150 
 0.021200 0.000970 0.017625 0.002140 
 0.021243 0.000880 0.017683 0.001950 
 0.021287 0.000720 0.017742 0.002020 
 0.021331 0.000780 0.017801 0.002090 
 0.021374 0.000620 0.017859 0.001850 
 0.021418 0.000770 0.017918 0.001840 
 0.021462 0.000750 0.017977 0.001960 
 0.021506 0.000710 0.018035 0.001720 
 0.021549 0.000570 0.018094 0.002070 
 0.021593 0.000830 0.018152 0.002010 
 0.021637 0.000610 0.018211 0.001810 
 0.021680 0.000620 0.018270 0.001750 
 0.021724 0.000600 0.018328 0.001760 
 0.021768 0.000630 0.018387 0.001540 
 0.021812 0.000710 0.018445 0.001950 
 0.021855 0.000520 0.018504 0.001590 
 0.021899 0.000590 0.018563 0.001940 
 0.021943 0.000500 0.018621 0.001620 
 0.021986 0.000630 0.018680 0.001570 
 0.022030 0.000570 0.018739 0.001780 
 0.022074 0.000590 0.018797 0.001560 
 0.022117 0.000640 0.018856 0.001440 
 0.022161 0.000680 0.018914 0.001780 
 0.022205 0.000580 0.018973 0.001790 
 0.022249 0.000660 0.019032 0.001600 
 0.022292 0.000670 0.019090 0.001530 
 0.022336 0.000680 0.019149 0.001600 
 0.022380 0.000570 0.019208 0.001390 
 0.022423 0.000510 0.019266 0.001560 
 0.022467 0.000470 0.019325 0.001510 
 0.022511 0.000550 0.019383 0.001570 
 0.022555 0.000510 0.019442 0.001350 
 0.022598 0.000580 0.019501 0.001660 
 0.022642 0.000690 0.019559 0.001510 
 0.022686 0.000590 0.019618 0.001520 
 0.022729 0.000560 0.019676 0.001360 
 0.022773 0.000470 0.019735 0.001280 
 0.022817 0.000530 0.019794 0.001430 
 0.022860 0.000470 0.019852 0.001290 
 0.022904 0.000630 0.019911 0.001210 
 0.022948 0.000500 0.019970 0.001290 
 0.022992 0.000590 0.020028 0.001270 
 0.023035 0.000640 0.020087 0.001470 
 0.023079 0.000590 0.020145 0.001570 
 0.023123 0.000630 0.020204 0.001250 
 0.023166 0.000610 0.020263 0.001160 
 0.023210 0.000490 0.020321 0.001080 
 0.023254 0.000560 0.020380 0.001150 
 0.023297 0.000450 0.020439 0.001230 
 0.023341 0.000540 0.020497 0.000990 
 0.023385 0.000550 0.020556 0.001070 
 0.023429 0.000560 0.020614 0.001270 
 0.023472 0.000430 0.020673 0.001130 
 0.023516 0.000450 0.020732 0.001060 
 0.023560 0.000470 0.020790 0.001190 
 0.023603 0.000630 0.020849 0.001020 
 0.023647 0.000650 0.020908 0.001240 
 0.023691 0.000530 0.020966 0.000970 
 0.023735 0.000460 0.021025 0.001010 
 0.023778 0.000690 0.021083 0.001100 
 0.023822 0.000510 0.021142 0.000850 
 0.023866 0.000590 0.021201 0.000980 
 0.023909 0.000490 0.021259 0.001030 
 0.023953 0.000440 0.021318 0.000890 
 0.023997 0.000630 0.021376 0.001050 
 0.024040 0.000530 0.021435 0.000890 
 0.024084 0.000620 0.021494 0.000820 
 0.024128 0.000560 0.021552 0.000920 
 0.024172 0.000470 0.021611 0.000870 
 0.024215 0.000440 0.021670 0.000940 
 0.024259 0.000570 0.021728 0.000910 
 0.024303 0.000500 0.021787 0.001060 
 0.024346 0.000570 0.021845 0.001050 
 0.024390 0.000410 0.021904 0.000800 
 0.024434 0.000520 0.021963 0.000980 
 0.024478 0.000560 0.022021 0.000980 
 0.024521 0.000630 0.022080 0.000990 
 0.024565 0.000580 0.022139 0.000970 
 0.024609 0.000540 0.022197 0.000940 
 0.024652 0.000630 0.022256 0.000950 
 0.024696 0.000650 0.022314 0.000950 
 0.024740 0.000650 0.022373 0.001000 
 0.024783 0.000550 0.022432 0.000780 
 0.024827 0.000470 0.022490 0.000860 
 0.024871 0.000520 0.022549 0.000770 
 0.024915 0.000580 0.022607 0.000990 
 0.024958 0.000450 0.022666 0.000980 
 0.025002 0.000690 0.022725 0.000930 
 0.025046 0.000550 0.022783 0.000810 
 0.025089 0.000450 0.022842 0.000900 
 0.025133 0.000520 0.022901 0.001040 
 0.025177 0.000570 0.022959 0.000950 
 0.025221 0.000510 0.023018 0.000940 
 0.025264 0.000660 0.023076 0.000990 
 0.025308 0.000620 0.023135 0.000950 
 0.025352 0.000590 0.023194 0.000870 
 0.025395 0.000740 0.023252 0.000860 
 0.025439 0.000570 0.023311 0.000810 
 0.025483 0.000570 0.023370 0.001090 
 0.025526 0.000610 0.023428 0.000810 
 0.025570 0.000480 0.023487 0.001060 
 0.025614 0.000550 0.023545 0.000840 
 0.025658 0.000490 0.023604 0.000830 
 0.025701 0.000420 0.023663 0.001100 
 0.025745 0.000630 0.023721 0.000710 
 0.025789 0.000520 0.023780 0.000970 
 0.025832 0.000440 0.023839 0.000890 
 0.025876 0.000610 0.023897 0.000920 
 0.025920 0.000670 0.023956 0.000820 
 0.025964 0.000590 0.024014 0.000900 
 0.026007 0.000530 0.024073 0.000820 
 0.026051 0.000630 0.024132 0.000700 
 0.026095 0.000490 0.024190 0.000980 
 0.026138 0.000590 0.024249 0.001240 
 0.026182 0.000590 0.024307 0.000870 
 0.026226 0.000500 0.024366 0.001000 
 0.026269 0.000580 0.024425 0.000890 
 0.026313 0.000460 0.024483 0.000940 
 0.026357 0.000590 0.024542 0.000800 
 0.026401 0.000790 0.024601 0.000880 
 0.026444 0.000480 0.024659 0.000920 
 0.026488 0.000420 0.024718 0.000770 
 0.026532 0.000470 0.024776 0.000840 
 0.026575 0.000640 0.024835 0.001030 
 0.026619 0.000670 0.024894 0.000800 
 0.026663 0.000590 0.024952 0.000770 
 0.026707 0.000680 0.025011 0.000940 
 0.026750 0.000580 0.025070 0.000760 
 0.026794 0.000620 0.025128 0.000930 
 0.026838 0.000520 0.025187 0.000940 
 0.026881 0.000590 0.025245 0.000880 
 0.026925 0.000560 0.025304 0.000860 
 0.026969 0.000810 0.025363 0.000910 
 0.027012 0.000510 0.025421 0.000830 
 0.027056 0.000610 0.025480 0.000730 
 0.027100 0.000620 0.025538 0.000750 
 0.027144 0.000560 0.025597 0.000820 
 0.027187 0.000570 0.025656 0.000850 
 0.027231 0.000460 0.025714 0.000940 
 0.027275 0.000510 0.025773 0.000880 
 0.027318 0.000590 0.025832 0.000900 
 0.027362 0.000590 0.025890 0.000990 
 0.027406 0.000610 0.025949 0.000870 
 0.027450 0.000580 0.026007 0.000810 
 0.027493 0.000500 0.026066 0.000810 
 0.027537 0.000470 0.026125 0.000970 
 0.027581 0.000530 0.026183 0.000890 
 0.027624 0.000420 0.026242 0.000860 
 0.027668 0.000550 0.026301 0.000940 
 0.027712 0.000550 0.026359 0.001010 
 0.027755 0.000500 0.026418 0.000780 
 0.027799 0.000630 0.026476 0.000920 
 0.027843 0.000530 0.026535 0.000990 
 0.027887 0.000510 0.026594 0.000870 
 0.027930 0.000590 0.026652 0.000970 
 0.027974 0.000400 0.026711 0.001130 
 0.028018 0.000590 0.026770 0.000870 
 0.028061 0.000590 0.026828 0.000890 
 0.028105 0.000420 0.026887 0.000780 
 0.028149 0.000580 0.026945 0.000890 
 0.028193 0.000630 0.027004 0.000820 
 0.028236 0.000640 0.027063 0.000890 
 0.028280 0.000590 0.027121 0.000980 
 0.028324 0.000580 0.027180 0.000990 
 0.028367 0.000520 0.027238 0.000830 
 0.028411 0.000630 0.027297 0.000940 
 0.028455 0.000610 0.027356 0.000830 
 0.028498 0.000480 0.027414 0.000820 
 0.028542 0.000600 0.027473 0.000870 
 0.028586 0.000570 0.027532 0.000760 
 0.028630 0.000510 0.027590 0.000700 
 0.028673 0.000530 0.027649 0.000810 
 0.028717 0.000560 0.027707 0.000720 
 0.028761 0.000420 0.027766 0.000680 
 0.028804 0.000540 0.027825 0.000960 
 0.028848 0.000590 0.027883 0.000990 
 0.028892 0.000640 0.027942 0.000940 
 0.028936 0.000600 0.028001 0.000910 
 0.028979 0.000510 0.028059 0.000800 
 0.029023 0.000560 0.028118 0.000810 
 0.029067 0.000700 0.028176 0.000870 
 0.029110 0.000550 0.028235 0.000930 
 0.029154 0.000630 0.028294 0.000780 
 0.029198 0.000660 0.028352 0.000820 
 0.029241 0.000580 0.028411 0.000940 
 0.029285 0.000660 0.028469 0.000970 
 0.029329 0.000530 0.028528 0.000860 
 0.029373 0.000640 0.028587 0.000800 
 0.029416 0.000620 0.028645 0.000970 
 0.029460 0.000640 0.028704 0.000910 
 0.029504 0.000650 0.028763 0.001020 
 0.029547 0.000680 0.028821 0.000780 
 0.029591 0.000580 0.028880 0.000970 
 0.029635 0.000610 0.028938 0.000830 
 0.029679 0.000750 0.028997 0.000820 
 0.029722 0.000550 0.029056 0.000800 
 0.029766 0.000600 0.029114 0.000790 
 0.029810 0.000560 0.029173 0.000910 
 0.029853 0.000570 0.029232 0.000880 
 0.029897 0.000420 0.029290 0.000810 
 0.029941 0.000560 0.029349 0.000880 
 0.029984 0.000730 0.029407 0.000770 
 0.030028 0.000490 0.029466 0.000880 
 0.030072 0.000540 0.029525 0.000830 
 0.030116 0.000610 0.029583 0.000750 
 0.030159 0.000680 0.029642 0.000850 
 0.030203 0.000670 0.029701 0.000960 
 0.030247 0.000490 0.029759 0.000680 
 0.030290 0.000550 0.029818 0.000970 
 0.030334 0.000640 0.029876 0.000860 
 0.030378 0.000580 0.029935 0.000710 
 0.030422 0.000740 0.029994 0.000810 
 0.030465 0.000610 0.030052 0.000850 
 0.030509 0.000670 0.030111 0.000910 
 0.030553 0.000650 0.030169 0.000950 
 0.030596 0.000640 0.030228 0.000800 
 0.030640 0.000650 0.030287 0.000820 
 0.030684 0.000690 0.030345 0.000960 
 0.030727 0.000490 0.030404 0.000780 
 0.030771 0.000520 0.030463 0.000960 
 0.030815 0.000610 0.030521 0.000730 
 0.030859 0.000640 0.030580 0.000950 
 0.030902 0.000500 0.030638 0.000700 
 0.030946 0.000620 0.030697 0.000970 
 0.030990 0.000480 0.030756 0.000710 
 0.031033 0.000490 0.030814 0.000750 
 0.031077 0.000530 0.030873 0.000860 
 0.031121 0.000570 0.030932 0.000790 
 0.031165 0.000590 0.030990 0.000930 
 0.031208 0.000680 0.031049 0.000800 
 0.031252 0.000660 0.031107 0.000780 
 0.031296 0.000580 0.031166 0.000800 
 0.031339 0.000570 0.031225 0.000900 
 0.031383 0.000570 0.031283 0.000870 
 0.031427 0.000770 0.031342 0.000770 
 0.031470 0.000580 0.031400 0.000950 
 0.031514 0.000670 0.031459 0.000810 
 0.031558 0.000610 0.031518 0.000890 
 0.031602 0.000480 0.031576 0.000830 
 0.031645 0.000530 0.031635 0.000750 
 0.031689 0.000610 0.031694 0.000780 
 0.031733 0.000730 0.031752 0.000850 
 0.031776 0.000660 0.031811 0.000760 
 0.031820 0.000770 0.031869 0.000830 
 0.031864 0.000660 0.031928 0.000950 
 0.031908 0.000560 0.031987 0.000590 
 0.031951 0.000590 0.032045 0.000940 
 0.031995 0.000670 0.032104 0.000700 
 0.032039 0.000600 0.032163 0.000770 
 0.032082 0.000610 0.032221 0.000770 
 0.032126 0.000610 0.032280 0.000740 
 0.032170 0.000730 0.032338 0.000820 
 0.032213 0.000600 0.032397 0.000760 
 0.032257 0.000560 0.032456 0.000800 
 0.032301 0.000590 0.032514 0.000780 
 0.032345 0.000530 0.032573 0.000900 
 0.032388 0.000580 0.032632 0.000760 
 0.032432 0.000540 0.032690 0.000860 
 0.032476 0.000680 0.032749 0.001000 
 0.032519 0.000660 0.032807 0.000950 
 0.032563 0.000610 0.032866 0.000960 
 0.032607 0.000530 0.032925 0.000810 
 0.032651 0.000590 0.032983 0.000720 
 0.032694 0.000570 0.033042 0.000990 
 0.032738 0.000560 0.033100 0.000730 
 0.032782 0.000600 0.033159 0.000850 
 0.032825 0.000550 0.033218 0.000820 
 0.032869 0.000580 0.033276 0.000700 
 0.032913 0.000660 0.033335 0.000730 
 0.032956 0.000530 0.033394 0.000800 
 0.033000 0.000660 0.033452 0.000780 
 0.033044 0.000700 0.033511 0.000710 
 0.033088 0.000600 0.033569 0.000890 
 0.033131 0.000690 0.033628 0.000920 
 0.033175 0.000680 0.033687 0.000950 
 0.033219 0.000790 0.033745 0.000760 
 0.033262 0.000730 0.033804 0.000780 
 0.033306 0.000610 0.033863 0.000740 
 0.033350 0.000530 0.033921 0.000770 
 0.033394 0.000620 0.033980 0.000620 
 0.033437 0.000640 0.034038 0.000770 
 0.033481 0.000580 0.034097 0.000730 
 0.033525 0.000690 0.034156 0.000760 
 0.033568 0.000610 0.034214 0.000770 
 0.033612 0.000620 0.034273 0.000890 
 0.033656 0.000560 0.034331 0.000890 
 0.033699 0.000680 0.034390 0.000710 
 0.033743 0.000650 0.034449 0.000790 
 0.033787 0.000550 0.034507 0.000910 
 0.033831 0.000700 0.034566 0.000700 
 0.033874 0.000680 0.034625 0.000780 
 0.033918 0.000580 0.034683 0.000750 
 0.033962 0.000590 0.034742 0.000750 
 0.034005 0.000580 0.034800 0.000640 
 0.034049 0.000610 0.034859 0.000680 
 0.034093 0.000550 0.034918 0.000830 
 0.034137 0.000650 0.034976 0.000710 
 0.034180 0.000610 0.035035 0.000910 
 0.034224 0.000580 0.035094 0.000690 
 0.034268 0.000640 0.035152 0.000880 
 0.034311 0.000580 0.035211 0.000860 
 0.034355 0.000650 0.035269 0.000730 
 0.034399 0.000640 0.035328 0.000680 
 0.034442 0.000750 0.035387 0.000810 
 0.034486 0.000690 0.035445 0.000790 
 0.034530 0.000600 0.035504 0.000830 
 0.034574 0.000540 0.035563 0.000650 
 0.034617 0.000660 0.035621 0.000680 
 0.034661 0.000660 0.035680 0.000880 
 0.034705 0.000800 0.035738 0.000780 
 0.034748 0.000520 0.035797 0.000680 
 0.034792 0.000690 0.035856 0.000840 
 0.034836 0.000690 0.035914 0.000790 
 0.034880 0.000720 0.035973 0.000690 
 0.034923 0.000580 0.036031 0.000740 
 0.034967 0.000660 0.036090 0.000800 
 0.035011 0.000700 0.036149 0.000810 
 0.035054 0.000520 0.036207 0.000810 
 0.035098 0.000830 0.036266 0.000830 
 0.035142 0.000570 0.036325 0.000720 
 0.035185 0.000620 0.036383 0.000840 
 0.035229 0.000650 0.036442 0.000660 
 0.035273 0.000630 0.036500 0.000840 
 0.035317 0.000500 0.036559 0.000890 
 0.035360 0.000650 0.036618 0.000770 
 0.035404 0.000660 0.036676 0.000740 
 0.035448 0.000510 0.036735 0.000820 
 0.035491 0.000540 0.036794 0.000760 
 0.035535 0.000590 0.036852 0.000710 
 0.035579 0.000760 0.036911 0.000710 
 0.035623 0.000660 0.036969 0.000740 
 0.035666 0.000760 0.037028 0.000610 
 0.035710 0.000720 0.037087 0.000770 
 0.035754 0.000690 0.037145 0.000790 
 0.035797 0.000640 0.037204 0.000740 
 0.035841 0.000670 0.037262 0.000830 
 0.035885 0.000670 0.037321 0.000880 
 0.035928 0.000630 0.037380 0.000670 
 0.035972 0.000730 0.037438 0.000690 
 0.036016 0.000640 0.037497 0.000760 
 0.036060 0.000640 0.037556 0.000660 
 0.036103 0.000680 0.037614 0.000630 
 0.036147 0.000730 0.037673 0.000810 
 0.036191 0.000510 0.037731 0.000740 
 0.036234 0.000640 0.037790 0.000670 
 0.036278 0.000620 0.037849 0.000800 
 0.036322 0.000750 0.037907 0.000840 
 0.036366 0.000810 0.037966 0.000770 
 0.036409 0.000500 0.038025 0.000690 
 0.036453 0.000780 0.038083 0.000790 
 0.036497 0.000680 0.038142 0.000760 
 0.036540 0.000740 0.038200 0.000810 
 0.036584 0.000620 0.038259 0.000810 
 0.036628 0.000780 0.038318 0.000820 
 0.036671 0.000740 0.038376 0.000710 
 0.036715 0.000790 0.038435 0.000520 
 0.036759 0.000600 0.038494 0.000630 
 0.036803 0.000780 0.038552 0.000710 
 0.036846 0.000670 0.038611 0.000710 
 0.036890 0.000630 0.038669 0.000780 
 0.036934 0.000620 0.038728 0.000750 
 0.036977 0.000780 0.038787 0.000610 
 0.037021 0.000710 0.038845 0.000570 
 0.037065 0.000610 0.038904 0.000620 
 0.037109 0.000710 0.038962 0.000800 
 0.037152 0.000750 0.039021 0.000490 
 0.037196 0.000700 0.039080 0.000610 
 0.037240 0.000480 0.039138 0.000700 
 0.037283 0.000790 0.039197 0.000750 
 0.037327 0.000710 0.039256 0.000620 
 0.037371 0.000660 0.039314 0.000630 
 0.037414 0.000810 0.039373 0.000660 
 0.037458 0.000650 0.039431 0.000640 
 0.037502 0.000730 0.039490 0.000720 
 0.037546 0.000790 0.039549 0.000680 
 0.037589 0.000540 0.039607 0.000740 
 0.037633 0.000650 0.039666 0.000620 
 0.037677 0.000680 0.039725 0.000750 
 0.037720 0.000640 0.039783 0.000660 
 0.037764 0.000710 0.039842 0.000720 
 0.037808 0.000590 0.039900 0.000680 
 0.037852 0.000830 0.039959 0.000720 
 0.037895 0.000650 0.040018 0.000570 
 0.037939 0.000690 0.040076 0.000740 
 0.037983 0.000690 0.040135 0.000760 
 0.038026 0.000830 0.040193 0.000640 
 0.038070 0.000700 0.040252 0.000580 
 0.038114 0.000590 0.040311 0.000730 
 0.038157 0.000630 0.040369 0.000820 
 0.038201 0.000660 0.040428 0.000580 
 0.038245 0.000680 0.040487 0.000760 
 0.038289 0.000570 0.040545 0.000730 
 0.038332 0.000580 0.040604 0.000570 
 0.038376 0.000710 0.040662 0.000630 
 0.038420 0.000520 0.040721 0.000630 
 0.038463 0.000600 0.040780 0.000590 
 0.038507 0.000620 0.040838 0.000730 
 0.038551 0.000700 0.040897 0.000600 
 0.038595 0.000560 0.040956 0.000670 
 0.038638 0.000640 0.041014 0.000630 
 0.038682 0.000640 0.041073 0.000860 
 0.038726 0.000720 0.041131 0.000850 
 0.038769 0.000690 0.041190 0.000720 
 0.038813 0.000770 0.041249 0.000720 
 0.038857 0.000840 0.041307 0.000590 
 0.038900 0.000610 0.041366 0.000690 
 0.038944 0.000760 0.041425 0.000730 
 0.038988 0.000650 0.041483 0.000700 
 0.039032 0.000760 0.041542 0.000540 
 0.039075 0.000770 0.041600 0.000560 
 0.039119 0.000680 0.041659 0.000690 
 0.039163 0.000730 0.041718 0.000730 
 0.039206 0.000700 0.041776 0.000470 
 0.039250 0.000550 0.041835 0.000660 
 0.039294 0.000770 0.041893 0.000630 
 0.039338 0.000700 0.041952 0.000740 
 0.039381 0.000970 0.042011 0.000570 
 0.039425 0.000820 0.042069 0.000600 
 0.039469 0.000570 0.042128 0.000590 
 0.039512 0.000770 0.042187 0.000550 
 0.039556 0.000670 0.042245 0.000470 
 0.039600 0.000740 0.042304 0.000620 
 0.039643 0.000660 0.042362 0.000560 
 0.039687 0.000630 0.042421 0.000470 
 0.039731 0.000730 0.042480 0.000620 
 0.039775 0.000560 0.042538 0.000600 
 0.039818 0.000830 0.042597 0.000650 
 0.039862 0.000680 0.042656 0.000590 
 0.039906 0.000690 0.042714 0.000580 
 0.039949 0.000710 0.042773 0.000640 
 0.039993 0.000630 0.042831 0.000620 
 0.040037 0.000830 0.042890 0.000560 
 0.040081 0.000730 0.042949 0.000640 
 0.040124 0.000770 0.043007 0.000470 
 0.040168 0.000520 0.043066 0.000460 
 0.040212 0.000720 0.043124 0.000680 
 0.040255 0.000560 0.043183 0.000690 
 0.040299 0.000610 0.043242 0.000590 
 0.040343 0.000750 0.043300 0.000680 
 0.040386 0.000750 0.043359 0.000590 
 0.040430 0.000850 0.043418 0.000670 
 0.040474 0.000640 0.043476 0.000490 
 0.040518 0.000710 0.043535 0.000660 
 0.040561 0.000560 0.043593 0.000720 
 0.040605 0.000690 0.043652 0.000580 
 0.040649 0.000670 0.043711 0.000630 
 0.040692 0.000830 0.043769 0.000570 
 0.040736 0.000560 0.043828 0.000490 
 0.040780 0.000800 0.043887 0.000580 
 0.040824 0.000550 0.043945 0.000480 
 0.040867 0.000880 0.044004 0.000580 
 0.040911 0.000820 0.044062 0.000510 
 0.040955 0.000670 0.044121 0.000630 
 0.040998 0.000830 0.044180 0.000650 
 0.041042 0.000690 0.044238 0.000570 
 0.041086 0.000670 0.044297 0.000500 
 0.041129 0.000760 0.044356 0.000560 
 0.041173 0.000860 0.044414 0.000490 
 0.041217 0.000670 0.044473 0.000500 
 0.041261 0.000810 0.044531 0.000400 
 0.041304 0.000710 0.044590 0.000530 
 0.041348 0.000770 0.044649 0.000560 
 0.041392 0.000740 0.044707 0.000480 
 0.041435 0.000870 0.044766 0.000400 
 0.041479 0.000670 0.044824 0.000380 
 0.041523 0.000780 0.044883 0.000660 
 0.041567 0.000750 0.044942 0.000380 
 0.041610 0.000720 0.045000 0.000470 
 0.041654 0.000610 0.045059 0.000700 
 0.041698 0.000740 0.045118 0.000460 
 0.041741 0.000810 0.045176 0.000570 
 0.041785 0.000830 0.045235 0.000510 
 0.041829 0.000810 0.045293 0.000570 
 0.041872 0.000590 0.045352 0.000570 
 0.041916 0.000610 0.045411 0.000580 
 0.041960 0.000890 0.045469 0.000520 
 0.042004 0.000700 0.045528 0.000560 
 0.042047 0.000830 0.045587 0.000490 
 0.042091 0.000720 0.045645 0.000540 
 0.042135 0.000730 0.045704 0.000450 
 0.042178 0.000760 0.045762 0.000520 
 0.042222 0.000660 0.045821 0.000620 
 0.042266 0.000740 0.045880 0.000630 
 0.042310 0.000560 0.045938 0.000450 
 0.042353 0.000640 0.045997 0.000420 
 0.042397 0.000720 0.046055 0.000460 
 0.042441 0.000770 0.046114 0.000490 
 0.042484 0.000810 0.046173 0.000460 
 0.042528 0.000760 0.046231 0.000490 
 0.042572 0.000720 0.046290 0.000560 
 0.042615 0.000690 0.046349 0.000590 
 0.042659 0.000650 0.046407 0.000500 
 0.042703 0.000660 0.046466 0.000490 
 0.042747 0.000750 0.046524 0.000540 
 0.042790 0.000690 0.046583 0.000520 
 0.042834 0.000600 0.046642 0.000630 
 0.042878 0.000780 0.046700 0.000390 
 0.042921 0.000830 0.046759 0.000340 
 0.042965 0.000720 0.046818 0.000420 
 0.043009 0.000730 0.046876 0.000440 
 0.043052 0.000870 0.046935 0.000500 
 0.043096 0.000620 0.046993 0.000360 
 0.043140 0.000820 0.047052 0.000420 
 0.043184 0.000680 0.047111 0.000420 
 0.043227 0.000760 0.047169 0.000370 
 0.043271 0.000580 0.047228 0.000480 
 0.043315 0.000740 0.047287 0.000350 
 0.043358 0.000720 0.047345 0.000340 
 0.043402 0.000800 0.047404 0.000410 
 0.043446 0.000630 0.047462 0.000460 
 0.043490 0.000830 0.047521 0.000230 
 0.043533 0.000670 0.047580 0.000400 
 0.043577 0.000880 0.047638 0.000400 
 0.043621 0.000870 0.047697 0.000420 
 0.043664 0.000710 0.047755 0.000440 
 0.043708 0.000680 0.047814 0.000420 
 0.043752 0.000650 0.047873 0.000430 
 0.043795 0.000830 0.047931 0.000400 
 0.043839 0.000840 0.047990 0.000400 
 0.043883 0.000740 0.048049 0.000380 
 0.043927 0.000800 0.048107 0.000360 
 0.043970 0.000710 0.048166 0.000440 
 0.044014 0.000710 0.048224 0.000450 
 0.044058 0.000760 0.048283 0.000430 
 0.044101 0.000860 0.048342 0.000460 
 0.044145 0.000760 0.048400 0.000390 
 0.044189 0.000580 0.048459 0.000360 
 0.044233 0.000740 0.048518 0.000340 
 0.044276 0.000820 0.048576 0.000360 
 0.044320 0.000740 0.048635 0.000310 
 0.044364 0.000770 0.048693 0.000410 
 0.044407 0.000710 0.048752 0.000260 
 0.044451 0.000760 0.048811 0.000360 
 0.044495 0.000600 0.048869 0.000340 
 0.044538 0.000790 0.048928 0.000330 
 0.044582 0.000590 0.048986 0.000320 
 0.044626 0.000770 0.049045 0.000340 
 0.044670 0.000810 0.049104 0.000330 
 0.044713 0.000680 0.049162 0.000270 
 0.044757 0.000710 0.049221 0.000350 
 0.044801 0.000800 0.049280 0.000320 
 0.044844 0.000850 0.049338 0.000400 
 0.044888 0.000900 0.049397 0.000360 
 0.044932 0.000830 0.049455 0.000400 
 0.044976 0.000720 0.049514 0.000370 
 0.045019 0.000770 0.049573 0.000280 
 0.045063 0.000770 0.049631 0.000330 
 0.045107 0.000690 0.049690 0.000320 
 0.045150 0.000730 0.049749 0.000280 
 0.045194 0.000680 0.049807 0.000280 
 0.045238 0.000780 0.049866 0.000290 
 0.045281 0.000690 0.049924 0.000300 
 0.045325 0.000760 0.049983 0.000380 
 0.045369 0.000660 0.050042 0.000430 
 0.045413 0.000550 0.050100 0.000300 
 0.045456 0.000570 0.050159 0.000260 
 0.045500 0.000730 0.050218 0.000260 
 0.045544 0.000820 0.050276 0.000290 
 0.045587 0.000710 0.050335 0.000300 
 0.045631 0.000760 0.050393 0.000330 
 0.045675 0.000670 0.050452 0.000220 
 0.045719 0.000740 0.050511 0.000270 
 0.045762 0.000870 0.050569 0.000340 
 0.045806 0.000570 0.050628 0.000400 
 0.045850 0.000640 0.050686 0.000190 
 0.045893 0.000630 0.050745 0.000320 
 0.045937 0.000920 0.050804 0.000230 
 0.045981 0.000610 0.050862 0.000250 
 0.046024 0.000800 0.050921 0.000300 
 0.046068 0.000830 0.050980 0.000230 
 0.046112 0.000730 0.051038 0.000170 
 0.046156 0.000660 0.051097 0.000210 
 0.046199 0.000720 0.051155 0.000290 
 0.046243 0.000680 0.051214 0.000200 
 0.046287 0.000710 0.051273 0.000230 
 0.046330 0.000740 0.051331 0.000190 
 0.046374 0.000660 0.051390 0.000230 
 0.046418 0.000760 0.051449 0.000260 
 0.046462 0.000570 0.051507 0.000230 
 0.046505 0.000840 0.051566 0.000300 
 0.046549 0.000730 0.051624 0.000220 
 0.046593 0.000780 0.051683 0.000140 
 0.046636 0.000720 0.051742 0.000210 
 0.046680 0.000760 0.051800 0.000150 
 0.046724 0.000800 0.051859 0.000160 
 0.046767 0.000810 0.051917 0.000210 
 0.046811 0.000620 0.051976 0.000210 
 0.046855 0.000860 0.052035 0.000180 
 0.046899 0.000640 0.052093 0.000130 
 0.046942 0.000790 0.052152 0.000140 
 0.046986 0.000740 0.052211 0.000200 
 0.047030 0.000680 0.052269 0.000140 
 0.047073 0.000710 0.052328 0.000150 
 0.047117 0.000730 0.052386 0.000150 
 0.047161 0.000590 0.052445 0.000150 
 0.047205 0.000830 0.052504 0.000100 
 0.047248 0.000750 0.052562 0.000130 
 0.047292 0.000810 0.052621 0.000120 
 0.047336 0.000830 0.052680 0.000170 
 0.047379 0.000700 0.052738 0.000120 
 0.047423 0.000790 0.052797 0.000100 
 0.047467 0.000630 0.052855 0.000070 
 0.047510 0.000700 0.052914 0.000100 
 0.047554 0.000800 0.052973 0.000130 
 0.047598 0.000840 0.053031 0.000080 
 0.047642 0.000690 0.053090 0.000090 
 0.047685 0.000720 0.053149 0.000060 
 0.047729 0.000670 0.053207 0.000170 
 0.047773 0.000890 0.053266 0.000070 
 0.047816 0.000810 0.053324 0.000060 
 0.047860 0.000790 0.053383 0.000100 
 0.047904 0.000750 0.053442 0.000080 
 0.047948 0.000680 0.053500 0.000060 
 0.047991 0.000720 0.053559 0.000070 
 0.048035 0.000760 0.053617 0.000050 
 0.048079 0.000810 0.053676 0.000050 
 0.048122 0.000720 0.053735 0.000090 
 0.048166 0.000800 0.053793 0.000100 
 0.048210 0.000780 0.053852 0.000050 
 0.048253 0.000910 0.053911 0.000050 
 0.048297 0.000650 0.053969 0.000080 
 0.048341 0.000800 0.054028 0.000060 
 0.048385 0.000800 0.054086 0.000040 
 0.048428 0.000800 0.054145 0.000110 
 0.048472 0.000830 0.054204 0.000040 
 0.048516 0.000790 0.054262 0.000070 
 0.048559 0.000670 0.054321 0.000100 
 0.048603 0.000800 0.054380 0.000070 
 0.048647 0.000620 0.054438 0.000080 
 0.048691 0.000800 0.054497 0.000090 
 0.048734 0.000790 0.054555 0.000060 
 0.048778 0.000530 0.054614 0.000090 
 0.048822 0.000740 0.054673 0.000080 
 0.048865 0.000630 0.054731 0.000030 
 0.048909 0.000710 0.054790 0.000040 
 0.048953 0.000740 0.054848 0.000030 
 0.048996 0.000730 0.054907 0.000060 
 0.049040 0.000800 0.054966 0.000030 
 0.049084 0.000750 0.055024 0.000070 
 0.049128 0.000860 0.055083 0.000070 
 0.049171 0.000770 0.055142 0.000030 
 0.049215 0.000640 0.055200 0.000030 
 0.049259 0.000560 0.055259 0.000080 
 0.049302 0.000880 0.055317 0.000030 
 0.049346 0.000780 0.055376 0.000020 
 0.049390 0.000750 0.055435 0.000040 
 0.049434 0.000650 0.055493 0.000090 
 0.049477 0.000800 0.055552 0.000030 
 0.049521 0.000670 0.055611 0.000040 
 0.049565 0.000690 0.055669 0.000020 
 0.049608 0.000640 0.055728 0.000030 
 0.049652 0.000780 0.055786 0.000040 
 0.049696 0.000720 0.055845 0.000050 
 0.049739 0.000930 0.055904 0.000030 
 0.049783 0.000660 0.055962 0.000020 
 0.049827 0.000740 0.056021 0.000060 
 0.049871 0.000830 0.056080 0.000040 
 0.049914 0.000920 0.056138 0.000040 
 0.049958 0.000820 0.056197 0.000020 
 0.050002 0.000900 0.056255 0.000030 
 0.050045 0.000710 0.056314 0.000060 
 0.050089 0.000820 0.056373 0.000040 
 0.050133 0.000800 0.056431 0.000000 
 0.050177 0.000870 0.056490 0.000040 
 0.050220 0.000800 0.056548 0.000020 
 0.050264 0.000670 0.056607 0.000040 
 0.050308 0.000900 0.056666 0.000040 
 0.050351 0.000820 0.056724 0.000030 
 0.050395 0.000760 0.056783 0.000010 
 0.050439 0.000840 0.056842 0.000010 
 0.050482 0.000810 0.056900 0.000010 
 0.050526 0.000700 0.056959 0.000010 
 0.050570 0.000820 0.057017 0.000010 
 0.050614 0.000690 0.057076 0.000010 
 0.050657 0.000590 0.057135 0.000010 
 0.050701 0.000730 0.057193 0.000000 
 0.050745 0.000750 0.057252 0.000000 
 0.050788 0.001050 0.057311 0.000000 
 0.050832 0.000720 0.057369 0.000020 
 0.050876 0.000820 0.057428 0.000000 
 0.050920 0.000960 0.057486 0.000010 
 0.050963 0.000870 0.057545 0.000010 
 0.051007 0.000720 0.057604 0.000030 
 0.051051 0.000860 0.057662 0.000010 
 0.051094 0.000720 0.057721 0.000010 
 0.051138 0.000850 0.057779 0.000010 
 0.051182 0.000550 0.057838 0.000010 
 0.051225 0.000690 0.057897 0.000000 
 0.051269 0.000810 0.057955 0.000000 
 0.051313 0.000700 0.058014 0.000010 
 0.051357 0.000840 0.058073 0.000020 
 0.051400 0.000790 0.058131 0.000000 
 0.051444 0.000770 0.058190 0.000000 
 0.051488 0.000820 0.058248 0.000000 
 0.051531 0.000910 0.058307 0.000010 
 0.051575 0.001000 0.058366 0.000000 
 0.051619 0.000900 0.058424 0.000020 
 0.051663 0.000740 0.058483 0.000000 
 0.051706 0.000700 0.058542 0.000000 
 0.051750 0.000320 0.058600 0.000010 
