#rbin[i] Nr[i] lbin[i] Nl[i]
 0.001077 0.000010 0.000014 0.000050 
 0.001095 0.000000 0.000032 0.000090 
 0.001114 0.000000 0.000051 0.000120 
 0.001133 0.000000 0.000069 0.000110 
 0.001152 0.000000 0.000088 0.000240 
 0.001171 0.000000 0.000107 0.000200 
 0.001190 0.000000 0.000125 0.000230 
 0.001209 0.000000 0.000144 0.000311 
 0.001228 0.000000 0.000163 0.000300 
 0.001247 0.000000 0.000181 0.000391 
 0.001265 0.000000 0.000200 0.000441 
 0.001284 0.000000 0.000219 0.000391 
 0.001303 0.000000 0.000237 0.000351 
 0.001322 0.000000 0.000256 0.000591 
 0.001341 0.000000 0.000275 0.000411 
 0.001360 0.000000 0.000293 0.000471 
 0.001379 0.000000 0.000312 0.000591 
 0.001398 0.000000 0.000331 0.000621 
 0.001416 0.000010 0.000349 0.000531 
 0.001435 0.000000 0.000368 0.000581 
 0.001454 0.000000 0.000387 0.000571 
 0.001473 0.000000 0.000405 0.000571 
 0.001492 0.000000 0.000424 0.000531 
 0.001511 0.000000 0.000443 0.000721 
 0.001530 0.000000 0.000461 0.000551 
 0.001549 0.000000 0.000480 0.000841 
 0.001568 0.000010 0.000499 0.000641 
 0.001586 0.000000 0.000517 0.000801 
 0.001605 0.000000 0.000536 0.000811 
 0.001624 0.000000 0.000555 0.000721 
 0.001643 0.000000 0.000573 0.000711 
 0.001662 0.000000 0.000592 0.000701 
 0.001681 0.000000 0.000611 0.000711 
 0.001700 0.000010 0.000629 0.000751 
 0.001719 0.000000 0.000648 0.000912 
 0.001737 0.000000 0.000667 0.000791 
 0.001756 0.000000 0.000685 0.000851 
 0.001775 0.000010 0.000704 0.000861 
 0.001794 0.000000 0.000722 0.000791 
 0.001813 0.000000 0.000741 0.000982 
 0.001832 0.000000 0.000760 0.000841 
 0.001851 0.000000 0.000778 0.000721 
 0.001870 0.000000 0.000797 0.001062 
 0.001889 0.000000 0.000816 0.000791 
 0.001907 0.000000 0.000834 0.000912 
 0.001926 0.000000 0.000853 0.000912 
 0.001945 0.000000 0.000872 0.001042 
 0.001964 0.000000 0.000890 0.000731 
 0.001983 0.000000 0.000909 0.000932 
 0.002002 0.000000 0.000928 0.000922 
 0.002021 0.000010 0.000946 0.000801 
 0.002040 0.000000 0.000965 0.000962 
 0.002059 0.000010 0.000984 0.000851 
 0.002077 0.000000 0.001002 0.000861 
 0.002096 0.000000 0.001021 0.001042 
 0.002115 0.000000 0.001040 0.000741 
 0.002134 0.000020 0.001058 0.001022 
 0.002153 0.000020 0.001077 0.000841 
 0.002172 0.000000 0.001096 0.000881 
 0.002191 0.000020 0.001114 0.000821 
 0.002210 0.000010 0.001133 0.000952 
 0.002228 0.000050 0.001152 0.000972 
 0.002247 0.000010 0.001170 0.001042 
 0.002266 0.000050 0.001189 0.000711 
 0.002285 0.000010 0.001208 0.000831 
 0.002304 0.000080 0.001226 0.000801 
 0.002323 0.000030 0.001245 0.000791 
 0.002342 0.000040 0.001264 0.000851 
 0.002361 0.000040 0.001282 0.000871 
 0.002380 0.000030 0.001301 0.000962 
 0.002398 0.000030 0.001320 0.000781 
 0.002417 0.000030 0.001338 0.000771 
 0.002436 0.000070 0.001357 0.000881 
 0.002455 0.000040 0.001376 0.000881 
 0.002474 0.000070 0.001394 0.000881 
 0.002493 0.000020 0.001413 0.000761 
 0.002512 0.000020 0.001431 0.000701 
 0.002531 0.000040 0.001450 0.000801 
 0.002550 0.000030 0.001469 0.000881 
 0.002568 0.000050 0.001487 0.000781 
 0.002587 0.000010 0.001506 0.000952 
 0.002606 0.000020 0.001525 0.001002 
 0.002625 0.000040 0.001543 0.000861 
 0.002644 0.000030 0.001562 0.000771 
 0.002663 0.000010 0.001581 0.000661 
 0.002682 0.000020 0.001599 0.000932 
 0.002701 0.000030 0.001618 0.000901 
 0.002719 0.000040 0.001637 0.000821 
 0.002738 0.000060 0.001655 0.000681 
 0.002757 0.000080 0.001674 0.000771 
 0.002776 0.000140 0.001693 0.000881 
 0.002795 0.000100 0.001711 0.000922 
 0.002814 0.000040 0.001730 0.000741 
 0.002833 0.000130 0.001749 0.000851 
 0.002852 0.000130 0.001767 0.000721 
 0.002871 0.000080 0.001786 0.000801 
 0.002889 0.000070 0.001805 0.000781 
 0.002908 0.000100 0.001823 0.000871 
 0.002927 0.000020 0.001842 0.000771 
 0.002946 0.000090 0.001861 0.000891 
 0.002965 0.000040 0.001879 0.000691 
 0.002984 0.000040 0.001898 0.000731 
 0.003003 0.000080 0.001917 0.000871 
 0.003022 0.000060 0.001935 0.000761 
 0.003040 0.000020 0.001954 0.000831 
 0.003059 0.000030 0.001973 0.000721 
 0.003078 0.000060 0.001991 0.000821 
 0.003097 0.000080 0.002010 0.000701 
 0.003116 0.000060 0.002029 0.000751 
 0.003135 0.000090 0.002047 0.000761 
 0.003154 0.000090 0.002066 0.000761 
 0.003173 0.000040 0.002084 0.000821 
 0.003192 0.000090 0.002103 0.000841 
 0.003210 0.000090 0.002122 0.000901 
 0.003229 0.000090 0.002140 0.000711 
 0.003248 0.000060 0.002159 0.000691 
 0.003267 0.000090 0.002178 0.000691 
 0.003286 0.000020 0.002196 0.000871 
 0.003305 0.000040 0.002215 0.000791 
 0.003324 0.000010 0.002234 0.000591 
 0.003343 0.000020 0.002252 0.000641 
 0.003362 0.000040 0.002271 0.000841 
 0.003380 0.000030 0.002290 0.000721 
 0.003399 0.000040 0.002308 0.000821 
 0.003418 0.000010 0.002327 0.000831 
 0.003437 0.000050 0.002346 0.000851 
 0.003456 0.000020 0.002364 0.000661 
 0.003475 0.000020 0.002383 0.000781 
 0.003494 0.000050 0.002402 0.000651 
 0.003513 0.000030 0.002420 0.000651 
 0.003531 0.000040 0.002439 0.000801 
 0.003550 0.000110 0.002458 0.000982 
 0.003569 0.000110 0.002476 0.000861 
 0.003588 0.000080 0.002495 0.000701 
 0.003607 0.000070 0.002514 0.000621 
 0.003626 0.000080 0.002532 0.000801 
 0.003645 0.000050 0.002551 0.000701 
 0.003664 0.000050 0.002570 0.000781 
 0.003683 0.000030 0.002588 0.000771 
 0.003701 0.000050 0.002607 0.000671 
 0.003720 0.000020 0.002626 0.000811 
 0.003739 0.000040 0.002644 0.000891 
 0.003758 0.000030 0.002663 0.000651 
 0.003777 0.000010 0.002682 0.000711 
 0.003796 0.000020 0.002700 0.000801 
 0.003815 0.000080 0.002719 0.000801 
 0.003834 0.000030 0.002738 0.000891 
 0.003853 0.000070 0.002756 0.000841 
 0.003871 0.000020 0.002775 0.000731 
 0.003890 0.000040 0.002793 0.000841 
 0.003909 0.000050 0.002812 0.000701 
 0.003928 0.000070 0.002831 0.000661 
 0.003947 0.000060 0.002849 0.000661 
 0.003966 0.000090 0.002868 0.000801 
 0.003985 0.000100 0.002887 0.000861 
 0.004004 0.000030 0.002905 0.000851 
 0.004022 0.000080 0.002924 0.000771 
 0.004041 0.000080 0.002943 0.000841 
 0.004060 0.000060 0.002961 0.000751 
 0.004079 0.000040 0.002980 0.000731 
 0.004098 0.000080 0.002999 0.000731 
 0.004117 0.000090 0.003017 0.000771 
 0.004136 0.000100 0.003036 0.000721 
 0.004155 0.000140 0.003055 0.000881 
 0.004174 0.000080 0.003073 0.000681 
 0.004192 0.000040 0.003092 0.000851 
 0.004211 0.000080 0.003111 0.000731 
 0.004230 0.000070 0.003129 0.000791 
 0.004249 0.000120 0.003148 0.000771 
 0.004268 0.000030 0.003167 0.000701 
 0.004287 0.000090 0.003185 0.000701 
 0.004306 0.000040 0.003204 0.000741 
 0.004325 0.000040 0.003223 0.000821 
 0.004343 0.000070 0.003241 0.000841 
 0.004362 0.000100 0.003260 0.000881 
 0.004381 0.000030 0.003279 0.000651 
 0.004400 0.000080 0.003297 0.000671 
 0.004419 0.000110 0.003316 0.000681 
 0.004438 0.000090 0.003335 0.000681 
 0.004457 0.000060 0.003353 0.000761 
 0.004476 0.000030 0.003372 0.000801 
 0.004495 0.000090 0.003391 0.000972 
 0.004513 0.000060 0.003409 0.000691 
 0.004532 0.000090 0.003428 0.000751 
 0.004551 0.000070 0.003446 0.000912 
 0.004570 0.000080 0.003465 0.000791 
 0.004589 0.000110 0.003484 0.000771 
 0.004608 0.000060 0.003502 0.000701 
 0.004627 0.000120 0.003521 0.000731 
 0.004646 0.000140 0.003540 0.000761 
 0.004665 0.000080 0.003558 0.000781 
 0.004683 0.000110 0.003577 0.000801 
 0.004702 0.000070 0.003596 0.000801 
 0.004721 0.000050 0.003614 0.000881 
 0.004740 0.000070 0.003633 0.000751 
 0.004759 0.000050 0.003652 0.000741 
 0.004778 0.000070 0.003670 0.000741 
 0.004797 0.000050 0.003689 0.000801 
 0.004816 0.000070 0.003708 0.000681 
 0.004834 0.000080 0.003726 0.000591 
 0.004853 0.000010 0.003745 0.000841 
 0.004872 0.000030 0.003764 0.000681 
 0.004891 0.000100 0.003782 0.000781 
 0.004910 0.000070 0.003801 0.000841 
 0.004929 0.000060 0.003820 0.000691 
 0.004948 0.000110 0.003838 0.000891 
 0.004967 0.000110 0.003857 0.000731 
 0.004986 0.000060 0.003876 0.000731 
 0.005004 0.000110 0.003894 0.000741 
 0.005023 0.000040 0.003913 0.000671 
 0.005042 0.000070 0.003932 0.000801 
 0.005061 0.000070 0.003950 0.000932 
 0.005080 0.000140 0.003969 0.000681 
 0.005099 0.000120 0.003988 0.000671 
 0.005118 0.000040 0.004006 0.000761 
 0.005137 0.000130 0.004025 0.000952 
 0.005156 0.000070 0.004044 0.000721 
 0.005174 0.000110 0.004062 0.000701 
 0.005193 0.000110 0.004081 0.000711 
 0.005212 0.000040 0.004100 0.000811 
 0.005231 0.000060 0.004118 0.000601 
 0.005250 0.000090 0.004137 0.000801 
 0.005269 0.000050 0.004155 0.000701 
 0.005288 0.000050 0.004174 0.000741 
 0.005307 0.000090 0.004193 0.000741 
 0.005325 0.000030 0.004211 0.000681 
 0.005344 0.000050 0.004230 0.000912 
 0.005363 0.000080 0.004249 0.000701 
 0.005382 0.000100 0.004267 0.000771 
 0.005401 0.000100 0.004286 0.000811 
 0.005420 0.000090 0.004305 0.000741 
 0.005439 0.000070 0.004323 0.000771 
 0.005458 0.000120 0.004342 0.000681 
 0.005477 0.000060 0.004361 0.000661 
 0.005495 0.000120 0.004379 0.000851 
 0.005514 0.000110 0.004398 0.000681 
 0.005533 0.000080 0.004417 0.000791 
 0.005552 0.000070 0.004435 0.000711 
 0.005571 0.000020 0.004454 0.000881 
 0.005590 0.000040 0.004473 0.000811 
 0.005609 0.000090 0.004491 0.000731 
 0.005628 0.000050 0.004510 0.000811 
 0.005646 0.000060 0.004529 0.000621 
 0.005665 0.000090 0.004547 0.000781 
 0.005684 0.000090 0.004566 0.000972 
 0.005703 0.000120 0.004585 0.000731 
 0.005722 0.000050 0.004603 0.000721 
 0.005741 0.000080 0.004622 0.000681 
 0.005760 0.000070 0.004641 0.000841 
 0.005779 0.000080 0.004659 0.000901 
 0.005798 0.000070 0.004678 0.000771 
 0.005816 0.000070 0.004697 0.000831 
 0.005835 0.000090 0.004715 0.000721 
 0.005854 0.000060 0.004734 0.000912 
 0.005873 0.000120 0.004753 0.000651 
 0.005892 0.000080 0.004771 0.000691 
 0.005911 0.000070 0.004790 0.000711 
 0.005930 0.000080 0.004808 0.000781 
 0.005949 0.000070 0.004827 0.000761 
 0.005968 0.000070 0.004846 0.000631 
 0.005986 0.000070 0.004864 0.000831 
 0.006005 0.000070 0.004883 0.000731 
 0.006024 0.000070 0.004902 0.000791 
 0.006043 0.000110 0.004920 0.000701 
 0.006062 0.000060 0.004939 0.000721 
 0.006081 0.000050 0.004958 0.000831 
 0.006100 0.000070 0.004976 0.000751 
 0.006119 0.000080 0.004995 0.000591 
 0.006137 0.000040 0.005014 0.000831 
 0.006156 0.000120 0.005032 0.000881 
 0.006175 0.000070 0.005051 0.000891 
 0.006194 0.000040 0.005070 0.000791 
 0.006213 0.000110 0.005088 0.000561 
 0.006232 0.000140 0.005107 0.000741 
 0.006251 0.000010 0.005126 0.000881 
 0.006270 0.000100 0.005144 0.000671 
 0.006289 0.000090 0.005163 0.000731 
 0.006307 0.000020 0.005182 0.000751 
 0.006326 0.000120 0.005200 0.000751 
 0.006345 0.000080 0.005219 0.000721 
 0.006364 0.000090 0.005238 0.000851 
 0.006383 0.000030 0.005256 0.001012 
 0.006402 0.000080 0.005275 0.000751 
 0.006421 0.000100 0.005294 0.000701 
 0.006440 0.000080 0.005312 0.000801 
 0.006459 0.000160 0.005331 0.000661 
 0.006477 0.000050 0.005350 0.000671 
 0.006496 0.000130 0.005368 0.000932 
 0.006515 0.000140 0.005387 0.000721 
 0.006534 0.000040 0.005406 0.000691 
 0.006553 0.000070 0.005424 0.000731 
 0.006572 0.000040 0.005443 0.000871 
 0.006591 0.000090 0.005462 0.000781 
 0.006610 0.000090 0.005480 0.000601 
 0.006628 0.000090 0.005499 0.000661 
 0.006647 0.000120 0.005517 0.000771 
 0.006666 0.000060 0.005536 0.000651 
 0.006685 0.000120 0.005555 0.000831 
 0.006704 0.000020 0.005573 0.000871 
 0.006723 0.000040 0.005592 0.000771 
 0.006742 0.000100 0.005611 0.000771 
 0.006761 0.000070 0.005629 0.000751 
 0.006780 0.000100 0.005648 0.000771 
 0.006798 0.000110 0.005667 0.000901 
 0.006817 0.000130 0.005685 0.000691 
 0.006836 0.000080 0.005704 0.000901 
 0.006855 0.000080 0.005723 0.000761 
 0.006874 0.000080 0.005741 0.000741 
 0.006893 0.000120 0.005760 0.000721 
 0.006912 0.000060 0.005779 0.000701 
 0.006931 0.000070 0.005797 0.000841 
 0.006949 0.000140 0.005816 0.000771 
 0.006968 0.000100 0.005835 0.000701 
 0.006987 0.000080 0.005853 0.000771 
 0.007006 0.000140 0.005872 0.000811 
 0.007025 0.000140 0.005891 0.000611 
 0.007044 0.000080 0.005909 0.001012 
 0.007063 0.000100 0.005928 0.000801 
 0.007082 0.000080 0.005947 0.000761 
 0.007101 0.000090 0.005965 0.000841 
 0.007119 0.000060 0.005984 0.000741 
 0.007138 0.000110 0.006003 0.000741 
 0.007157 0.000050 0.006021 0.000831 
 0.007176 0.000120 0.006040 0.000731 
 0.007195 0.000050 0.006059 0.000871 
 0.007214 0.000080 0.006077 0.000731 
 0.007233 0.000050 0.006096 0.000681 
 0.007252 0.000120 0.006115 0.000661 
 0.007271 0.000040 0.006133 0.000831 
 0.007289 0.000050 0.006152 0.000771 
 0.007308 0.000080 0.006170 0.000922 
 0.007327 0.000060 0.006189 0.000641 
 0.007346 0.000140 0.006208 0.000912 
 0.007365 0.000100 0.006226 0.000801 
 0.007384 0.000130 0.006245 0.000691 
 0.007403 0.000070 0.006264 0.000781 
 0.007422 0.000150 0.006282 0.000731 
 0.007440 0.000020 0.006301 0.000811 
 0.007459 0.000090 0.006320 0.000651 
 0.007478 0.000070 0.006338 0.000711 
 0.007497 0.000120 0.006357 0.000811 
 0.007516 0.000090 0.006376 0.000681 
 0.007535 0.000100 0.006394 0.000731 
 0.007554 0.000090 0.006413 0.000791 
 0.007573 0.000110 0.006432 0.000881 
 0.007592 0.000100 0.006450 0.000681 
 0.007610 0.000150 0.006469 0.000791 
 0.007629 0.000060 0.006488 0.000831 
 0.007648 0.000120 0.006506 0.000751 
 0.007667 0.000100 0.006525 0.000731 
 0.007686 0.000110 0.006544 0.000881 
 0.007705 0.000060 0.006562 0.000681 
 0.007724 0.000100 0.006581 0.000831 
 0.007743 0.000100 0.006600 0.000811 
 0.007762 0.000100 0.006618 0.000681 
 0.007780 0.000070 0.006637 0.000681 
 0.007799 0.000100 0.006656 0.000701 
 0.007818 0.000070 0.006674 0.000811 
 0.007837 0.000120 0.006693 0.000751 
 0.007856 0.000110 0.006712 0.000641 
 0.007875 0.000130 0.006730 0.000922 
 0.007894 0.000090 0.006749 0.000831 
 0.007913 0.000140 0.006768 0.000831 
 0.007931 0.000070 0.006786 0.000851 
 0.007950 0.000100 0.006805 0.000751 
 0.007969 0.000080 0.006823 0.000651 
 0.007988 0.000070 0.006842 0.000831 
 0.008007 0.000110 0.006861 0.000691 
 0.008026 0.000080 0.006879 0.000771 
 0.008045 0.000080 0.006898 0.000781 
 0.008064 0.000140 0.006917 0.000962 
 0.008083 0.000120 0.006935 0.000761 
 0.008101 0.000070 0.006954 0.000761 
 0.008120 0.000060 0.006973 0.000681 
 0.008139 0.000060 0.006991 0.000721 
 0.008158 0.000140 0.007010 0.000701 
 0.008177 0.000080 0.007029 0.000851 
 0.008196 0.000070 0.007047 0.000851 
 0.008215 0.000090 0.007066 0.000821 
 0.008234 0.000100 0.007085 0.000691 
 0.008252 0.000100 0.007103 0.000731 
 0.008271 0.000130 0.007122 0.000691 
 0.008290 0.000100 0.007141 0.000781 
 0.008309 0.000090 0.007159 0.000791 
 0.008328 0.000050 0.007178 0.000901 
 0.008347 0.000080 0.007197 0.000851 
 0.008366 0.000080 0.007215 0.000681 
 0.008385 0.000100 0.007234 0.000641 
 0.008404 0.000080 0.007253 0.000761 
 0.008422 0.000090 0.007271 0.000691 
 0.008441 0.000130 0.007290 0.000711 
 0.008460 0.000130 0.007309 0.000821 
 0.008479 0.000100 0.007327 0.000801 
 0.008498 0.000120 0.007346 0.000711 
 0.008517 0.000120 0.007365 0.000831 
 0.008536 0.000080 0.007383 0.000761 
 0.008555 0.000080 0.007402 0.000781 
 0.008574 0.000060 0.007421 0.000821 
 0.008592 0.000070 0.007439 0.000761 
 0.008611 0.000090 0.007458 0.000761 
 0.008630 0.000090 0.007477 0.000751 
 0.008649 0.000120 0.007495 0.000791 
 0.008668 0.000150 0.007514 0.000631 
 0.008687 0.000060 0.007532 0.000982 
 0.008706 0.000110 0.007551 0.000731 
 0.008725 0.000150 0.007570 0.000891 
 0.008743 0.000080 0.007588 0.000711 
 0.008762 0.000150 0.007607 0.000761 
 0.008781 0.000080 0.007626 0.000751 
 0.008800 0.000070 0.007644 0.000821 
 0.008819 0.000050 0.007663 0.000942 
 0.008838 0.000080 0.007682 0.000972 
 0.008857 0.000090 0.007700 0.000661 
 0.008876 0.000110 0.007719 0.000631 
 0.008895 0.000100 0.007738 0.000741 
 0.008913 0.000070 0.007756 0.000841 
 0.008932 0.000080 0.007775 0.000891 
 0.008951 0.000130 0.007794 0.000821 
 0.008970 0.000130 0.007812 0.000721 
 0.008989 0.000070 0.007831 0.000701 
 0.009008 0.000080 0.007850 0.000701 
 0.009027 0.000100 0.007868 0.000711 
 0.009046 0.000050 0.007887 0.000671 
 0.009065 0.000080 0.007906 0.000851 
 0.009083 0.000100 0.007924 0.000871 
 0.009102 0.000100 0.007943 0.000701 
 0.009121 0.000150 0.007962 0.000922 
 0.009140 0.000100 0.007980 0.000942 
 0.009159 0.000060 0.007999 0.000861 
 0.009178 0.000130 0.008018 0.000871 
 0.009197 0.000080 0.008036 0.000701 
 0.009216 0.000080 0.008055 0.000932 
 0.009234 0.000080 0.008074 0.000611 
 0.009253 0.000160 0.008092 0.000721 
 0.009272 0.000100 0.008111 0.000791 
 0.009291 0.000060 0.008130 0.000641 
 0.009310 0.000160 0.008148 0.000861 
 0.009329 0.000180 0.008167 0.000821 
 0.009348 0.000090 0.008185 0.000901 
 0.009367 0.000090 0.008204 0.000621 
 0.009386 0.000080 0.008223 0.000901 
 0.009404 0.000110 0.008241 0.000791 
 0.009423 0.000120 0.008260 0.000711 
 0.009442 0.000130 0.008279 0.000821 
 0.009461 0.000070 0.008297 0.000781 
 0.009480 0.000100 0.008316 0.000922 
 0.009499 0.000100 0.008335 0.000761 
 0.009518 0.000060 0.008353 0.000811 
 0.009537 0.000090 0.008372 0.000661 
 0.009555 0.000070 0.008391 0.000962 
 0.009574 0.000030 0.008409 0.000871 
 0.009593 0.000080 0.008428 0.000861 
 0.009612 0.000060 0.008447 0.000731 
 0.009631 0.000100 0.008465 0.000781 
 0.009650 0.000100 0.008484 0.000751 
 0.009669 0.000100 0.008503 0.000751 
 0.009688 0.000090 0.008521 0.000771 
 0.009707 0.000040 0.008540 0.000841 
 0.009725 0.000050 0.008559 0.000781 
 0.009744 0.000080 0.008577 0.000871 
 0.009763 0.000150 0.008596 0.001052 
 0.009782 0.000140 0.008615 0.000831 
 0.009801 0.000110 0.008633 0.000741 
 0.009820 0.000090 0.008652 0.000631 
 0.009839 0.000080 0.008671 0.000871 
 0.009858 0.000110 0.008689 0.000851 
 0.009877 0.000100 0.008708 0.000731 
 0.009895 0.000070 0.008727 0.000741 
 0.009914 0.000070 0.008745 0.000631 
 0.009933 0.000110 0.008764 0.000831 
 0.009952 0.000170 0.008783 0.000891 
 0.009971 0.000070 0.008801 0.000791 
 0.009990 0.000060 0.008820 0.000821 
 0.010009 0.000070 0.008839 0.000811 
 0.010028 0.000120 0.008857 0.000801 
 0.010046 0.000050 0.008876 0.000781 
 0.010065 0.000050 0.008894 0.000641 
 0.010084 0.000060 0.008913 0.000671 
 0.010103 0.000070 0.008932 0.000891 
 0.010122 0.000090 0.008950 0.000821 
 0.010141 0.000090 0.008969 0.000701 
 0.010160 0.000070 0.008988 0.000721 
 0.010179 0.000080 0.009006 0.000901 
 0.010198 0.000040 0.009025 0.000781 
 0.010216 0.000060 0.009044 0.000801 
 0.010235 0.000110 0.009062 0.000962 
 0.010254 0.000120 0.009081 0.000821 
 0.010273 0.000100 0.009100 0.000711 
 0.010292 0.000190 0.009118 0.000701 
 0.010311 0.000100 0.009137 0.000942 
 0.010330 0.000090 0.009156 0.000922 
 0.010349 0.000060 0.009174 0.000691 
 0.010368 0.000100 0.009193 0.000811 
 0.010386 0.000110 0.009212 0.000801 
 0.010405 0.000170 0.009230 0.000741 
 0.010424 0.000090 0.009249 0.000711 
 0.010443 0.000100 0.009268 0.000831 
 0.010462 0.000120 0.009286 0.000751 
 0.010481 0.000070 0.009305 0.000942 
 0.010500 0.000090 0.009324 0.000922 
 0.010519 0.000100 0.009342 0.000751 
 0.010537 0.000090 0.009361 0.000811 
 0.010556 0.000090 0.009380 0.000962 
 0.010575 0.000150 0.009398 0.000711 
 0.010594 0.000050 0.009417 0.000791 
 0.010613 0.000040 0.009436 0.000721 
 0.010632 0.000040 0.009454 0.000901 
 0.010651 0.000110 0.009473 0.000811 
 0.010670 0.000040 0.009492 0.000731 
 0.010689 0.000070 0.009510 0.000861 
 0.010707 0.000110 0.009529 0.000741 
 0.010726 0.000060 0.009547 0.000761 
 0.010745 0.000060 0.009566 0.000791 
 0.010764 0.000080 0.009585 0.000912 
 0.010783 0.000060 0.009603 0.000831 
 0.010802 0.000120 0.009622 0.000922 
 0.010821 0.000050 0.009641 0.000781 
 0.010840 0.000100 0.009659 0.000651 
 0.010858 0.000100 0.009678 0.000791 
 0.010877 0.000080 0.009697 0.000751 
 0.010896 0.000070 0.009715 0.000932 
 0.010915 0.000080 0.009734 0.000781 
 0.010934 0.000080 0.009753 0.000801 
 0.010953 0.000080 0.009771 0.000791 
 0.010972 0.000040 0.009790 0.000811 
 0.010991 0.000040 0.009809 0.000821 
 0.011010 0.000070 0.009827 0.000922 
 0.011028 0.000040 0.009846 0.000831 
 0.011047 0.000100 0.009865 0.000611 
 0.011066 0.000090 0.009883 0.000992 
 0.011085 0.000130 0.009902 0.000811 
 0.011104 0.000040 0.009921 0.000992 
 0.011123 0.000070 0.009939 0.000922 
 0.011142 0.000050 0.009958 0.000801 
 0.011161 0.000080 0.009977 0.000621 
 0.011180 0.000120 0.009995 0.000861 
 0.011198 0.000050 0.010014 0.000932 
 0.011217 0.000080 0.010033 0.000761 
 0.011236 0.000070 0.010051 0.000751 
 0.011255 0.000030 0.010070 0.000771 
 0.011274 0.000070 0.010089 0.000962 
 0.011293 0.000080 0.010107 0.000932 
 0.011312 0.000060 0.010126 0.000851 
 0.011331 0.000110 0.010145 0.000841 
 0.011349 0.000050 0.010163 0.000992 
 0.011368 0.000100 0.010182 0.000711 
 0.011387 0.000050 0.010201 0.000861 
 0.011406 0.000070 0.010219 0.000881 
 0.011425 0.000070 0.010238 0.000811 
 0.011444 0.000030 0.010256 0.000982 
 0.011463 0.000040 0.010275 0.000751 
 0.011482 0.000040 0.010294 0.000851 
 0.011501 0.000100 0.010312 0.000791 
 0.011519 0.000050 0.010331 0.000982 
 0.011538 0.000050 0.010350 0.000932 
 0.011557 0.000080 0.010368 0.000821 
 0.011576 0.000010 0.010387 0.000741 
 0.011595 0.000090 0.010406 0.001012 
 0.011614 0.000070 0.010424 0.000781 
 0.011633 0.000050 0.010443 0.000721 
 0.011652 0.000050 0.010462 0.000912 
 0.011671 0.000080 0.010480 0.000741 
 0.011689 0.000100 0.010499 0.000952 
 0.011708 0.000030 0.010518 0.000891 
 0.011727 0.000090 0.010536 0.000781 
 0.011746 0.000100 0.010555 0.000922 
 0.011765 0.000060 0.010574 0.001032 
 0.011784 0.000070 0.010592 0.000871 
 0.011803 0.000070 0.010611 0.000741 
 0.011822 0.000060 0.010630 0.000841 
 0.011840 0.000070 0.010648 0.000881 
 0.011859 0.000060 0.010667 0.000791 
 0.011878 0.000050 0.010686 0.000771 
 0.011897 0.000160 0.010704 0.000932 
 0.011916 0.000060 0.010723 0.000861 
 0.011935 0.000080 0.010742 0.000791 
 0.011954 0.000030 0.010760 0.000962 
 0.011973 0.000090 0.010779 0.000811 
 0.011992 0.000090 0.010798 0.000952 
 0.012010 0.000060 0.010816 0.000942 
 0.012029 0.000080 0.010835 0.000831 
 0.012048 0.000120 0.010854 0.000821 
 0.012067 0.000040 0.010872 0.000821 
 0.012086 0.000050 0.010891 0.000912 
 0.012105 0.000080 0.010909 0.000901 
 0.012124 0.000070 0.010928 0.000851 
 0.012143 0.000060 0.010947 0.000881 
 0.012161 0.000070 0.010965 0.000891 
 0.012180 0.000100 0.010984 0.000801 
 0.012199 0.000080 0.011003 0.001052 
 0.012218 0.000070 0.011021 0.000942 
 0.012237 0.000080 0.011040 0.000881 
 0.012256 0.000100 0.011059 0.000861 
 0.012275 0.000070 0.011077 0.001082 
 0.012294 0.000100 0.011096 0.001012 
 0.012313 0.000050 0.011115 0.000861 
 0.012331 0.000090 0.011133 0.000901 
 0.012350 0.000080 0.011152 0.000841 
 0.012369 0.000130 0.011171 0.000952 
 0.012388 0.000150 0.011189 0.000881 
 0.012407 0.000040 0.011208 0.000831 
 0.012426 0.000060 0.011227 0.000831 
 0.012445 0.000060 0.011245 0.000982 
 0.012464 0.000060 0.011264 0.000932 
 0.012483 0.000070 0.011283 0.000972 
 0.012501 0.000070 0.011301 0.000841 
 0.012520 0.000030 0.011320 0.001022 
 0.012539 0.000050 0.011339 0.000901 
 0.012558 0.000080 0.011357 0.001002 
 0.012577 0.000080 0.011376 0.000821 
 0.012596 0.000020 0.011395 0.000821 
 0.012615 0.000060 0.011413 0.000901 
 0.012634 0.000090 0.011432 0.000992 
 0.012652 0.000010 0.011451 0.001022 
 0.012671 0.000050 0.011469 0.000901 
 0.012690 0.000030 0.011488 0.000761 
 0.012709 0.000080 0.011507 0.001042 
 0.012728 0.000030 0.011525 0.001042 
 0.012747 0.000090 0.011544 0.000881 
 0.012766 0.000030 0.011563 0.000761 
 0.012785 0.000060 0.011581 0.001022 
 0.012804 0.000050 0.011600 0.001052 
 0.012822 0.000050 0.011618 0.000861 
 0.012841 0.000040 0.011637 0.000901 
 0.012860 0.000040 0.011656 0.000932 
 0.012879 0.000050 0.011674 0.001032 
 0.012898 0.000070 0.011693 0.000871 
 0.012917 0.000080 0.011712 0.000932 
 0.012936 0.000050 0.011730 0.001022 
 0.012955 0.000030 0.011749 0.000891 
 0.012974 0.000050 0.011768 0.000861 
 0.012992 0.000120 0.011786 0.000831 
 0.013011 0.000040 0.011805 0.000972 
 0.013030 0.000080 0.011824 0.001142 
 0.013049 0.000050 0.011842 0.001052 
 0.013068 0.000050 0.011861 0.000861 
 0.013087 0.000060 0.011880 0.000942 
 0.013106 0.000030 0.011898 0.000962 
 0.013125 0.000020 0.011917 0.001002 
 0.013143 0.000080 0.011936 0.001122 
 0.013162 0.000050 0.011954 0.000831 
 0.013181 0.000050 0.011973 0.000841 
 0.013200 0.000050 0.011992 0.000922 
 0.013219 0.000060 0.012010 0.001052 
 0.013238 0.000080 0.012029 0.000922 
 0.013257 0.000040 0.012048 0.000992 
 0.013276 0.000060 0.012066 0.001202 
 0.013295 0.000070 0.012085 0.000861 
 0.013313 0.000000 0.012104 0.000861 
 0.013332 0.000020 0.012122 0.000851 
 0.013351 0.000030 0.012141 0.000701 
 0.013370 0.000030 0.012160 0.001192 
 0.013389 0.000020 0.012178 0.001012 
 0.013408 0.000060 0.012197 0.000781 
 0.013427 0.000020 0.012216 0.001012 
 0.013446 0.000050 0.012234 0.001012 
 0.013464 0.000100 0.012253 0.001032 
 0.013483 0.000040 0.012271 0.000952 
 0.013502 0.000070 0.012290 0.000881 
 0.013521 0.000030 0.012309 0.001022 
 0.013540 0.000070 0.012327 0.000821 
 0.013559 0.000030 0.012346 0.000851 
 0.013578 0.000090 0.012365 0.001212 
 0.013597 0.000040 0.012383 0.001072 
 0.013616 0.000020 0.012402 0.000992 
 0.013634 0.000040 0.012421 0.000992 
 0.013653 0.000020 0.012439 0.000952 
 0.013672 0.000060 0.012458 0.001062 
 0.013691 0.000080 0.012477 0.001082 
 0.013710 0.000030 0.012495 0.000942 
 0.013729 0.000020 0.012514 0.000952 
 0.013748 0.000060 0.012533 0.001092 
 0.013767 0.000030 0.012551 0.001152 
 0.013786 0.000050 0.012570 0.000922 
 0.013804 0.000080 0.012589 0.000992 
 0.013823 0.000010 0.012607 0.000952 
 0.013842 0.000040 0.012626 0.001162 
 0.013861 0.000020 0.012645 0.000922 
 0.013880 0.000010 0.012663 0.001042 
 0.013899 0.000070 0.012682 0.000901 
 0.013918 0.000060 0.012701 0.001052 
 0.013937 0.000020 0.012719 0.000992 
 0.013955 0.000030 0.012738 0.000942 
 0.013974 0.000080 0.012757 0.001062 
 0.013993 0.000040 0.012775 0.001122 
 0.014012 0.000020 0.012794 0.000861 
 0.014031 0.000070 0.012813 0.000992 
 0.014050 0.000030 0.012831 0.001172 
 0.014069 0.000020 0.012850 0.001062 
 0.014088 0.000040 0.012869 0.001072 
 0.014107 0.000030 0.012887 0.000942 
 0.014125 0.000040 0.012906 0.001062 
 0.014144 0.000070 0.012925 0.001052 
 0.014163 0.000030 0.012943 0.001032 
 0.014182 0.000060 0.012962 0.000901 
 0.014201 0.000060 0.012980 0.000972 
 0.014220 0.000030 0.012999 0.001052 
 0.014239 0.000050 0.013018 0.001222 
 0.014258 0.000030 0.013036 0.001102 
 0.014277 0.000050 0.013055 0.001042 
 0.014295 0.000060 0.013074 0.000821 
 0.014314 0.000030 0.013092 0.001092 
 0.014333 0.000000 0.013111 0.001182 
 0.014352 0.000030 0.013130 0.001072 
 0.014371 0.000050 0.013148 0.001032 
 0.014390 0.000020 0.013167 0.001062 
 0.014409 0.000050 0.013186 0.001162 
 0.014428 0.000020 0.013204 0.001062 
 0.014446 0.000040 0.013223 0.001012 
 0.014465 0.000040 0.013242 0.001192 
 0.014484 0.000020 0.013260 0.001212 
 0.014503 0.000020 0.013279 0.001092 
 0.014522 0.000040 0.013298 0.001082 
 0.014541 0.000020 0.013316 0.001112 
 0.014560 0.000000 0.013335 0.001182 
 0.014579 0.000010 0.013354 0.000932 
 0.014598 0.000050 0.013372 0.001042 
 0.014616 0.000040 0.013391 0.001072 
 0.014635 0.000070 0.013410 0.001292 
 0.014654 0.000010 0.013428 0.001032 
 0.014673 0.000050 0.013447 0.001212 
 0.014692 0.000070 0.013466 0.001142 
 0.014711 0.000030 0.013484 0.000962 
 0.014730 0.000060 0.013503 0.001172 
 0.014749 0.000040 0.013522 0.001022 
 0.014767 0.000030 0.013540 0.001022 
 0.014786 0.000020 0.013559 0.001182 
 0.014805 0.000030 0.013578 0.001182 
 0.014824 0.000050 0.013596 0.001142 
 0.014843 0.000010 0.013615 0.001152 
 0.014862 0.000020 0.013633 0.001082 
 0.014881 0.000020 0.013652 0.001202 
 0.014900 0.000050 0.013671 0.001132 
 0.014919 0.000040 0.013689 0.001172 
 0.014937 0.000060 0.013708 0.001172 
 0.014956 0.000050 0.013727 0.001192 
 0.014975 0.000040 0.013745 0.001122 
 0.014994 0.000030 0.013764 0.001112 
 0.015013 0.000070 0.013783 0.001292 
 0.015032 0.000070 0.013801 0.001312 
 0.015051 0.000050 0.013820 0.001332 
 0.015070 0.000020 0.013839 0.001172 
 0.015089 0.000080 0.013857 0.001172 
 0.015107 0.000040 0.013876 0.001072 
 0.015126 0.000080 0.013895 0.001392 
 0.015145 0.000060 0.013913 0.001272 
 0.015164 0.000060 0.013932 0.001222 
 0.015183 0.000100 0.013951 0.001112 
 0.015202 0.000040 0.013969 0.001122 
 0.015221 0.000060 0.013988 0.001092 
 0.015240 0.000050 0.014007 0.001262 
 0.015258 0.000030 0.014025 0.001092 
 0.015277 0.000060 0.014044 0.001212 
 0.015296 0.000080 0.014063 0.001222 
 0.015315 0.000030 0.014081 0.001192 
 0.015334 0.000060 0.014100 0.001292 
 0.015353 0.000040 0.014119 0.001122 
 0.015372 0.000080 0.014137 0.001212 
 0.015391 0.000080 0.014156 0.001172 
 0.015410 0.000070 0.014175 0.001192 
 0.015428 0.000050 0.014193 0.001192 
 0.015447 0.000120 0.014212 0.001262 
 0.015466 0.000040 0.014231 0.001442 
 0.015485 0.000100 0.014249 0.001222 
 0.015504 0.000080 0.014268 0.001222 
 0.015523 0.000100 0.014287 0.001212 
 0.015542 0.000080 0.014305 0.001282 
 0.015561 0.000080 0.014324 0.001262 
 0.015580 0.000110 0.014342 0.001252 
 0.015598 0.000100 0.014361 0.001332 
 0.015617 0.000080 0.014380 0.001392 
 0.015636 0.000160 0.014398 0.001372 
 0.015655 0.000130 0.014417 0.001372 
 0.015674 0.000130 0.014436 0.001172 
 0.015693 0.000230 0.014454 0.001432 
 0.015712 0.000230 0.014473 0.001312 
 0.015731 0.000220 0.014492 0.001402 
 0.015749 0.000150 0.014510 0.001372 
 0.015768 0.000160 0.014529 0.001372 
 0.015787 0.000190 0.014548 0.001262 
 0.015806 0.000210 0.014566 0.001242 
 0.015825 0.000391 0.014585 0.001472 
 0.015844 0.000250 0.014604 0.001152 
 0.015863 0.000371 0.014622 0.001432 
 0.015882 0.000341 0.014641 0.001272 
 0.015901 0.000341 0.014660 0.001352 
 0.015919 0.000481 0.014678 0.001182 
 0.015938 0.000531 0.014697 0.001543 
 0.015957 0.000491 0.014716 0.001533 
 0.015976 0.000621 0.014734 0.001312 
 0.015995 0.000581 0.014753 0.001492 
 0.016014 0.000691 0.014772 0.001312 
 0.016033 0.000661 0.014790 0.001452 
 0.016052 0.000681 0.014809 0.001492 
 0.016070 0.000962 0.014828 0.001442 
 0.016089 0.000831 0.014846 0.001302 
 0.016108 0.000932 0.014865 0.001442 
 0.016127 0.001142 0.014884 0.001432 
 0.016146 0.001472 0.014902 0.001573 
 0.016165 0.001372 0.014921 0.001683 
 0.016184 0.001302 0.014940 0.001533 
 0.016203 0.001462 0.014958 0.001312 
 0.016222 0.001573 0.014977 0.001502 
 0.016240 0.001863 0.014995 0.001793 
 0.016259 0.002063 0.015014 0.001553 
 0.016278 0.002264 0.015033 0.001533 
 0.016297 0.002174 0.015051 0.001422 
 0.016316 0.002294 0.015070 0.001242 
 0.016335 0.002624 0.015089 0.001663 
 0.016354 0.002925 0.015107 0.001472 
 0.016373 0.003285 0.015126 0.001593 
 0.016392 0.003195 0.015145 0.001392 
 0.016410 0.003255 0.015163 0.001482 
 0.016429 0.004067 0.015182 0.001482 
 0.016448 0.003876 0.015201 0.001553 
 0.016467 0.004718 0.015219 0.001412 
 0.016486 0.004768 0.015238 0.001362 
 0.016505 0.005048 0.015257 0.001703 
 0.016524 0.005359 0.015275 0.001633 
 0.016543 0.005930 0.015294 0.001392 
 0.016561 0.005950 0.015313 0.001733 
 0.016580 0.006330 0.015331 0.001382 
 0.016599 0.006871 0.015350 0.001713 
 0.016618 0.007152 0.015369 0.001432 
 0.016637 0.007693 0.015387 0.001482 
 0.016656 0.008414 0.015406 0.001843 
 0.016675 0.008684 0.015425 0.001803 
 0.016694 0.009025 0.015443 0.001643 
 0.016713 0.009466 0.015462 0.001492 
 0.016731 0.009836 0.015481 0.001783 
 0.016750 0.011038 0.015499 0.001683 
 0.016769 0.010688 0.015518 0.001583 
 0.016788 0.012140 0.015537 0.001823 
 0.016807 0.011840 0.015555 0.001543 
 0.016826 0.012531 0.015574 0.001903 
 0.016845 0.013052 0.015593 0.001903 
 0.016864 0.012961 0.015611 0.001563 
 0.016883 0.014724 0.015630 0.001853 
 0.016901 0.014093 0.015648 0.001583 
 0.016920 0.015656 0.015667 0.001833 
 0.016939 0.015245 0.015686 0.001723 
 0.016958 0.015245 0.015704 0.001873 
 0.016977 0.015546 0.015723 0.001723 
 0.016996 0.016067 0.015742 0.001843 
 0.017015 0.017158 0.015760 0.002063 
 0.017034 0.016938 0.015779 0.001623 
 0.017052 0.016357 0.015798 0.001793 
 0.017071 0.017519 0.015816 0.001793 
 0.017090 0.017859 0.015835 0.001783 
 0.017109 0.017128 0.015854 0.001833 
 0.017128 0.016998 0.015872 0.001843 
 0.017147 0.017238 0.015891 0.002003 
 0.017166 0.016888 0.015910 0.001763 
 0.017185 0.017369 0.015928 0.001913 
 0.017204 0.017168 0.015947 0.002063 
 0.017222 0.016708 0.015966 0.002134 
 0.017241 0.016898 0.015984 0.002013 
 0.017260 0.017018 0.016003 0.002003 
 0.017279 0.016447 0.016022 0.001823 
 0.017298 0.015435 0.016040 0.002124 
 0.017317 0.015726 0.016059 0.001913 
 0.017336 0.014754 0.016078 0.002254 
 0.017355 0.014985 0.016096 0.001903 
 0.017373 0.014454 0.016115 0.002083 
 0.017392 0.013753 0.016134 0.002103 
 0.017411 0.013552 0.016152 0.002204 
 0.017430 0.012511 0.016171 0.002103 
 0.017449 0.013062 0.016190 0.002394 
 0.017468 0.012000 0.016208 0.002204 
 0.017487 0.011279 0.016227 0.002083 
 0.017506 0.011549 0.016246 0.002284 
 0.017525 0.010357 0.016264 0.002314 
 0.017543 0.010107 0.016283 0.002344 
 0.017562 0.010397 0.016302 0.002464 
 0.017581 0.009396 0.016320 0.002274 
 0.017600 0.008604 0.016339 0.002234 
 0.017619 0.008694 0.016357 0.002314 
 0.017638 0.008284 0.016376 0.002464 
 0.017657 0.007532 0.016395 0.002404 
 0.017676 0.007462 0.016413 0.002524 
 0.017695 0.006641 0.016432 0.002514 
 0.017713 0.005850 0.016451 0.002514 
 0.017732 0.006010 0.016469 0.002714 
 0.017751 0.005489 0.016488 0.002204 
 0.017770 0.005499 0.016507 0.002404 
 0.017789 0.005199 0.016525 0.002614 
 0.017808 0.004357 0.016544 0.003095 
 0.017827 0.004177 0.016563 0.002484 
 0.017846 0.004137 0.016581 0.002664 
 0.017864 0.004277 0.016600 0.002835 
 0.017883 0.003506 0.016619 0.002815 
 0.017902 0.003356 0.016637 0.002815 
 0.017921 0.003065 0.016656 0.002795 
 0.017940 0.003025 0.016675 0.002905 
 0.017959 0.002614 0.016693 0.002805 
 0.017978 0.002544 0.016712 0.002815 
 0.017997 0.002244 0.016731 0.003095 
 0.018016 0.002063 0.016749 0.003015 
 0.018034 0.002063 0.016768 0.002724 
 0.018053 0.002083 0.016787 0.003105 
 0.018072 0.001863 0.016805 0.002875 
 0.018091 0.001753 0.016824 0.002765 
 0.018110 0.001432 0.016843 0.002925 
 0.018129 0.001362 0.016861 0.002985 
 0.018148 0.001322 0.016880 0.002825 
 0.018167 0.001382 0.016899 0.003105 
 0.018186 0.000972 0.016917 0.003235 
 0.018204 0.000922 0.016936 0.002865 
 0.018223 0.001012 0.016955 0.002474 
 0.018242 0.000791 0.016973 0.003115 
 0.018261 0.000922 0.016992 0.002684 
 0.018280 0.000912 0.017010 0.002755 
 0.018299 0.000721 0.017029 0.002925 
 0.018318 0.000691 0.017048 0.002865 
 0.018337 0.000491 0.017066 0.002494 
 0.018355 0.000491 0.017085 0.002684 
 0.018374 0.000451 0.017104 0.002724 
 0.018393 0.000441 0.017122 0.002354 
 0.018412 0.000321 0.017141 0.002504 
 0.018431 0.000361 0.017160 0.002334 
 0.018450 0.000351 0.017178 0.002394 
 0.018469 0.000441 0.017197 0.002113 
 0.018488 0.000300 0.017216 0.002504 
 0.018507 0.000240 0.017234 0.002264 
 0.018525 0.000220 0.017253 0.002124 
 0.018544 0.000250 0.017272 0.002033 
 0.018563 0.000250 0.017290 0.002043 
 0.018582 0.000250 0.017309 0.001973 
 0.018601 0.000080 0.017328 0.001803 
 0.018620 0.000100 0.017346 0.001923 
 0.018639 0.000170 0.017365 0.001893 
 0.018658 0.000090 0.017384 0.001683 
 0.018677 0.000130 0.017402 0.001593 
 0.018695 0.000020 0.017421 0.001663 
 0.018714 0.000050 0.017440 0.001412 
 0.018733 0.000080 0.017458 0.001492 
 0.018752 0.000030 0.017477 0.001452 
 0.018771 0.000090 0.017496 0.001222 
 0.018790 0.000040 0.017514 0.001452 
 0.018809 0.000030 0.017533 0.001322 
 0.018828 0.000030 0.017552 0.001142 
 0.018846 0.000030 0.017570 0.001102 
 0.018865 0.000030 0.017589 0.001132 
 0.018884 0.000030 0.017608 0.001102 
 0.018903 0.000000 0.017626 0.000922 
 0.018922 0.000010 0.017645 0.000721 
 0.018941 0.000030 0.017664 0.000901 
 0.018960 0.000010 0.017682 0.000791 
 0.018979 0.000030 0.017701 0.000962 
 0.018998 0.000020 0.017719 0.000531 
 0.019016 0.000000 0.017738 0.000891 
 0.019035 0.000000 0.017757 0.000691 
 0.019054 0.000000 0.017775 0.000501 
 0.019073 0.000000 0.017794 0.000561 
 0.019092 0.000000 0.017813 0.000541 
 0.019111 0.000000 0.017831 0.000561 
 0.019130 0.000000 0.017850 0.000491 
 0.019149 0.000000 0.017869 0.000441 
 0.019167 0.000000 0.017887 0.000351 
 0.019186 0.000000 0.017906 0.000421 
 0.019205 0.000000 0.017925 0.000341 
 0.019224 0.000000 0.017943 0.000421 
 0.019243 0.000000 0.017962 0.000371 
 0.019262 0.000000 0.017981 0.000270 
 0.019281 0.000000 0.017999 0.000341 
 0.019300 0.000000 0.018018 0.000250 
 0.019319 0.000000 0.018037 0.000200 
 0.019337 0.000000 0.018055 0.000220 
 0.019356 0.000000 0.018074 0.000180 
 0.019375 0.000000 0.018093 0.000210 
 0.019394 0.000000 0.018111 0.000160 
 0.019413 0.000000 0.018130 0.000150 
 0.019432 0.000000 0.018149 0.000230 
 0.019451 0.000000 0.018167 0.000110 
 0.019470 0.000000 0.018186 0.000090 
 0.019489 0.000000 0.018205 0.000130 
 0.019507 0.000000 0.018223 0.000060 
 0.019526 0.000000 0.018242 0.000140 
 0.019545 0.000000 0.018261 0.000090 
 0.019564 0.000000 0.018279 0.000080 
 0.019583 0.000000 0.018298 0.000040 
 0.019602 0.000000 0.018317 0.000090 
 0.019621 0.000000 0.018335 0.000060 
 0.019640 0.000000 0.018354 0.000050 
 0.019658 0.000000 0.018372 0.000110 
 0.019677 0.000000 0.018391 0.000040 
 0.019696 0.000000 0.018410 0.000040 
 0.019715 0.000000 0.018428 0.000030 
 0.019734 0.000000 0.018447 0.000050 
 0.019753 0.000000 0.018466 0.000020 
 0.019772 0.000000 0.018484 0.000020 
 0.019791 0.000000 0.018503 0.000010 
 0.019810 0.000000 0.018522 0.000000 
 0.019828 0.000000 0.018540 0.000010 
 0.019847 0.000000 0.018559 0.000020 
 0.019866 0.000000 0.018578 0.000010 
 0.019885 0.000000 0.018596 0.000010 
 0.019904 0.000000 0.018615 0.000000 
 0.019923 0.000000 0.018634 0.000000 
 0.019942 0.000000 0.018652 0.000010 
