#rbin[i] Nr[i] lbin[i] Nl[i]
 0.001003 0.000066 0.000001 0.000618 
 0.001015 0.000055 0.000012 0.001887 
 0.001027 0.000044 0.000024 0.002031 
 0.001040 0.000066 0.000036 0.002329 
 0.001052 0.000055 0.000048 0.002704 
 0.001064 0.000077 0.000059 0.002373 
 0.001077 0.000121 0.000071 0.002406 
 0.001089 0.000287 0.000083 0.002605 
 0.001101 0.000210 0.000095 0.002561 
 0.001113 0.000199 0.000107 0.002450 
 0.001126 0.000077 0.000118 0.002682 
 0.001138 0.000254 0.000130 0.002627 
 0.001150 0.000784 0.000142 0.002395 
 0.001163 0.000806 0.000154 0.002384 
 0.001175 0.001600 0.000165 0.002715 
 0.001187 0.003675 0.000177 0.002450 
 0.001200 0.004956 0.000189 0.002141 
 0.001212 0.006015 0.000201 0.002538 
 0.001224 0.004978 0.000212 0.002196 
 0.001237 0.003797 0.000224 0.002428 
 0.001249 0.000938 0.000236 0.002439 
 0.001261 0.001556 0.000248 0.002406 
 0.001274 0.000298 0.000260 0.002229 
 0.001286 0.000132 0.000271 0.002450 
 0.001298 0.001148 0.000283 0.002494 
 0.001310 0.000464 0.000295 0.002516 
 0.001323 0.000011 0.000307 0.002252 
 0.001335 0.000000 0.000318 0.002461 
 0.001347 0.000077 0.000330 0.002483 
 0.001360 0.000872 0.000342 0.002229 
 0.001372 0.001622 0.000354 0.002240 
 0.001384 0.000552 0.000366 0.002594 
 0.001397 0.000287 0.000377 0.002494 
 0.001409 0.000331 0.000389 0.002285 
 0.001421 0.001137 0.000401 0.002351 
 0.001434 0.001954 0.000413 0.002472 
 0.001446 0.001479 0.000424 0.002594 
 0.001458 0.000872 0.000436 0.002538 
 0.001470 0.000486 0.000448 0.002792 
 0.001483 0.000353 0.000460 0.002351 
 0.001495 0.000464 0.000471 0.002538 
 0.001507 0.000751 0.000483 0.002163 
 0.001520 0.000806 0.000495 0.002285 
 0.001532 0.000651 0.000507 0.002638 
 0.001544 0.000221 0.000519 0.002439 
 0.001557 0.000397 0.000530 0.002594 
 0.001569 0.001347 0.000542 0.002417 
 0.001581 0.001589 0.000554 0.002439 
 0.001594 0.000784 0.000566 0.002450 
 0.001606 0.002836 0.000577 0.002572 
 0.001618 0.003675 0.000589 0.002472 
 0.001631 0.004911 0.000601 0.002207 
 0.001643 0.006236 0.000613 0.002726 
 0.001655 0.007152 0.000624 0.002572 
 0.001667 0.006070 0.000636 0.002605 
 0.001680 0.005827 0.000648 0.002682 
 0.001692 0.003730 0.000660 0.002307 
 0.001704 0.002881 0.000672 0.002561 
 0.001717 0.002274 0.000683 0.002207 
 0.001729 0.000441 0.000695 0.002737 
 0.001741 0.000739 0.000707 0.002803 
 0.001754 0.001567 0.000719 0.002638 
 0.001766 0.000971 0.000730 0.002351 
 0.001778 0.000177 0.000742 0.002792 
 0.001791 0.000166 0.000754 0.002550 
 0.001803 0.000419 0.000766 0.002252 
 0.001815 0.001821 0.000777 0.002605 
 0.001827 0.002285 0.000789 0.002263 
 0.001840 0.000751 0.000801 0.002605 
 0.001852 0.000121 0.000813 0.002494 
 0.001864 0.000265 0.000825 0.002737 
 0.001877 0.001965 0.000836 0.002605 
 0.001889 0.002384 0.000848 0.002627 
 0.001901 0.001037 0.000860 0.002505 
 0.001914 0.002638 0.000872 0.002748 
 0.001926 0.003719 0.000883 0.002627 
 0.001938 0.003543 0.000895 0.002572 
 0.001951 0.003808 0.000907 0.002991 
 0.001963 0.003510 0.000919 0.002693 
 0.001975 0.003377 0.000931 0.002527 
 0.001988 0.002075 0.000942 0.002682 
 0.002000 0.002550 0.000954 0.002947 
 0.002012 0.002649 0.000966 0.002715 
 0.002024 0.000607 0.000978 0.002859 
 0.002037 0.000232 0.000989 0.002726 
 0.002049 0.001236 0.001001 0.002881 
 0.002061 0.002969 0.001013 0.002693 
 0.002074 0.000519 0.001025 0.002318 
 0.002086 0.000155 0.001036 0.002936 
 0.002098 0.000651 0.001048 0.002892 
 0.002111 0.002848 0.001060 0.002991 
 0.002123 0.002439 0.001072 0.002903 
 0.002135 0.001843 0.001084 0.002770 
 0.002148 0.002450 0.001095 0.003134 
 0.002160 0.003146 0.001107 0.003234 
 0.002172 0.002925 0.001119 0.003024 
 0.002184 0.002682 0.001131 0.002825 
 0.002197 0.002870 0.001142 0.003190 
 0.002209 0.002616 0.001154 0.003466 
 0.002221 0.002483 0.001166 0.002925 
 0.002234 0.002152 0.001178 0.003344 
 0.002246 0.002174 0.001189 0.003212 
 0.002258 0.001998 0.001201 0.003444 
 0.002271 0.002086 0.001213 0.003289 
 0.002283 0.001832 0.001225 0.002958 
 0.002295 0.002053 0.001237 0.002671 
 0.002308 0.002174 0.001248 0.002914 
 0.002320 0.002119 0.001260 0.003168 
 0.002332 0.002020 0.001272 0.002671 
 0.002345 0.002318 0.001284 0.002252 
 0.002357 0.002384 0.001295 0.002848 
 0.002369 0.002296 0.001307 0.003013 
 0.002381 0.002174 0.001319 0.002351 
 0.002394 0.002638 0.001331 0.002781 
 0.002406 0.002185 0.001343 0.002759 
 0.002418 0.002527 0.001354 0.002881 
 0.002431 0.002836 0.001366 0.003013 
 0.002443 0.002439 0.001378 0.002814 
 0.002455 0.002550 0.001390 0.002748 
 0.002468 0.002616 0.001401 0.002792 
 0.002480 0.002825 0.001413 0.003035 
 0.002492 0.002693 0.001425 0.002759 
 0.002505 0.002649 0.001437 0.003112 
 0.002517 0.002803 0.001448 0.002583 
 0.002529 0.002693 0.001460 0.002726 
 0.002542 0.002914 0.001472 0.003024 
 0.002554 0.003134 0.001484 0.002814 
 0.002566 0.002671 0.001496 0.002572 
 0.002578 0.002704 0.001507 0.003013 
 0.002591 0.003068 0.001519 0.003013 
 0.002603 0.002892 0.001531 0.002825 
 0.002615 0.003002 0.001543 0.003002 
 0.002628 0.002903 0.001554 0.003223 
 0.002640 0.002792 0.001566 0.002958 
 0.002652 0.003112 0.001578 0.003024 
 0.002665 0.002748 0.001590 0.003620 
 0.002677 0.002781 0.001601 0.003134 
 0.002689 0.002870 0.001613 0.003432 
 0.002702 0.002748 0.001625 0.003477 
 0.002714 0.002759 0.001637 0.003973 
 0.002726 0.002803 0.001649 0.002991 
 0.002738 0.002693 0.001660 0.003267 
 0.002751 0.002726 0.001672 0.002947 
 0.002763 0.002814 0.001684 0.002638 
 0.002775 0.002494 0.001696 0.003024 
 0.002788 0.002715 0.001707 0.002682 
 0.002800 0.002704 0.001719 0.002715 
 0.002812 0.002583 0.001731 0.002958 
 0.002825 0.002483 0.001743 0.002616 
 0.002837 0.002362 0.001755 0.002362 
 0.002849 0.002627 0.001766 0.002638 
 0.002862 0.002318 0.001778 0.002704 
 0.002874 0.002406 0.001790 0.002572 
 0.002886 0.002373 0.001802 0.002936 
 0.002899 0.002384 0.001813 0.002737 
 0.002911 0.002450 0.001825 0.002726 
 0.002923 0.002472 0.001837 0.002892 
 0.002935 0.002263 0.001849 0.002572 
 0.002948 0.002296 0.001860 0.002759 
 0.002960 0.002505 0.001872 0.002494 
 0.002972 0.002373 0.001884 0.002726 
 0.002985 0.002572 0.001896 0.002649 
 0.002997 0.002252 0.001908 0.003344 
 0.003009 0.002594 0.001919 0.002881 
 0.003022 0.002185 0.001931 0.002936 
 0.003034 0.002417 0.001943 0.002759 
 0.003046 0.002428 0.001955 0.003134 
 0.003059 0.002461 0.001966 0.002561 
 0.003071 0.002185 0.001978 0.002704 
 0.003083 0.002605 0.001990 0.002792 
 0.003095 0.002296 0.002002 0.002825 
 0.003108 0.002130 0.002013 0.002428 
 0.003120 0.002616 0.002025 0.002494 
 0.003132 0.002218 0.002037 0.002649 
 0.003145 0.002395 0.002049 0.002428 
 0.003157 0.002174 0.002061 0.002693 
 0.003169 0.002461 0.002072 0.002461 
 0.003182 0.002461 0.002084 0.002406 
 0.003194 0.002274 0.002096 0.002450 
 0.003206 0.002814 0.002108 0.002848 
 0.003219 0.002318 0.002119 0.002859 
 0.003231 0.002351 0.002131 0.002572 
 0.003243 0.002130 0.002143 0.002638 
 0.003256 0.002373 0.002155 0.002859 
 0.003268 0.002285 0.002166 0.002726 
 0.003280 0.002605 0.002178 0.002550 
 0.003292 0.002307 0.002190 0.002748 
 0.003305 0.002362 0.002202 0.002583 
 0.003317 0.002373 0.002214 0.002538 
 0.003329 0.002505 0.002225 0.002748 
 0.003342 0.002472 0.002237 0.002373 
 0.003354 0.002561 0.002249 0.002229 
 0.003366 0.002439 0.002261 0.002759 
 0.003379 0.002527 0.002272 0.002395 
 0.003391 0.002450 0.002284 0.002417 
 0.003403 0.002649 0.002296 0.002660 
 0.003416 0.002384 0.002308 0.002450 
 0.003428 0.002538 0.002320 0.002770 
 0.003440 0.002494 0.002331 0.002770 
 0.003452 0.002649 0.002343 0.002428 
 0.003465 0.002362 0.002355 0.002715 
 0.003477 0.002483 0.002367 0.002583 
 0.003489 0.002428 0.002378 0.002296 
 0.003502 0.002583 0.002390 0.002704 
 0.003514 0.002561 0.002402 0.002472 
 0.003526 0.002561 0.002414 0.002538 
 0.003539 0.002406 0.002425 0.002682 
 0.003551 0.002605 0.002437 0.002561 
 0.003563 0.002704 0.002449 0.002439 
 0.003576 0.002163 0.002461 0.002914 
 0.003588 0.002583 0.002473 0.002362 
 0.003600 0.002527 0.002484 0.002406 
 0.003613 0.002505 0.002496 0.002527 
 0.003625 0.002174 0.002508 0.002516 
 0.003637 0.002130 0.002520 0.002505 
 0.003649 0.002461 0.002531 0.002362 
 0.003662 0.002516 0.002543 0.002494 
 0.003674 0.002395 0.002555 0.002384 
 0.003686 0.002340 0.002567 0.002274 
 0.003699 0.002538 0.002578 0.002351 
 0.003711 0.002395 0.002590 0.002660 
 0.003723 0.002627 0.002602 0.002660 
 0.003736 0.002362 0.002614 0.002660 
 0.003748 0.002362 0.002626 0.002307 
 0.003760 0.002428 0.002637 0.002395 
 0.003773 0.002461 0.002649 0.002285 
 0.003785 0.002627 0.002661 0.002329 
 0.003797 0.002439 0.002673 0.002516 
 0.003809 0.002307 0.002684 0.002395 
 0.003822 0.002461 0.002696 0.002318 
 0.003834 0.002616 0.002708 0.002428 
 0.003846 0.002450 0.002720 0.002218 
 0.003859 0.002572 0.002732 0.002362 
 0.003871 0.002384 0.002743 0.002417 
 0.003883 0.002406 0.002755 0.002174 
 0.003896 0.002737 0.002767 0.002351 
 0.003908 0.002053 0.002779 0.002296 
 0.003920 0.002561 0.002790 0.002174 
 0.003933 0.002373 0.002802 0.002141 
 0.003945 0.002550 0.002814 0.002263 
 0.003957 0.002472 0.002826 0.002329 
 0.003970 0.002803 0.002837 0.002318 
 0.003982 0.002505 0.002849 0.002229 
 0.003994 0.002538 0.002861 0.002163 
 0.004006 0.002450 0.002873 0.002108 
 0.004019 0.002605 0.002885 0.002196 
 0.004031 0.002583 0.002896 0.002207 
 0.004043 0.002649 0.002908 0.002395 
 0.004056 0.002605 0.002920 0.001987 
 0.004068 0.002428 0.002932 0.002141 
 0.004080 0.002472 0.002943 0.002196 
 0.004093 0.002814 0.002955 0.002141 
 0.004105 0.002781 0.002967 0.002240 
 0.004117 0.002572 0.002979 0.002119 
 0.004130 0.002605 0.002990 0.002351 
 0.004142 0.002737 0.003002 0.002108 
 0.004154 0.002627 0.003014 0.001931 
 0.004167 0.002472 0.003026 0.001898 
 0.004179 0.002881 0.003038 0.002351 
 0.004191 0.003024 0.003049 0.002130 
 0.004203 0.002803 0.003061 0.001942 
 0.004216 0.002660 0.003073 0.002152 
 0.004228 0.002748 0.003085 0.001931 
 0.004240 0.003289 0.003096 0.002240 
 0.004253 0.002892 0.003108 0.002031 
 0.004265 0.002925 0.003120 0.001965 
 0.004277 0.003245 0.003132 0.002086 
 0.004290 0.002870 0.003143 0.002042 
 0.004302 0.002925 0.003155 0.001931 
 0.004314 0.003157 0.003167 0.001865 
 0.004327 0.003377 0.003179 0.001987 
 0.004339 0.003046 0.003191 0.001965 
 0.004351 0.003256 0.003202 0.001954 
 0.004363 0.003079 0.003214 0.002329 
 0.004376 0.003245 0.003226 0.002207 
 0.004388 0.003510 0.003238 0.001865 
 0.004400 0.003366 0.003249 0.002009 
 0.004413 0.003289 0.003261 0.002086 
 0.004425 0.003753 0.003273 0.001998 
 0.004437 0.003863 0.003285 0.001987 
 0.004450 0.003444 0.003297 0.001920 
 0.004462 0.003223 0.003308 0.002020 
 0.004474 0.003631 0.003320 0.002009 
 0.004487 0.003609 0.003332 0.001987 
 0.004499 0.003863 0.003344 0.002020 
 0.004511 0.003841 0.003355 0.001865 
 0.004524 0.003664 0.003367 0.001898 
 0.004536 0.004095 0.003379 0.001810 
 0.004548 0.003587 0.003391 0.001954 
 0.004560 0.003962 0.003402 0.001998 
 0.004573 0.003874 0.003414 0.001965 
 0.004585 0.004073 0.003426 0.002009 
 0.004597 0.003874 0.003438 0.001898 
 0.004610 0.004006 0.003450 0.002009 
 0.004622 0.004095 0.003461 0.001854 
 0.004634 0.003852 0.003473 0.001909 
 0.004647 0.004106 0.003485 0.001876 
 0.004659 0.004238 0.003497 0.001854 
 0.004671 0.004084 0.003508 0.001931 
 0.004684 0.003962 0.003520 0.002031 
 0.004696 0.003830 0.003532 0.001976 
 0.004708 0.004448 0.003544 0.001898 
 0.004720 0.004293 0.003555 0.001821 
 0.004733 0.004128 0.003567 0.001722 
 0.004745 0.003686 0.003579 0.001656 
 0.004757 0.004481 0.003591 0.001832 
 0.004770 0.004051 0.003603 0.001678 
 0.004782 0.004095 0.003614 0.001766 
 0.004794 0.004426 0.003626 0.001909 
 0.004807 0.003885 0.003638 0.001788 
 0.004819 0.003830 0.003650 0.001799 
 0.004831 0.004161 0.003661 0.001799 
 0.004844 0.004293 0.003673 0.001600 
 0.004856 0.003830 0.003685 0.001876 
 0.004868 0.003841 0.003697 0.001700 
 0.004881 0.003841 0.003709 0.002053 
 0.004893 0.003664 0.003720 0.001788 
 0.004905 0.003863 0.003732 0.001766 
 0.004917 0.003907 0.003744 0.001965 
 0.004930 0.003686 0.003756 0.001788 
 0.004942 0.003896 0.003767 0.001854 
 0.004954 0.003962 0.003779 0.001766 
 0.004967 0.003620 0.003791 0.001810 
 0.004979 0.003543 0.003803 0.001645 
 0.004991 0.003642 0.003814 0.001942 
 0.005004 0.003532 0.003826 0.001766 
 0.005016 0.003289 0.003838 0.001556 
 0.005028 0.003477 0.003850 0.001678 
 0.005041 0.003278 0.003862 0.001766 
 0.005053 0.003598 0.003873 0.001799 
 0.005065 0.002925 0.003885 0.001678 
 0.005077 0.003123 0.003897 0.001656 
 0.005090 0.003201 0.003909 0.001887 
 0.005102 0.003377 0.003920 0.001711 
 0.005114 0.003300 0.003932 0.001700 
 0.005127 0.003322 0.003944 0.001722 
 0.005139 0.003212 0.003956 0.001700 
 0.005151 0.003146 0.003967 0.001633 
 0.005164 0.003035 0.003979 0.001865 
 0.005176 0.002881 0.003991 0.001744 
 0.005188 0.002936 0.004003 0.001942 
 0.005201 0.003134 0.004015 0.001645 
 0.005213 0.003201 0.004026 0.001534 
 0.005225 0.002848 0.004038 0.001810 
 0.005238 0.003388 0.004050 0.001556 
 0.005250 0.003278 0.004062 0.001656 
 0.005262 0.002870 0.004073 0.001942 
 0.005274 0.003079 0.004085 0.001810 
 0.005287 0.003035 0.004097 0.001689 
 0.005299 0.003201 0.004109 0.001656 
 0.005311 0.003432 0.004121 0.001865 
 0.005324 0.003190 0.004132 0.001667 
 0.005336 0.002925 0.004144 0.001788 
 0.005348 0.002859 0.004156 0.001501 
 0.005361 0.003013 0.004168 0.001744 
 0.005373 0.003212 0.004179 0.001920 
 0.005385 0.003179 0.004191 0.001832 
 0.005398 0.002969 0.004203 0.001633 
 0.005410 0.003256 0.004215 0.001700 
 0.005422 0.002870 0.004226 0.001711 
 0.005434 0.002781 0.004238 0.001490 
 0.005447 0.002903 0.004250 0.001832 
 0.005459 0.003002 0.004262 0.001711 
 0.005471 0.002969 0.004274 0.001777 
 0.005484 0.002969 0.004285 0.001645 
 0.005496 0.002792 0.004297 0.001534 
 0.005508 0.002781 0.004309 0.001678 
 0.005521 0.002616 0.004321 0.001744 
 0.005533 0.002351 0.004332 0.001556 
 0.005545 0.002439 0.004344 0.001865 
 0.005558 0.002649 0.004356 0.001589 
 0.005570 0.002274 0.004368 0.001667 
 0.005582 0.002516 0.004379 0.001865 
 0.005595 0.002240 0.004391 0.001656 
 0.005607 0.002009 0.004403 0.001479 
 0.005619 0.001976 0.004415 0.001479 
 0.005631 0.001998 0.004427 0.001667 
 0.005644 0.002274 0.004438 0.001600 
 0.005656 0.001876 0.004450 0.001766 
 0.005668 0.001722 0.004462 0.001479 
 0.005681 0.001545 0.004474 0.001556 
 0.005693 0.001534 0.004485 0.001788 
 0.005705 0.001512 0.004497 0.001468 
 0.005718 0.001093 0.004509 0.001468 
 0.005730 0.001324 0.004521 0.001545 
 0.005742 0.001291 0.004532 0.001711 
 0.005755 0.001137 0.004544 0.001369 
 0.005767 0.001126 0.004556 0.001611 
 0.005779 0.001115 0.004568 0.001402 
 0.005791 0.000960 0.004580 0.001512 
 0.005804 0.000861 0.004591 0.001600 
 0.005816 0.000861 0.004603 0.001678 
 0.005828 0.001004 0.004615 0.001402 
 0.005841 0.000673 0.004627 0.001402 
 0.005853 0.000706 0.004638 0.001468 
 0.005865 0.000695 0.004650 0.001578 
 0.005878 0.000673 0.004662 0.001512 
 0.005890 0.000585 0.004674 0.001369 
 0.005902 0.000585 0.004686 0.001501 
 0.005915 0.000441 0.004697 0.001479 
 0.005927 0.000386 0.004709 0.001280 
 0.005939 0.000397 0.004721 0.001424 
 0.005952 0.000464 0.004733 0.001313 
 0.005964 0.000475 0.004744 0.001269 
 0.005976 0.000486 0.004756 0.001534 
 0.005988 0.000342 0.004768 0.001335 
 0.006001 0.000419 0.004780 0.001225 
 0.006013 0.000155 0.004791 0.001446 
 0.006025 0.000287 0.004803 0.001302 
 0.006038 0.000320 0.004815 0.001313 
 0.006050 0.000276 0.004827 0.001358 
 0.006062 0.000143 0.004839 0.001225 
 0.006075 0.000331 0.004850 0.001335 
 0.006087 0.000132 0.004862 0.001424 
 0.006099 0.000177 0.004874 0.001203 
 0.006112 0.000199 0.004886 0.001247 
 0.006124 0.000155 0.004897 0.001302 
 0.006136 0.000232 0.004909 0.001071 
 0.006149 0.000166 0.004921 0.001004 
 0.006161 0.000121 0.004933 0.001214 
 0.006173 0.000121 0.004944 0.001015 
 0.006185 0.000110 0.004956 0.001170 
 0.006198 0.000177 0.004968 0.001104 
 0.006210 0.000132 0.004980 0.001015 
 0.006222 0.000155 0.004992 0.001159 
 0.006235 0.000088 0.005003 0.001071 
 0.006247 0.000077 0.005015 0.001060 
 0.006259 0.000099 0.005027 0.000949 
 0.006272 0.000055 0.005039 0.001004 
 0.006284 0.000044 0.005050 0.000872 
 0.006296 0.000066 0.005062 0.001082 
 0.006309 0.000099 0.005074 0.001104 
 0.006321 0.000022 0.005086 0.000938 
 0.006333 0.000088 0.005098 0.001026 
 0.006345 0.000066 0.005109 0.000960 
 0.006358 0.000044 0.005121 0.000784 
 0.006370 0.000055 0.005133 0.001004 
 0.006382 0.000055 0.005145 0.000927 
 0.006395 0.000077 0.005156 0.000684 
 0.006407 0.000044 0.005168 0.000728 
 0.006419 0.000055 0.005180 0.000806 
 0.006432 0.000055 0.005192 0.000894 
 0.006444 0.000033 0.005203 0.000784 
 0.006456 0.000044 0.005215 0.000861 
 0.006469 0.000066 0.005227 0.000894 
 0.006481 0.000033 0.005239 0.000717 
 0.006493 0.000066 0.005251 0.000784 
 0.006506 0.000044 0.005262 0.000651 
 0.006518 0.000044 0.005274 0.000850 
 0.006530 0.000099 0.005286 0.000684 
 0.006542 0.000055 0.005298 0.000894 
 0.006555 0.000022 0.005309 0.000706 
 0.006567 0.000000 0.005321 0.000806 
 0.006579 0.000000 0.005333 0.000739 
 0.006592 0.000022 0.005345 0.000530 
 0.006604 0.000055 0.005356 0.000662 
 0.006616 0.000011 0.005368 0.000585 
 0.006629 0.000011 0.005380 0.000784 
 0.006641 0.000022 0.005392 0.000662 
 0.006653 0.000033 0.005404 0.000596 
 0.006666 0.000022 0.005415 0.000662 
 0.006678 0.000044 0.005427 0.000453 
 0.006690 0.000055 0.005439 0.000607 
 0.006702 0.000033 0.005451 0.000552 
 0.006715 0.000000 0.005462 0.000530 
 0.006727 0.000011 0.005474 0.000508 
 0.006739 0.000011 0.005486 0.000508 
 0.006752 0.000011 0.005498 0.000530 
 0.006764 0.000000 0.005509 0.000618 
 0.006776 0.000011 0.005521 0.000430 
 0.006789 0.000011 0.005533 0.000453 
 0.006801 0.000011 0.005545 0.000309 
 0.006813 0.000022 0.005557 0.000386 
 0.006826 0.000011 0.005568 0.000342 
 0.006838 0.000011 0.005580 0.000397 
 0.006850 0.000011 0.005592 0.000364 
 0.006863 0.000022 0.005604 0.000265 
 0.006875 0.000044 0.005615 0.000320 
 0.006887 0.000011 0.005627 0.000309 
 0.006899 0.000022 0.005639 0.000298 
 0.006912 0.000022 0.005651 0.000254 
 0.006924 0.000055 0.005663 0.000243 
 0.006936 0.000000 0.005674 0.000298 
 0.006949 0.000000 0.005686 0.000210 
 0.006961 0.000011 0.005698 0.000210 
 0.006973 0.000000 0.005710 0.000166 
 0.006986 0.000022 0.005721 0.000155 
 0.006998 0.000022 0.005733 0.000177 
 0.007010 0.000022 0.005745 0.000121 
 0.007023 0.000022 0.005757 0.000177 
 0.007035 0.000000 0.005768 0.000099 
 0.007047 0.000022 0.005780 0.000132 
 0.007059 0.000000 0.005792 0.000143 
 0.007072 0.000000 0.005804 0.000099 
 0.007084 0.000022 0.005816 0.000188 
 0.007096 0.000033 0.005827 0.000132 
 0.007109 0.000022 0.005839 0.000132 
 0.007121 0.000011 0.005851 0.000088 
 0.007133 0.000000 0.005863 0.000066 
 0.007146 0.000000 0.005874 0.000099 
 0.007158 0.000011 0.005886 0.000088 
 0.007170 0.000011 0.005898 0.000110 
 0.007183 0.000044 0.005910 0.000121 
 0.007195 0.000011 0.005921 0.000055 
 0.007207 0.000000 0.005933 0.000110 
 0.007220 0.000000 0.005945 0.000066 
 0.007232 0.000011 0.005957 0.000055 
 0.007244 0.000011 0.005969 0.000044 
 0.007256 0.000011 0.005980 0.000099 
 0.007269 0.000022 0.005992 0.000022 
 0.007281 0.000000 0.006004 0.000077 
 0.007293 0.000000 0.006016 0.000055 
 0.007306 0.000011 0.006027 0.000000 
 0.007318 0.000022 0.006039 0.000022 
 0.007330 0.000011 0.006051 0.000022 
 0.007343 0.000000 0.006063 0.000022 
 0.007355 0.000000 0.006075 0.000066 
 0.007367 0.000000 0.006086 0.000011 
 0.007380 0.000000 0.006098 0.000022 
 0.007392 0.000000 0.006110 0.000044 
 0.007404 0.000000 0.006122 0.000044 
 0.007416 0.000022 0.006133 0.000022 
 0.007429 0.000011 0.006145 0.000033 
 0.007441 0.000000 0.006157 0.000022 
 0.007453 0.000011 0.006169 0.000022 
 0.007466 0.000011 0.006180 0.000033 
 0.007478 0.000000 0.006192 0.000000 
 0.007490 0.000011 0.006204 0.000055 
 0.007503 0.000000 0.006216 0.000033 
 0.007515 0.000022 0.006228 0.000033 
 0.007527 0.000000 0.006239 0.000000 
 0.007540 0.000000 0.006251 0.000000 
 0.007552 0.000000 0.006263 0.000011 
 0.007564 0.000000 0.006275 0.000022 
 0.007577 0.000000 0.006286 0.000011 
 0.007589 0.000011 0.006298 0.000000 
 0.007601 0.000000 0.006310 0.000022 
 0.007613 0.000000 0.006322 0.000011 
 0.007626 0.000011 0.006333 0.000011 
 0.007638 0.000011 0.006345 0.000000 
 0.007650 0.000000 0.006357 0.000000 
 0.007663 0.000011 0.006369 0.000000 
 0.007675 0.000000 0.006381 0.000022 
 0.007687 0.000011 0.006392 0.000033 
 0.007700 0.000000 0.006404 0.000000 
 0.007712 0.000011 0.006416 0.000033 
 0.007724 0.000022 0.006428 0.000000 
 0.007737 0.000022 0.006439 0.000011 
 0.007749 0.000000 0.006451 0.000011 
 0.007761 0.000000 0.006463 0.000011 
 0.007773 0.000022 0.006475 0.000033 
 0.007786 0.000011 0.006487 0.000011 
 0.007798 0.000000 0.006498 0.000000 
 0.007810 0.000000 0.006510 0.000044 
 0.007823 0.000022 0.006522 0.000000 
 0.007835 0.000011 0.006534 0.000022 
 0.007847 0.000000 0.006545 0.000011 
 0.007860 0.000022 0.006557 0.000000 
 0.007872 0.000000 0.006569 0.000000 
 0.007884 0.000000 0.006581 0.000011 
 0.007897 0.000011 0.006592 0.000011 
 0.007909 0.000000 0.006604 0.000000 
 0.007921 0.000000 0.006616 0.000022 
 0.007934 0.000000 0.006628 0.000022 
 0.007946 0.000000 0.006640 0.000000 
 0.007958 0.000000 0.006651 0.000011 
 0.007970 0.000000 0.006663 0.000000 
 0.007983 0.000011 0.006675 0.000000 
 0.007995 0.000000 0.006687 0.000011 
 0.008007 0.000000 0.006698 0.000011 
 0.008020 0.000044 0.006710 0.000011 
 0.008032 0.000000 0.006722 0.000000 
 0.008044 0.000011 0.006734 0.000000 
 0.008057 0.000000 0.006745 0.000000 
 0.008069 0.000000 0.006757 0.000000 
 0.008081 0.000000 0.006769 0.000022 
 0.008094 0.000011 0.006781 0.000011 
 0.008106 0.000000 0.006793 0.000011 
 0.008118 0.000033 0.006804 0.000000 
 0.008131 0.000011 0.006816 0.000000 
 0.008143 0.000000 0.006828 0.000000 
 0.008155 0.000011 0.006840 0.000011 
 0.008167 0.000011 0.006851 0.000000 
 0.008180 0.000000 0.006863 0.000000 
 0.008192 0.000000 0.006875 0.000000 
 0.008204 0.000000 0.006887 0.000000 
 0.008217 0.000000 0.006898 0.000000 
 0.008229 0.000011 0.006910 0.000000 
 0.008241 0.000000 0.006922 0.000000 
 0.008254 0.000011 0.006934 0.000011 
 0.008266 0.000022 0.006946 0.000000 
 0.008278 0.000011 0.006957 0.000000 
 0.008291 0.000000 0.006969 0.000000 
 0.008303 0.000000 0.006981 0.000000 
 0.008315 0.000000 0.006993 0.000000 
 0.008327 0.000011 0.007004 0.000000 
 0.008340 0.000000 0.007016 0.000000 
 0.008352 0.000000 0.007028 0.000000 
 0.008364 0.000000 0.007040 0.000000 
 0.008377 0.000000 0.007052 0.000000 
 0.008389 0.000000 0.007063 0.000000 
 0.008401 0.000000 0.007075 0.000022 
 0.008414 0.000000 0.007087 0.000000 
 0.008426 0.000000 0.007099 0.000000 
 0.008438 0.000000 0.007110 0.000011 
 0.008451 0.000000 0.007122 0.000011 
 0.008463 0.000022 0.007134 0.000000 
 0.008475 0.000000 0.007146 0.000000 
 0.008488 0.000000 0.007157 0.000011 
 0.008500 0.000011 0.007169 0.000000 
 0.008512 0.000022 0.007181 0.000000 
 0.008524 0.000011 0.007193 0.000000 
 0.008537 0.000000 0.007205 0.000000 
 0.008549 0.000000 0.007216 0.000000 
 0.008561 0.000000 0.007228 0.000022 
 0.008574 0.000000 0.007240 0.000000 
 0.008586 0.000011 0.007252 0.000000 
 0.008598 0.000000 0.007263 0.000000 
 0.008611 0.000022 0.007275 0.000000 
 0.008623 0.000000 0.007287 0.000011 
 0.008635 0.000000 0.007299 0.000000 
 0.008648 0.000000 0.007310 0.000000 
 0.008660 0.000022 0.007322 0.000000 
 0.008672 0.000000 0.007334 0.000000 
 0.008684 0.000000 0.007346 0.000011 
 0.008697 0.000000 0.007358 0.000000 
 0.008709 0.000000 0.007369 0.000000 
 0.008721 0.000011 0.007381 0.000000 
 0.008734 0.000000 0.007393 0.000000 
 0.008746 0.000000 0.007405 0.000000 
 0.008758 0.000000 0.007416 0.000011 
 0.008771 0.000000 0.007428 0.000011 
 0.008783 0.000000 0.007440 0.000000 
 0.008795 0.000000 0.007452 0.000000 
 0.008808 0.000000 0.007464 0.000011 
 0.008820 0.000000 0.007475 0.000000 
 0.008832 0.000011 0.007487 0.000000 
 0.008845 0.000000 0.007499 0.000011 
 0.008857 0.000011 0.007511 0.000011 
 0.008869 0.000000 0.007522 0.000000 
 0.008881 0.000000 0.007534 0.000000 
 0.008894 0.000000 0.007546 0.000000 
 0.008906 0.000000 0.007558 0.000000 
 0.008918 0.000000 0.007569 0.000011 
 0.008931 0.000011 0.007581 0.000011 
 0.008943 0.000000 0.007593 0.000011 
 0.008955 0.000011 0.007605 0.000011 
 0.008968 0.000000 0.007617 0.000000 
 0.008980 0.000000 0.007628 0.000000 
 0.008992 0.000011 0.007640 0.000000 
 0.009005 0.000000 0.007652 0.000000 
 0.009017 0.000000 0.007664 0.000000 
 0.009029 0.000000 0.007675 0.000000 
 0.009041 0.000000 0.007687 0.000000 
 0.009054 0.000011 0.007699 0.000000 
 0.009066 0.000000 0.007711 0.000011 
 0.009078 0.000022 0.007722 0.000000 
 0.009091 0.000000 0.007734 0.000011 
 0.009103 0.000000 0.007746 0.000000 
 0.009115 0.000000 0.007758 0.000011 
 0.009128 0.000000 0.007770 0.000000 
 0.009140 0.000000 0.007781 0.000022 
 0.009152 0.000000 0.007793 0.000000 
 0.009165 0.000000 0.007805 0.000000 
 0.009177 0.000000 0.007817 0.000000 
 0.009189 0.000000 0.007828 0.000000 
 0.009202 0.000000 0.007840 0.000000 
 0.009214 0.000000 0.007852 0.000000 
 0.009226 0.000000 0.007864 0.000000 
 0.009238 0.000011 0.007875 0.000000 
 0.009251 0.000011 0.007887 0.000000 
 0.009263 0.000000 0.007899 0.000000 
 0.009275 0.000000 0.007911 0.000000 
 0.009288 0.000000 0.007923 0.000000 
 0.009300 0.000000 0.007934 0.000000 
 0.009312 0.000000 0.007946 0.000000 
 0.009325 0.000000 0.007958 0.000000 
 0.009337 0.000000 0.007970 0.000000 
 0.009349 0.000000 0.007981 0.000000 
 0.009362 0.000011 0.007993 0.000000 
 0.009374 0.000000 0.008005 0.000000 
 0.009386 0.000011 0.008017 0.000000 
 0.009398 0.000000 0.008029 0.000000 
 0.009411 0.000011 0.008040 0.000000 
 0.009423 0.000000 0.008052 0.000000 
 0.009435 0.000000 0.008064 0.000000 
 0.009448 0.000000 0.008076 0.000000 
 0.009460 0.000000 0.008087 0.000000 
 0.009472 0.000011 0.008099 0.000000 
 0.009485 0.000000 0.008111 0.000000 
 0.009497 0.000000 0.008123 0.000000 
 0.009509 0.000000 0.008134 0.000022 
 0.009522 0.000000 0.008146 0.000000 
 0.009534 0.000000 0.008158 0.000000 
 0.009546 0.000000 0.008170 0.000000 
 0.009559 0.000000 0.008182 0.000011 
 0.009571 0.000000 0.008193 0.000000 
 0.009583 0.000011 0.008205 0.000000 
 0.009595 0.000000 0.008217 0.000011 
 0.009608 0.000000 0.008229 0.000000 
 0.009620 0.000000 0.008240 0.000011 
 0.009632 0.000000 0.008252 0.000000 
 0.009645 0.000000 0.008264 0.000000 
 0.009657 0.000000 0.008276 0.000000 
 0.009669 0.000000 0.008287 0.000000 
 0.009682 0.000000 0.008299 0.000000 
 0.009694 0.000000 0.008311 0.000011 
 0.009706 0.000011 0.008323 0.000000 
 0.009719 0.000000 0.008335 0.000000 
 0.009731 0.000000 0.008346 0.000000 
 0.009743 0.000000 0.008358 0.000000 
 0.009756 0.000000 0.008370 0.000000 
 0.009768 0.000000 0.008382 0.000011 
 0.009780 0.000011 0.008393 0.000000 
 0.009792 0.000000 0.008405 0.000000 
 0.009805 0.000000 0.008417 0.000000 
 0.009817 0.000000 0.008429 0.000000 
 0.009829 0.000000 0.008441 0.000011 
 0.009842 0.000000 0.008452 0.000000 
 0.009854 0.000000 0.008464 0.000000 
 0.009866 0.000011 0.008476 0.000000 
 0.009879 0.000000 0.008488 0.000000 
 0.009891 0.000000 0.008499 0.000022 
 0.009903 0.000000 0.008511 0.000000 
 0.009916 0.000000 0.008523 0.000000 
 0.009928 0.000000 0.008535 0.000000 
 0.009940 0.000000 0.008546 0.000011 
 0.009952 0.000011 0.008558 0.000011 
 0.009965 0.000011 0.008570 0.000000 
 0.009977 0.000000 0.008582 0.000000 
 0.009989 0.000000 0.008594 0.000000 
 0.010002 0.000000 0.008605 0.000000 
 0.010014 0.000000 0.008617 0.000000 
 0.010026 0.000000 0.008629 0.000000 
 0.010039 0.000011 0.008641 0.000000 
 0.010051 0.000000 0.008652 0.000011 
 0.010063 0.000000 0.008664 0.000000 
 0.010076 0.000000 0.008676 0.000000 
 0.010088 0.000011 0.008688 0.000000 
 0.010100 0.000022 0.008699 0.000000 
 0.010113 0.000011 0.008711 0.000000 
 0.010125 0.000000 0.008723 0.000000 
 0.010137 0.000000 0.008735 0.000000 
 0.010149 0.000000 0.008747 0.000000 
 0.010162 0.000000 0.008758 0.000000 
 0.010174 0.000000 0.008770 0.000000 
 0.010186 0.000000 0.008782 0.000000 
 0.010199 0.000000 0.008794 0.000000 
 0.010211 0.000000 0.008805 0.000000 
 0.010223 0.000000 0.008817 0.000000 
 0.010236 0.000000 0.008829 0.000000 
 0.010248 0.000000 0.008841 0.000000 
 0.010260 0.000000 0.008853 0.000000 
 0.010273 0.000011 0.008864 0.000000 
 0.010285 0.000000 0.008876 0.000000 
 0.010297 0.000000 0.008888 0.000000 
 0.010309 0.000000 0.008900 0.000000 
 0.010322 0.000011 0.008911 0.000000 
 0.010334 0.000011 0.008923 0.000000 
 0.010346 0.000000 0.008935 0.000000 
 0.010359 0.000000 0.008947 0.000000 
 0.010371 0.000000 0.008958 0.000000 
 0.010383 0.000000 0.008970 0.000000 
 0.010396 0.000000 0.008982 0.000000 
 0.010408 0.000000 0.008994 0.000000 
 0.010420 0.000000 0.009006 0.000000 
 0.010433 0.000000 0.009017 0.000000 
 0.010445 0.000000 0.009029 0.000000 
 0.010457 0.000000 0.009041 0.000011 
 0.010470 0.000000 0.009053 0.000000 
 0.010482 0.000000 0.009064 0.000000 
 0.010494 0.000000 0.009076 0.000000 
 0.010506 0.000011 0.009088 0.000000 
 0.010519 0.000000 0.009100 0.000011 
 0.010531 0.000011 0.009111 0.000000 
 0.010543 0.000011 0.009123 0.000000 
 0.010556 0.000000 0.009135 0.000000 
 0.010568 0.000000 0.009147 0.000000 
 0.010580 0.000000 0.009159 0.000000 
 0.010593 0.000000 0.009170 0.000000 
 0.010605 0.000000 0.009182 0.000000 
 0.010617 0.000000 0.009194 0.000000 
 0.010630 0.000000 0.009206 0.000000 
 0.010642 0.000000 0.009217 0.000000 
 0.010654 0.000000 0.009229 0.000000 
 0.010666 0.000011 0.009241 0.000000 
 0.010679 0.000000 0.009253 0.000000 
 0.010691 0.000000 0.009264 0.000000 
 0.010703 0.000000 0.009276 0.000000 
 0.010716 0.000000 0.009288 0.000000 
 0.010728 0.000000 0.009300 0.000000 
 0.010740 0.000000 0.009312 0.000000 
 0.010753 0.000000 0.009323 0.000000 
 0.010765 0.000000 0.009335 0.000000 
 0.010777 0.000000 0.009347 0.000000 
 0.010790 0.000000 0.009359 0.000000 
 0.010802 0.000000 0.009370 0.000000 
 0.010814 0.000000 0.009382 0.000000 
 0.010827 0.000011 0.009394 0.000000 
 0.010839 0.000000 0.009406 0.000000 
 0.010851 0.000011 0.009418 0.000000 
 0.010863 0.000000 0.009429 0.000011 
 0.010876 0.000000 0.009441 0.000000 
 0.010888 0.000000 0.009453 0.000000 
 0.010900 0.000000 0.009465 0.000000 
 0.010913 0.000000 0.009476 0.000000 
 0.010925 0.000000 0.009488 0.000000 
 0.010937 0.000000 0.009500 0.000000 
 0.010950 0.000000 0.009512 0.000000 
 0.010962 0.000000 0.009523 0.000000 
 0.010974 0.000000 0.009535 0.000000 
 0.010987 0.000000 0.009547 0.000000 
 0.010999 0.000000 0.009559 0.000000 
 0.011011 0.000011 0.009571 0.000000 
 0.011023 0.000000 0.009582 0.000000 
 0.011036 0.000000 0.009594 0.000000 
 0.011048 0.000000 0.009606 0.000000 
 0.011060 0.000000 0.009618 0.000000 
 0.011073 0.000000 0.009629 0.000000 
 0.011085 0.000000 0.009641 0.000000 
 0.011097 0.000000 0.009653 0.000000 
 0.011110 0.000000 0.009665 0.000000 
 0.011122 0.000000 0.009676 0.000000 
 0.011134 0.000000 0.009688 0.000000 
 0.011147 0.000000 0.009700 0.000000 
 0.011159 0.000000 0.009712 0.000000 
 0.011171 0.000000 0.009724 0.000000 
 0.011184 0.000000 0.009735 0.000000 
 0.011196 0.000000 0.009747 0.000000 
 0.011208 0.000000 0.009759 0.000000 
 0.011220 0.000000 0.009771 0.000000 
 0.011233 0.000000 0.009782 0.000000 
 0.011245 0.000000 0.009794 0.000000 
 0.011257 0.000000 0.009806 0.000000 
 0.011270 0.000000 0.009818 0.000000 
 0.011282 0.000000 0.009830 0.000000 
 0.011294 0.000000 0.009841 0.000000 
 0.011307 0.000000 0.009853 0.000000 
 0.011319 0.000000 0.009865 0.000000 
 0.011331 0.000000 0.009877 0.000000 
 0.011344 0.000000 0.009888 0.000000 
 0.011356 0.000000 0.009900 0.000000 
 0.011368 0.000011 0.009912 0.000000 
 0.011380 0.000000 0.009924 0.000000 
 0.011393 0.000000 0.009935 0.000000 
 0.011405 0.000011 0.009947 0.000011 
 0.011417 0.000000 0.009959 0.000000 
 0.011430 0.000000 0.009971 0.000000 
 0.011442 0.000000 0.009983 0.000000 
 0.011454 0.000000 0.009994 0.000000 
 0.011467 0.000000 0.010006 0.000000 
 0.011479 0.000000 0.010018 0.000000 
 0.011491 0.000000 0.010030 0.000000 
 0.011504 0.000000 0.010041 0.000000 
 0.011516 0.000011 0.010053 0.000000 
 0.011528 0.000000 0.010065 0.000000 
 0.011541 0.000000 0.010077 0.000000 
 0.011553 0.000000 0.010088 0.000000 
 0.011565 0.000000 0.010100 0.000011 
 0.011577 0.000000 0.010112 0.000000 
 0.011590 0.000000 0.010124 0.000000 
 0.011602 0.000000 0.010136 0.000000 
 0.011614 0.000011 0.010147 0.000000 
 0.011627 0.000000 0.010159 0.000000 
 0.011639 0.000000 0.010171 0.000000 
 0.011651 0.000000 0.010183 0.000000 
 0.011664 0.000000 0.010194 0.000000 
 0.011676 0.000000 0.010206 0.000000 
 0.011688 0.000000 0.010218 0.000000 
 0.011701 0.000000 0.010230 0.000000 
 0.011713 0.000000 0.010242 0.000000 
 0.011725 0.000000 0.010253 0.000000 
 0.011738 0.000000 0.010265 0.000000 
 0.011750 0.000000 0.010277 0.000000 
 0.011762 0.000000 0.010289 0.000000 
 0.011774 0.000000 0.010300 0.000000 
 0.011787 0.000000 0.010312 0.000000 
 0.011799 0.000000 0.010324 0.000000 
 0.011811 0.000000 0.010336 0.000000 
 0.011824 0.000000 0.010347 0.000000 
 0.011836 0.000000 0.010359 0.000000 
 0.011848 0.000000 0.010371 0.000000 
 0.011861 0.000000 0.010383 0.000000 
 0.011873 0.000000 0.010395 0.000000 
 0.011885 0.000000 0.010406 0.000011 
 0.011898 0.000000 0.010418 0.000000 
 0.011910 0.000000 0.010430 0.000000 
 0.011922 0.000000 0.010442 0.000000 
 0.011934 0.000000 0.010453 0.000000 
 0.011947 0.000000 0.010465 0.000000 
 0.011959 0.000000 0.010477 0.000000 
 0.011971 0.000000 0.010489 0.000000 
 0.011984 0.000000 0.010500 0.000000 
 0.011996 0.000000 0.010512 0.000000 
 0.012008 0.000000 0.010524 0.000000 
 0.012021 0.000000 0.010536 0.000000 
 0.012033 0.000000 0.010548 0.000000 
 0.012045 0.000000 0.010559 0.000011 
 0.012058 0.000000 0.010571 0.000000 
 0.012070 0.000000 0.010583 0.000000 
 0.012082 0.000000 0.010595 0.000000 
 0.012095 0.000000 0.010606 0.000000 
 0.012107 0.000000 0.010618 0.000000 
 0.012119 0.000000 0.010630 0.000000 
 0.012131 0.000000 0.010642 0.000000 
 0.012144 0.000000 0.010653 0.000000 
 0.012156 0.000000 0.010665 0.000000 
 0.012168 0.000000 0.010677 0.000000 
 0.012181 0.000000 0.010689 0.000000 
 0.012193 0.000000 0.010701 0.000000 
 0.012205 0.000000 0.010712 0.000000 
 0.012218 0.000000 0.010724 0.000000 
 0.012230 0.000000 0.010736 0.000011 
 0.012242 0.000000 0.010748 0.000000 
 0.012255 0.000000 0.010759 0.000000 
 0.012267 0.000000 0.010771 0.000000 
 0.012279 0.000000 0.010783 0.000000 
 0.012291 0.000000 0.010795 0.000000 
 0.012304 0.000000 0.010807 0.000000 
 0.012316 0.000000 0.010818 0.000000 
 0.012328 0.000000 0.010830 0.000000 
 0.012341 0.000000 0.010842 0.000000 
 0.012353 0.000000 0.010854 0.000000 
 0.012365 0.000000 0.010865 0.000000 
 0.012378 0.000000 0.010877 0.000000 
 0.012390 0.000000 0.010889 0.000000 
 0.012402 0.000000 0.010901 0.000000 
 0.012415 0.000000 0.010912 0.000000 
 0.012427 0.000000 0.010924 0.000000 
 0.012439 0.000000 0.010936 0.000000 
 0.012452 0.000000 0.010948 0.000000 
 0.012464 0.000000 0.010960 0.000000 
 0.012476 0.000000 0.010971 0.000000 
 0.012488 0.000000 0.010983 0.000000 
 0.012501 0.000000 0.010995 0.000000 
 0.012513 0.000000 0.011007 0.000000 
 0.012525 0.000000 0.011018 0.000000 
 0.012538 0.000000 0.011030 0.000000 
 0.012550 0.000000 0.011042 0.000011 
 0.012562 0.000000 0.011054 0.000000 
 0.012575 0.000000 0.011065 0.000000 
 0.012587 0.000000 0.011077 0.000011 
 0.012599 0.000000 0.011089 0.000000 
 0.012612 0.000000 0.011101 0.000000 
 0.012624 0.000000 0.011113 0.000000 
 0.012636 0.000000 0.011124 0.000000 
 0.012648 0.000000 0.011136 0.000000 
 0.012661 0.000000 0.011148 0.000000 
 0.012673 0.000000 0.011160 0.000000 
 0.012685 0.000000 0.011171 0.000000 
 0.012698 0.000011 0.011183 0.000000 
 0.012710 0.000000 0.011195 0.000000 
 0.012722 0.000000 0.011207 0.000000 
 0.012735 0.000000 0.011219 0.000000 
 0.012747 0.000000 0.011230 0.000000 
 0.012759 0.000000 0.011242 0.000000 
 0.012772 0.000000 0.011254 0.000000 
 0.012784 0.000000 0.011266 0.000000 
 0.012796 0.000000 0.011277 0.000000 
 0.012809 0.000000 0.011289 0.000000 
 0.012821 0.000000 0.011301 0.000000 
 0.012833 0.000000 0.011313 0.000000 
 0.012845 0.000000 0.011324 0.000000 
 0.012858 0.000000 0.011336 0.000000 
 0.012870 0.000000 0.011348 0.000011 
 0.012882 0.000000 0.011360 0.000000 
 0.012895 0.000000 0.011372 0.000000 
 0.012907 0.000000 0.011383 0.000000 
 0.012919 0.000000 0.011395 0.000011 
 0.012932 0.000000 0.011407 0.000000 
 0.012944 0.000000 0.011419 0.000000 
 0.012956 0.000000 0.011430 0.000000 
 0.012969 0.000000 0.011442 0.000000 
 0.012981 0.000000 0.011454 0.000000 
 0.012993 0.000000 0.011466 0.000000 
 0.013005 0.000000 0.011477 0.000000 
 0.013018 0.000000 0.011489 0.000000 
 0.013030 0.000000 0.011501 0.000000 
 0.013042 0.000000 0.011513 0.000000 
 0.013055 0.000000 0.011525 0.000000 
 0.013067 0.000000 0.011536 0.000000 
 0.013079 0.000000 0.011548 0.000000 
 0.013092 0.000000 0.011560 0.000000 
 0.013104 0.000000 0.011572 0.000000 
 0.013116 0.000000 0.011583 0.000000 
 0.013129 0.000000 0.011595 0.000000 
 0.013141 0.000000 0.011607 0.000000 
 0.013153 0.000011 0.011619 0.000000 
 0.013166 0.000000 0.011630 0.000000 
 0.013178 0.000000 0.011642 0.000000 
 0.013190 0.000000 0.011654 0.000000 
 0.013202 0.000000 0.011666 0.000000 
 0.013215 0.000000 0.011678 0.000000 
 0.013227 0.000000 0.011689 0.000000 
 0.013239 0.000000 0.011701 0.000000 
 0.013252 0.000000 0.011713 0.000000 
 0.013264 0.000000 0.011725 0.000000 
 0.013276 0.000000 0.011736 0.000011 
 0.013289 0.000000 0.011748 0.000000 
 0.013301 0.000000 0.011760 0.000011 
