#rbin[i] Nr[i] lbin[i] Nl[i]
 0.000848 0.000033 0.000002 0.000820 
 0.000886 0.000044 0.000041 0.002110 
 0.000923 0.000044 0.000080 0.003499 
 0.000961 0.000164 0.000119 0.003937 
 0.000999 0.001312 0.000158 0.003980 
 0.001036 0.002493 0.000197 0.004549 
 0.001074 0.003882 0.000236 0.005085 
 0.001111 0.004713 0.000275 0.004910 
 0.001149 0.004527 0.000314 0.005544 
 0.001187 0.005468 0.000353 0.005063 
 0.001224 0.005511 0.000392 0.005675 
 0.001262 0.005632 0.000431 0.005216 
 0.001299 0.005643 0.000470 0.005413 
 0.001337 0.005675 0.000509 0.005664 
 0.001375 0.005653 0.000548 0.005763 
 0.001412 0.005774 0.000587 0.005992 
 0.001450 0.005883 0.000626 0.005982 
 0.001487 0.005293 0.000665 0.006277 
 0.001525 0.005883 0.000704 0.005905 
 0.001562 0.005282 0.000743 0.005872 
 0.001600 0.005653 0.000782 0.005938 
 0.001638 0.004986 0.000821 0.006397 
 0.001675 0.004735 0.000860 0.006889 
 0.001713 0.003948 0.000899 0.006331 
 0.001750 0.003456 0.000938 0.006528 
 0.001788 0.003412 0.000977 0.006933 
 0.001826 0.002592 0.001016 0.007414 
 0.001863 0.002384 0.001055 0.007403 
 0.001901 0.002110 0.001094 0.007622 
 0.001938 0.002067 0.001133 0.007600 
 0.001976 0.001771 0.001172 0.007556 
 0.002014 0.001575 0.001211 0.007436 
 0.002051 0.001476 0.001250 0.007152 
 0.002089 0.001378 0.001289 0.007381 
 0.002126 0.001137 0.001328 0.006692 
 0.002164 0.001433 0.001367 0.006670 
 0.002201 0.001334 0.001406 0.006539 
 0.002239 0.001389 0.001445 0.006780 
 0.002277 0.001345 0.001484 0.006638 
 0.002314 0.001159 0.001523 0.006091 
 0.002352 0.001389 0.001562 0.005686 
 0.002389 0.001378 0.001601 0.005960 
 0.002427 0.001268 0.001640 0.005325 
 0.002465 0.001487 0.001679 0.005774 
 0.002502 0.001323 0.001718 0.005457 
 0.002540 0.001597 0.001757 0.004866 
 0.002577 0.001739 0.001796 0.004888 
 0.002615 0.001793 0.001835 0.004768 
 0.002653 0.001782 0.001874 0.004986 
 0.002690 0.002231 0.001913 0.004637 
 0.002728 0.002603 0.001952 0.004385 
 0.002765 0.002920 0.001991 0.004997 
 0.002803 0.002898 0.002030 0.004866 
 0.002840 0.003346 0.002069 0.004888 
 0.002878 0.004177 0.002108 0.004604 
 0.002916 0.004341 0.002147 0.004385 
 0.002953 0.005850 0.002186 0.004943 
 0.002991 0.006813 0.002225 0.004604 
 0.003028 0.008912 0.002264 0.004976 
 0.003066 0.010345 0.002303 0.005369 
 0.003104 0.012061 0.002342 0.005074 
 0.003141 0.013581 0.002381 0.004801 
 0.003179 0.015451 0.002420 0.005118 
 0.003216 0.016108 0.002459 0.005653 
 0.003254 0.016764 0.002498 0.005227 
 0.003292 0.017026 0.002537 0.005522 
 0.003329 0.016665 0.002576 0.005336 
 0.003367 0.016490 0.002615 0.005369 
 0.003404 0.015189 0.002654 0.005522 
 0.003442 0.014817 0.002693 0.005807 
 0.003480 0.014456 0.002732 0.005621 
 0.003517 0.013144 0.002771 0.006091 
 0.003555 0.013494 0.002810 0.006091 
 0.003592 0.012171 0.002849 0.006157 
 0.003630 0.011876 0.002888 0.006495 
 0.003667 0.011635 0.002927 0.006878 
 0.003705 0.010170 0.002966 0.006430 
 0.003743 0.009896 0.003005 0.007523 
 0.003780 0.009240 0.003043 0.007622 
 0.003818 0.008912 0.003082 0.008387 
 0.003855 0.008311 0.003121 0.007698 
 0.003893 0.007676 0.003160 0.008311 
 0.003931 0.006999 0.003199 0.007884 
 0.003968 0.006791 0.003238 0.007327 
 0.004006 0.006167 0.003277 0.007370 
 0.004043 0.005643 0.003316 0.006802 
 0.004081 0.005347 0.003355 0.006550 
 0.004119 0.004790 0.003394 0.005916 
 0.004156 0.004451 0.003433 0.005719 
 0.004194 0.004483 0.003472 0.005446 
 0.004231 0.003685 0.003511 0.004866 
 0.004269 0.003740 0.003550 0.004669 
 0.004306 0.002898 0.003589 0.004637 
 0.004344 0.003368 0.003628 0.004068 
 0.004382 0.002985 0.003667 0.003795 
 0.004419 0.002734 0.003706 0.003456 
 0.004457 0.002614 0.003745 0.003849 
 0.004494 0.002624 0.003784 0.003554 
 0.004532 0.002285 0.003823 0.003007 
 0.004570 0.002373 0.003862 0.003226 
 0.004607 0.002275 0.003901 0.002657 
 0.004645 0.002045 0.003940 0.002417 
 0.004682 0.002176 0.003979 0.002373 
 0.004720 0.002165 0.004018 0.002067 
 0.004758 0.002143 0.004057 0.001870 
 0.004795 0.001881 0.004096 0.001793 
 0.004833 0.001739 0.004135 0.001859 
 0.004870 0.001925 0.004174 0.001684 
 0.004908 0.001925 0.004213 0.001673 
 0.004946 0.001782 0.004252 0.001618 
 0.004983 0.001597 0.004291 0.001509 
 0.005021 0.001673 0.004330 0.001400 
 0.005058 0.001640 0.004369 0.001192 
 0.005096 0.001629 0.004408 0.001115 
 0.005133 0.001301 0.004447 0.001378 
 0.005171 0.001433 0.004486 0.001236 
 0.005209 0.001203 0.004525 0.001312 
 0.005246 0.001279 0.004564 0.001181 
 0.005284 0.001159 0.004603 0.000962 
 0.005321 0.001126 0.004642 0.001225 
 0.005359 0.000962 0.004681 0.001148 
 0.005397 0.001159 0.004720 0.001181 
 0.005434 0.000776 0.004759 0.001039 
 0.005472 0.000733 0.004798 0.000951 
 0.005509 0.000711 0.004837 0.000831 
 0.005547 0.000733 0.004876 0.000875 
 0.005585 0.000798 0.004915 0.000940 
 0.005622 0.000580 0.004954 0.000842 
 0.005660 0.000536 0.004993 0.000875 
 0.005697 0.000405 0.005032 0.000929 
 0.005735 0.000350 0.005071 0.000733 
 0.005772 0.000350 0.005110 0.000755 
 0.005810 0.000394 0.005149 0.000853 
 0.005848 0.000383 0.005188 0.000776 
 0.005885 0.000306 0.005227 0.000755 
 0.005923 0.000383 0.005266 0.000711 
 0.005960 0.000361 0.005305 0.000634 
 0.005998 0.000372 0.005344 0.000678 
 0.006036 0.000361 0.005383 0.000656 
 0.006073 0.000372 0.005422 0.000634 
 0.006111 0.000306 0.005461 0.000733 
 0.006148 0.000295 0.005500 0.000590 
 0.006186 0.000350 0.005539 0.000558 
 0.006224 0.000372 0.005578 0.000437 
 0.006261 0.000284 0.005617 0.000536 
 0.006299 0.000328 0.005656 0.000634 
 0.006336 0.000503 0.005695 0.000558 
 0.006374 0.000383 0.005734 0.000569 
 0.006411 0.000273 0.005773 0.000470 
 0.006449 0.000306 0.005812 0.000547 
 0.006487 0.000350 0.005851 0.000656 
 0.006524 0.000394 0.005890 0.000700 
 0.006562 0.000252 0.005929 0.000492 
 0.006599 0.000262 0.005968 0.000558 
 0.006637 0.000328 0.006007 0.000580 
 0.006675 0.000372 0.006046 0.000558 
 0.006712 0.000317 0.006085 0.000481 
 0.006750 0.000470 0.006124 0.000503 
 0.006787 0.000350 0.006163 0.000634 
 0.006825 0.000426 0.006202 0.000580 
 0.006863 0.000426 0.006241 0.000656 
 0.006900 0.000459 0.006280 0.000590 
 0.006938 0.000372 0.006319 0.000689 
 0.006975 0.000350 0.006358 0.000580 
 0.007013 0.000426 0.006397 0.000656 
 0.007051 0.000197 0.006436 0.000667 
 0.007088 0.000328 0.006475 0.000612 
 0.007126 0.000558 0.006514 0.000503 
 0.007163 0.000361 0.006553 0.000667 
 0.007201 0.000273 0.006592 0.000700 
 0.007238 0.000372 0.006631 0.000612 
 0.007276 0.000252 0.006670 0.000656 
 0.007314 0.000394 0.006709 0.000667 
 0.007351 0.000547 0.006748 0.000689 
 0.007389 0.000394 0.006787 0.000448 
 0.007426 0.000295 0.006826 0.000667 
 0.007464 0.000339 0.006865 0.000470 
 0.007502 0.000394 0.006904 0.000711 
 0.007539 0.000426 0.006943 0.000459 
 0.007577 0.000262 0.006982 0.000700 
 0.007614 0.000394 0.007021 0.000580 
 0.007652 0.000350 0.007060 0.000558 
 0.007690 0.000339 0.007099 0.000678 
 0.007727 0.000317 0.007138 0.000361 
 0.007765 0.000372 0.007177 0.000623 
 0.007802 0.000317 0.007216 0.000667 
 0.007840 0.000372 0.007255 0.000558 
 0.007877 0.000262 0.007294 0.000503 
 0.007915 0.000230 0.007333 0.000525 
 0.007953 0.000317 0.007372 0.000765 
 0.007990 0.000426 0.007411 0.000612 
 0.008028 0.000437 0.007450 0.000656 
 0.008065 0.000383 0.007489 0.000634 
 0.008103 0.000383 0.007528 0.000623 
 0.008141 0.000361 0.007567 0.000722 
 0.008178 0.000350 0.007606 0.000580 
 0.008216 0.000361 0.007645 0.000623 
 0.008253 0.000273 0.007684 0.000634 
 0.008291 0.000306 0.007723 0.000558 
 0.008329 0.000416 0.007762 0.000689 
 0.008366 0.000284 0.007801 0.000448 
 0.008404 0.000372 0.007840 0.000558 
 0.008441 0.000416 0.007879 0.000733 
 0.008479 0.000339 0.007918 0.000645 
 0.008516 0.000273 0.007957 0.000744 
 0.008554 0.000503 0.007996 0.000689 
 0.008592 0.000284 0.008035 0.000448 
 0.008629 0.000317 0.008074 0.000470 
 0.008667 0.000383 0.008113 0.000536 
 0.008704 0.000328 0.008152 0.000634 
 0.008742 0.000448 0.008191 0.000525 
 0.008780 0.000459 0.008230 0.000470 
 0.008817 0.000492 0.008269 0.000580 
 0.008855 0.000361 0.008308 0.000558 
 0.008892 0.000405 0.008347 0.000536 
 0.008930 0.000306 0.008386 0.000470 
 0.008968 0.000339 0.008425 0.000481 
 0.009005 0.000361 0.008464 0.000525 
 0.009043 0.000328 0.008503 0.000514 
 0.009080 0.000405 0.008542 0.000601 
 0.009118 0.000459 0.008581 0.000514 
 0.009156 0.000383 0.008620 0.000569 
 0.009193 0.000492 0.008659 0.000514 
 0.009231 0.000295 0.008698 0.000569 
 0.009268 0.000339 0.008737 0.000503 
 0.009306 0.000252 0.008776 0.000590 
 0.009343 0.000361 0.008815 0.000744 
 0.009381 0.000252 0.008854 0.000634 
 0.009419 0.000350 0.008893 0.000569 
 0.009456 0.000339 0.008932 0.000558 
 0.009494 0.000416 0.008971 0.000634 
 0.009531 0.000350 0.009010 0.000744 
 0.009569 0.000339 0.009049 0.000547 
 0.009607 0.000295 0.009088 0.000590 
 0.009644 0.000383 0.009127 0.000569 
 0.009682 0.000306 0.009166 0.000470 
 0.009719 0.000372 0.009205 0.000459 
 0.009757 0.000306 0.009244 0.000525 
 0.009795 0.000350 0.009283 0.000580 
 0.009832 0.000295 0.009322 0.000470 
 0.009870 0.000426 0.009361 0.000481 
 0.009907 0.000383 0.009400 0.000744 
 0.009945 0.000416 0.009439 0.000733 
 0.009982 0.000372 0.009478 0.000689 
 0.010020 0.000361 0.009517 0.000634 
 0.010058 0.000295 0.009556 0.000656 
 0.010095 0.000383 0.009595 0.000700 
 0.010133 0.000394 0.009634 0.000667 
 0.010170 0.000339 0.009673 0.000536 
 0.010208 0.000295 0.009712 0.000536 
 0.010246 0.000339 0.009751 0.000536 
 0.010283 0.000448 0.009790 0.000481 
 0.010321 0.000295 0.009829 0.000569 
 0.010358 0.000273 0.009868 0.000689 
 0.010396 0.000416 0.009907 0.000678 
 0.010434 0.000416 0.009946 0.000536 
 0.010471 0.000514 0.009985 0.000481 
 0.010509 0.000306 0.010024 0.000448 
 0.010546 0.000306 0.010063 0.000416 
 0.010584 0.000372 0.010102 0.000601 
 0.010622 0.000328 0.010141 0.000536 
 0.010659 0.000448 0.010180 0.000536 
 0.010697 0.000416 0.010219 0.000569 
 0.010734 0.000448 0.010258 0.000503 
 0.010772 0.000306 0.010297 0.000481 
 0.010809 0.000339 0.010336 0.000634 
 0.010847 0.000547 0.010375 0.000580 
 0.010885 0.000306 0.010414 0.000459 
 0.010922 0.000481 0.010453 0.000722 
 0.010960 0.000394 0.010492 0.000470 
 0.010997 0.000339 0.010531 0.000711 
 0.011035 0.000317 0.010569 0.000656 
 0.011073 0.000339 0.010608 0.000700 
 0.011110 0.000459 0.010647 0.000558 
 0.011148 0.000339 0.010686 0.000590 
 0.011185 0.000328 0.010725 0.000448 
 0.011223 0.000405 0.010764 0.000514 
 0.011261 0.000350 0.010803 0.000569 
 0.011298 0.000437 0.010842 0.000525 
 0.011336 0.000350 0.010881 0.000569 
 0.011373 0.000437 0.010920 0.000678 
 0.011411 0.000503 0.010959 0.000547 
 0.011448 0.000448 0.010998 0.000547 
 0.011486 0.000339 0.011037 0.000558 
 0.011524 0.000262 0.011076 0.000547 
 0.011561 0.000372 0.011115 0.000580 
 0.011599 0.000339 0.011154 0.000448 
 0.011636 0.000328 0.011193 0.000547 
 0.011674 0.000372 0.011232 0.000426 
 0.011712 0.000350 0.011271 0.000678 
 0.011749 0.000361 0.011310 0.000525 
 0.011787 0.000262 0.011349 0.000623 
 0.011824 0.000295 0.011388 0.000590 
 0.011862 0.000426 0.011427 0.000470 
 0.011900 0.000383 0.011466 0.000514 
 0.011937 0.000437 0.011505 0.000558 
 0.011975 0.000372 0.011544 0.000547 
 0.012012 0.000394 0.011583 0.000623 
 0.012050 0.000317 0.011622 0.000536 
 0.012087 0.000405 0.011661 0.000580 
 0.012125 0.000361 0.011700 0.000678 
 0.012163 0.000383 0.011739 0.000547 
 0.012200 0.000328 0.011778 0.000700 
 0.012238 0.000241 0.011817 0.000525 
 0.012275 0.000328 0.011856 0.000525 
 0.012313 0.000339 0.011895 0.000536 
 0.012351 0.000481 0.011934 0.000492 
 0.012388 0.000547 0.011973 0.000634 
 0.012426 0.000241 0.012012 0.000711 
 0.012463 0.000295 0.012051 0.000448 
 0.012501 0.000416 0.012090 0.000437 
 0.012539 0.000284 0.012129 0.000514 
 0.012576 0.000317 0.012168 0.000645 
 0.012614 0.000437 0.012207 0.000645 
 0.012651 0.000448 0.012246 0.000590 
 0.012689 0.000361 0.012285 0.000634 
 0.012727 0.000361 0.012324 0.000437 
 0.012764 0.000437 0.012363 0.000678 
 0.012802 0.000503 0.012402 0.000459 
 0.012839 0.000394 0.012441 0.000481 
 0.012877 0.000361 0.012480 0.000503 
 0.012914 0.000273 0.012519 0.000558 
 0.012952 0.000481 0.012558 0.000634 
 0.012990 0.000503 0.012597 0.000558 
 0.013027 0.000459 0.012636 0.000700 
 0.013065 0.000416 0.012675 0.000580 
 0.013102 0.000361 0.012714 0.000284 
 0.013140 0.000394 0.012753 0.000590 
 0.013178 0.000339 0.012792 0.000547 
 0.013215 0.000361 0.012831 0.000744 
 0.013253 0.000339 0.012870 0.000547 
 0.013290 0.000383 0.012909 0.000667 
 0.013328 0.000437 0.012948 0.000525 
 0.013366 0.000317 0.012987 0.000689 
 0.013403 0.000328 0.013026 0.000601 
 0.013441 0.000437 0.013065 0.000580 
 0.013478 0.000470 0.013104 0.000590 
 0.013516 0.000503 0.013143 0.000481 
 0.013553 0.000361 0.013182 0.000525 
 0.013591 0.000295 0.013221 0.000448 
 0.013629 0.000350 0.013260 0.000514 
 0.013666 0.000372 0.013299 0.000580 
 0.013704 0.000459 0.013338 0.000558 
 0.013741 0.000383 0.013377 0.000503 
 0.013779 0.000317 0.013416 0.000448 
 0.013817 0.000361 0.013455 0.000569 
 0.013854 0.000514 0.013494 0.000590 
 0.013892 0.000394 0.013533 0.000448 
 0.013929 0.000339 0.013572 0.000656 
 0.013967 0.000394 0.013611 0.000634 
 0.014005 0.000284 0.013650 0.000514 
 0.014042 0.000426 0.013689 0.000416 
 0.014080 0.000448 0.013728 0.000558 
 0.014117 0.000295 0.013767 0.000426 
 0.014155 0.000361 0.013806 0.000590 
 0.014192 0.000437 0.013845 0.000317 
 0.014230 0.000459 0.013884 0.000580 
 0.014268 0.000361 0.013923 0.000558 
 0.014305 0.000252 0.013962 0.000667 
 0.014343 0.000284 0.014001 0.000470 
 0.014380 0.000426 0.014040 0.000525 
 0.014418 0.000437 0.014079 0.000678 
 0.014456 0.000361 0.014118 0.000470 
 0.014493 0.000405 0.014157 0.000645 
 0.014531 0.000459 0.014196 0.000547 
 0.014568 0.000372 0.014235 0.000645 
 0.014606 0.000295 0.014274 0.000645 
 0.014644 0.000525 0.014313 0.000656 
 0.014681 0.000448 0.014352 0.000558 
 0.014719 0.000252 0.014391 0.000601 
 0.014756 0.000339 0.014430 0.000492 
 0.014794 0.000405 0.014469 0.000558 
 0.014832 0.000383 0.014508 0.000503 
 0.014869 0.000350 0.014547 0.000612 
 0.014907 0.000459 0.014586 0.000525 
 0.014944 0.000394 0.014625 0.000514 
 0.014982 0.000394 0.014664 0.000514 
 0.015019 0.000361 0.014703 0.000547 
 0.015057 0.000405 0.014742 0.000459 
 0.015095 0.000503 0.014781 0.000514 
 0.015132 0.000295 0.014820 0.000590 
 0.015170 0.000459 0.014859 0.000678 
 0.015207 0.000437 0.014898 0.000448 
 0.015245 0.000448 0.014937 0.000590 
 0.015283 0.000383 0.014976 0.000645 
 0.015320 0.000601 0.015015 0.000437 
 0.015358 0.000426 0.015054 0.000590 
 0.015395 0.000339 0.015093 0.000733 
 0.015433 0.000470 0.015132 0.000481 
 0.015471 0.000317 0.015171 0.000569 
 0.015508 0.000361 0.015210 0.000667 
 0.015546 0.000492 0.015249 0.000722 
 0.015583 0.000295 0.015288 0.000536 
 0.015621 0.000350 0.015327 0.000580 
 0.015658 0.000426 0.015366 0.000601 
 0.015696 0.000426 0.015405 0.000536 
 0.015734 0.000437 0.015444 0.000514 
 0.015771 0.000470 0.015483 0.000525 
 0.015809 0.000426 0.015522 0.000525 
 0.015846 0.000372 0.015561 0.000569 
 0.015884 0.000448 0.015600 0.000678 
 0.015922 0.000437 0.015639 0.000481 
 0.015959 0.000383 0.015678 0.000558 
 0.015997 0.000394 0.015717 0.000623 
 0.016034 0.000317 0.015756 0.000525 
 0.016072 0.000416 0.015795 0.000612 
 0.016110 0.000361 0.015834 0.000601 
 0.016147 0.000514 0.015873 0.000492 
 0.016185 0.000416 0.015912 0.000547 
 0.016222 0.000273 0.015951 0.000514 
 0.016260 0.000394 0.015990 0.000634 
 0.016297 0.000426 0.016029 0.000503 
 0.016335 0.000339 0.016068 0.000437 
 0.016373 0.000252 0.016107 0.000514 
 0.016410 0.000361 0.016146 0.000612 
 0.016448 0.000350 0.016185 0.000481 
 0.016485 0.000470 0.016224 0.000470 
 0.016523 0.000437 0.016263 0.000536 
 0.016561 0.000437 0.016302 0.000503 
 0.016598 0.000459 0.016341 0.000536 
 0.016636 0.000383 0.016380 0.000514 
 0.016673 0.000437 0.016419 0.000481 
 0.016711 0.000481 0.016458 0.000448 
 0.016749 0.000459 0.016497 0.000383 
 0.016786 0.000448 0.016536 0.000558 
 0.016824 0.000394 0.016575 0.000514 
 0.016861 0.000426 0.016614 0.000514 
 0.016899 0.000426 0.016653 0.000536 
 0.016937 0.000437 0.016692 0.000536 
 0.016974 0.000339 0.016731 0.000601 
 0.017012 0.000536 0.016770 0.000656 
 0.017049 0.000372 0.016809 0.000580 
 0.017087 0.000426 0.016848 0.000569 
 0.017124 0.000284 0.016887 0.000569 
 0.017162 0.000503 0.016926 0.000437 
 0.017200 0.000372 0.016965 0.000711 
 0.017237 0.000525 0.017004 0.000514 
 0.017275 0.000405 0.017043 0.000492 
 0.017312 0.000372 0.017082 0.000744 
 0.017350 0.000448 0.017121 0.000590 
 0.017388 0.000394 0.017160 0.000558 
 0.017425 0.000437 0.017199 0.000525 
 0.017463 0.000448 0.017238 0.000525 
 0.017500 0.000317 0.017277 0.000503 
 0.017538 0.000470 0.017316 0.000514 
 0.017576 0.000361 0.017355 0.000623 
 0.017613 0.000459 0.017394 0.000514 
 0.017651 0.000394 0.017433 0.000426 
 0.017688 0.000470 0.017472 0.000733 
 0.017726 0.000394 0.017511 0.000383 
 0.017763 0.000405 0.017550 0.000634 
 0.017801 0.000350 0.017589 0.000536 
 0.017839 0.000558 0.017628 0.000558 
 0.017876 0.000503 0.017667 0.000580 
 0.017914 0.000372 0.017706 0.000558 
 0.017951 0.000536 0.017745 0.000492 
 0.017989 0.000328 0.017784 0.000525 
 0.018027 0.000536 0.017823 0.000416 
 0.018064 0.000536 0.017862 0.000514 
 0.018102 0.000306 0.017901 0.000700 
 0.018139 0.000383 0.017940 0.000525 
 0.018177 0.000536 0.017979 0.000634 
 0.018215 0.000547 0.018018 0.000394 
 0.018252 0.000514 0.018056 0.000601 
 0.018290 0.000448 0.018095 0.000558 
 0.018327 0.000459 0.018134 0.000612 
 0.018365 0.000394 0.018173 0.000437 
 0.018403 0.000459 0.018212 0.000394 
 0.018440 0.000383 0.018251 0.000437 
 0.018478 0.000426 0.018290 0.000416 
 0.018515 0.000525 0.018329 0.000601 
 0.018553 0.000361 0.018368 0.000580 
 0.018590 0.000394 0.018407 0.000547 
 0.018628 0.000470 0.018446 0.000612 
 0.018666 0.000394 0.018485 0.000350 
 0.018703 0.000558 0.018524 0.000514 
 0.018741 0.000394 0.018563 0.000514 
 0.018778 0.000426 0.018602 0.000503 
 0.018816 0.000394 0.018641 0.000503 
 0.018854 0.000328 0.018680 0.000503 
 0.018891 0.000525 0.018719 0.000634 
 0.018929 0.000503 0.018758 0.000558 
 0.018966 0.000448 0.018797 0.000514 
 0.019004 0.000339 0.018836 0.000536 
 0.019042 0.000481 0.018875 0.000448 
 0.019079 0.000481 0.018914 0.000481 
 0.019117 0.000361 0.018953 0.000481 
 0.019154 0.000394 0.018992 0.000667 
 0.019192 0.000492 0.019031 0.000437 
 0.019229 0.000481 0.019070 0.000689 
 0.019267 0.000492 0.019109 0.000536 
 0.019305 0.000536 0.019148 0.000503 
 0.019342 0.000481 0.019187 0.000590 
 0.019380 0.000426 0.019226 0.000514 
 0.019417 0.000437 0.019265 0.000634 
 0.019455 0.000492 0.019304 0.000514 
 0.019493 0.000448 0.019343 0.000645 
 0.019530 0.000405 0.019382 0.000394 
 0.019568 0.000383 0.019421 0.000547 
 0.019605 0.000405 0.019460 0.000536 
 0.019643 0.000426 0.019499 0.000492 
 0.019681 0.000426 0.019538 0.000514 
 0.019718 0.000492 0.019577 0.000623 
 0.019756 0.000416 0.019616 0.000514 
 0.019793 0.000448 0.019655 0.000580 
 0.019831 0.000514 0.019694 0.000590 
 0.019868 0.000361 0.019733 0.000656 
 0.019906 0.000470 0.019772 0.000503 
 0.019944 0.000394 0.019811 0.000514 
 0.019981 0.000590 0.019850 0.000470 
 0.020019 0.000503 0.019889 0.000514 
 0.020056 0.000437 0.019928 0.000612 
 0.020094 0.000416 0.019967 0.000525 
 0.020132 0.000470 0.020006 0.000558 
 0.020169 0.000481 0.020045 0.000525 
 0.020207 0.000448 0.020084 0.000459 
 0.020244 0.000514 0.020123 0.000514 
 0.020282 0.000361 0.020162 0.000590 
 0.020320 0.000426 0.020201 0.000503 
 0.020357 0.000514 0.020240 0.000372 
 0.020395 0.000394 0.020279 0.000536 
 0.020432 0.000405 0.020318 0.000569 
 0.020470 0.000470 0.020357 0.000525 
 0.020508 0.000426 0.020396 0.000590 
 0.020545 0.000405 0.020435 0.000492 
 0.020583 0.000361 0.020474 0.000492 
 0.020620 0.000383 0.020513 0.000536 
 0.020658 0.000350 0.020552 0.000459 
 0.020695 0.000416 0.020591 0.000481 
 0.020733 0.000383 0.020630 0.000601 
 0.020771 0.000361 0.020669 0.000481 
 0.020808 0.000405 0.020708 0.000492 
 0.020846 0.000525 0.020747 0.000394 
 0.020883 0.000394 0.020786 0.000645 
 0.020921 0.000394 0.020825 0.000481 
 0.020959 0.000492 0.020864 0.000558 
 0.020996 0.000383 0.020903 0.000514 
 0.021034 0.000437 0.020942 0.000437 
 0.021071 0.000492 0.020981 0.000383 
 0.021109 0.000339 0.021020 0.000569 
 0.021147 0.000372 0.021059 0.000590 
 0.021184 0.000623 0.021098 0.000514 
 0.021222 0.000470 0.021137 0.000470 
 0.021259 0.000394 0.021176 0.000448 
 0.021297 0.000514 0.021215 0.000525 
 0.021334 0.000416 0.021254 0.000372 
 0.021372 0.000547 0.021293 0.000547 
 0.021410 0.000536 0.021332 0.000470 
 0.021447 0.000514 0.021371 0.000612 
 0.021485 0.000470 0.021410 0.000459 
 0.021522 0.000383 0.021449 0.000470 
 0.021560 0.000547 0.021488 0.000547 
 0.021598 0.000459 0.021527 0.000536 
 0.021635 0.000503 0.021566 0.000590 
 0.021673 0.000426 0.021605 0.000590 
 0.021710 0.000481 0.021644 0.000437 
 0.021748 0.000481 0.021683 0.000536 
 0.021786 0.000492 0.021722 0.000558 
 0.021823 0.000514 0.021761 0.000492 
 0.021861 0.000426 0.021800 0.000448 
 0.021898 0.000448 0.021839 0.000689 
 0.021936 0.000416 0.021878 0.000558 
 0.021973 0.000426 0.021917 0.000437 
 0.022011 0.000601 0.021956 0.000547 
 0.022049 0.000547 0.021995 0.000372 
 0.022086 0.000569 0.022034 0.000448 
 0.022124 0.000514 0.022073 0.000437 
 0.022161 0.000525 0.022112 0.000623 
 0.022199 0.000405 0.022151 0.000558 
 0.022237 0.000558 0.022190 0.000437 
 0.022274 0.000361 0.022229 0.000547 
 0.022312 0.000514 0.022268 0.000416 
 0.022349 0.000437 0.022307 0.000514 
 0.022387 0.000405 0.022346 0.000558 
 0.022425 0.000416 0.022385 0.000394 
 0.022462 0.000514 0.022424 0.000448 
 0.022500 0.000405 0.022463 0.000558 
 0.022537 0.000536 0.022502 0.000558 
 0.022575 0.000470 0.022541 0.000547 
 0.022613 0.000448 0.022580 0.000426 
 0.022650 0.000416 0.022619 0.000470 
 0.022688 0.000492 0.022658 0.000612 
 0.022725 0.000547 0.022697 0.000437 
 0.022763 0.000481 0.022736 0.000558 
 0.022800 0.000503 0.022775 0.000481 
 0.022838 0.000459 0.022814 0.000580 
 0.022876 0.000426 0.022853 0.000492 
 0.022913 0.000437 0.022892 0.000459 
 0.022951 0.000426 0.022931 0.000459 
 0.022988 0.000590 0.022970 0.000525 
 0.023026 0.000459 0.023009 0.000426 
 0.023064 0.000547 0.023048 0.000481 
 0.023101 0.000503 0.023087 0.000448 
 0.023139 0.000547 0.023126 0.000667 
 0.023176 0.000317 0.023165 0.000317 
 0.023214 0.000426 0.023204 0.000514 
 0.023252 0.000394 0.023243 0.000437 
 0.023289 0.000492 0.023282 0.000492 
 0.023327 0.000492 0.023321 0.000448 
 0.023364 0.000416 0.023360 0.000569 
 0.023402 0.000416 0.023399 0.000437 
 0.023439 0.000383 0.023438 0.000405 
 0.023477 0.000558 0.023477 0.000448 
 0.023515 0.000525 0.023516 0.000547 
 0.023552 0.000569 0.023555 0.000558 
 0.023590 0.000426 0.023594 0.000525 
 0.023627 0.000437 0.023633 0.000361 
 0.023665 0.000536 0.023672 0.000503 
 0.023703 0.000426 0.023711 0.000580 
 0.023740 0.000481 0.023750 0.000394 
 0.023778 0.000503 0.023789 0.000580 
 0.023815 0.000383 0.023828 0.000339 
 0.023853 0.000437 0.023867 0.000580 
 0.023891 0.000612 0.023906 0.000372 
 0.023928 0.000405 0.023945 0.000372 
 0.023966 0.000459 0.023984 0.000580 
 0.024003 0.000459 0.024023 0.000470 
 0.024041 0.000448 0.024062 0.000426 
 0.024079 0.000481 0.024101 0.000426 
 0.024116 0.000514 0.024140 0.000547 
 0.024154 0.000350 0.024179 0.000492 
 0.024191 0.000492 0.024218 0.000383 
 0.024229 0.000700 0.024257 0.000503 
 0.024266 0.000547 0.024296 0.000656 
 0.024304 0.000514 0.024335 0.000448 
 0.024342 0.000547 0.024374 0.000492 
 0.024379 0.000503 0.024413 0.000547 
 0.024417 0.000492 0.024452 0.000525 
 0.024454 0.000383 0.024491 0.000448 
 0.024492 0.000536 0.024530 0.000470 
 0.024530 0.000558 0.024569 0.000558 
 0.024567 0.000536 0.024608 0.000536 
 0.024605 0.000569 0.024647 0.000492 
 0.024642 0.000558 0.024686 0.000481 
 0.024680 0.000536 0.024725 0.000569 
 0.024718 0.000459 0.024764 0.000437 
 0.024755 0.000590 0.024803 0.000536 
 0.024793 0.000426 0.024842 0.000426 
 0.024830 0.000437 0.024881 0.000525 
 0.024868 0.000601 0.024920 0.000459 
 0.024905 0.000612 0.024959 0.000448 
 0.024943 0.000405 0.024998 0.000437 
 0.024981 0.000536 0.025037 0.000525 
 0.025018 0.000459 0.025076 0.000481 
 0.025056 0.000525 0.025115 0.000514 
 0.025093 0.000547 0.025154 0.000558 
 0.025131 0.000590 0.025193 0.000426 
 0.025169 0.000525 0.025232 0.000470 
 0.025206 0.000426 0.025271 0.000525 
 0.025244 0.000405 0.025310 0.000558 
 0.025281 0.000459 0.025349 0.000525 
 0.025319 0.000590 0.025388 0.000437 
 0.025357 0.000514 0.025427 0.000503 
 0.025394 0.000514 0.025466 0.000514 
 0.025432 0.000514 0.025505 0.000481 
 0.025469 0.000590 0.025544 0.000405 
 0.025507 0.000503 0.025582 0.000503 
 0.025544 0.000492 0.025621 0.000339 
 0.025582 0.000317 0.025660 0.000416 
 0.025620 0.000525 0.025699 0.000459 
 0.025657 0.000547 0.025738 0.000547 
 0.025695 0.000612 0.025777 0.000492 
 0.025732 0.000503 0.025816 0.000492 
 0.025770 0.000580 0.025855 0.000426 
 0.025808 0.000569 0.025894 0.000394 
 0.025845 0.000525 0.025933 0.000372 
 0.025883 0.000448 0.025972 0.000405 
 0.025920 0.000470 0.026011 0.000361 
 0.025958 0.000569 0.026050 0.000372 
 0.025996 0.000383 0.026089 0.000448 
 0.026033 0.000525 0.026128 0.000645 
 0.026071 0.000503 0.026167 0.000350 
 0.026108 0.000536 0.026206 0.000481 
 0.026146 0.000416 0.026245 0.000328 
 0.026184 0.000426 0.026284 0.000503 
 0.026221 0.000448 0.026323 0.000459 
 0.026259 0.000481 0.026362 0.000481 
 0.026296 0.000481 0.026401 0.000383 
 0.026334 0.000558 0.026440 0.000470 
 0.026371 0.000547 0.026479 0.000383 
 0.026409 0.000547 0.026518 0.000580 
 0.026447 0.000547 0.026557 0.000416 
 0.026484 0.000569 0.026596 0.000514 
 0.026522 0.000470 0.026635 0.000601 
 0.026559 0.000437 0.026674 0.000536 
 0.026597 0.000405 0.026713 0.000328 
 0.026635 0.000514 0.026752 0.000503 
 0.026672 0.000470 0.026791 0.000492 
 0.026710 0.000492 0.026830 0.000481 
 0.026747 0.000481 0.026869 0.000350 
 0.026785 0.000514 0.026908 0.000448 
 0.026823 0.000481 0.026947 0.000426 
 0.026860 0.000437 0.026986 0.000394 
 0.026898 0.000503 0.027025 0.000634 
 0.026935 0.000492 0.027064 0.000284 
 0.026973 0.000656 0.027103 0.000426 
 0.027010 0.000547 0.027142 0.000547 
 0.027048 0.000525 0.027181 0.000372 
 0.027086 0.000558 0.027220 0.000394 
 0.027123 0.000470 0.027259 0.000416 
 0.027161 0.000547 0.027298 0.000416 
 0.027198 0.000590 0.027337 0.000492 
 0.027236 0.000448 0.027376 0.000492 
 0.027274 0.000580 0.027415 0.000416 
 0.027311 0.000405 0.027454 0.000394 
 0.027349 0.000612 0.027493 0.000361 
 0.027386 0.000525 0.027532 0.000394 
 0.027424 0.000492 0.027571 0.000448 
 0.027462 0.000405 0.027610 0.000426 
 0.027499 0.000503 0.027649 0.000372 
 0.027537 0.000558 0.027688 0.000437 
 0.027574 0.000558 0.027727 0.000503 
 0.027612 0.000547 0.027766 0.000525 
 0.027649 0.000437 0.027805 0.000405 
 0.027687 0.000405 0.027844 0.000481 
 0.027725 0.000558 0.027883 0.000448 
 0.027762 0.000569 0.027922 0.000580 
 0.027800 0.000492 0.027961 0.000416 
 0.027837 0.000645 0.028000 0.000481 
 0.027875 0.000547 0.028039 0.000416 
 0.027913 0.000612 0.028078 0.000448 
 0.027950 0.000558 0.028117 0.000470 
 0.027988 0.000361 0.028156 0.000426 
 0.028025 0.000536 0.028195 0.000306 
 0.028063 0.000547 0.028234 0.000383 
 0.028101 0.000492 0.028273 0.000481 
 0.028138 0.000601 0.028312 0.000273 
 0.028176 0.000514 0.028351 0.000350 
 0.028213 0.000612 0.028390 0.000405 
 0.028251 0.000601 0.028429 0.000459 
 0.028289 0.000416 0.028468 0.000328 
 0.028326 0.000525 0.028507 0.000394 
 0.028364 0.000700 0.028546 0.000514 
 0.028401 0.000437 0.028585 0.000426 
 0.028439 0.000503 0.028624 0.000394 
 0.028476 0.000656 0.028663 0.000437 
 0.028514 0.000492 0.028702 0.000394 
 0.028552 0.000569 0.028741 0.000416 
 0.028589 0.000459 0.028780 0.000470 
 0.028627 0.000623 0.028819 0.000394 
 0.028664 0.000426 0.028858 0.000372 
 0.028702 0.000416 0.028897 0.000317 
 0.028740 0.000667 0.028936 0.000503 
 0.028777 0.000667 0.028975 0.000416 
 0.028815 0.000437 0.029014 0.000361 
 0.028852 0.000448 0.029053 0.000448 
 0.028890 0.000580 0.029092 0.000306 
 0.028928 0.000437 0.029131 0.000317 
 0.028965 0.000645 0.029170 0.000317 
 0.029003 0.000481 0.029209 0.000306 
 0.029040 0.000416 0.029248 0.000350 
 0.029078 0.000569 0.029287 0.000405 
 0.029115 0.000536 0.029326 0.000426 
 0.029153 0.000416 0.029365 0.000437 
 0.029191 0.000426 0.029404 0.000383 
 0.029228 0.000656 0.029443 0.000437 
 0.029266 0.000558 0.029482 0.000459 
 0.029303 0.000558 0.029521 0.000339 
 0.029341 0.000514 0.029560 0.000437 
 0.029379 0.000426 0.029599 0.000394 
 0.029416 0.000459 0.029638 0.000437 
 0.029454 0.000645 0.029677 0.000481 
 0.029491 0.000634 0.029716 0.000361 
 0.029529 0.000612 0.029755 0.000448 
 0.029567 0.000623 0.029794 0.000361 
 0.029604 0.000536 0.029833 0.000361 
 0.029642 0.000569 0.029872 0.000350 
 0.029679 0.000612 0.029911 0.000394 
 0.029717 0.000536 0.029950 0.000394 
 0.029754 0.000569 0.029989 0.000437 
 0.029792 0.000634 0.030028 0.000361 
 0.029830 0.000536 0.030067 0.000394 
 0.029867 0.000492 0.030106 0.000383 
 0.029905 0.000503 0.030145 0.000383 
 0.029942 0.000470 0.030184 0.000394 
 0.029980 0.000470 0.030223 0.000361 
 0.030018 0.000601 0.030262 0.000361 
 0.030055 0.000448 0.030301 0.000328 
 0.030093 0.000503 0.030340 0.000328 
 0.030130 0.000590 0.030379 0.000448 
 0.030168 0.000492 0.030418 0.000295 
 0.030206 0.000536 0.030457 0.000405 
 0.030243 0.000416 0.030496 0.000328 
 0.030281 0.000437 0.030535 0.000481 
 0.030318 0.000383 0.030574 0.000405 
 0.030356 0.000459 0.030613 0.000361 
 0.030394 0.000667 0.030652 0.000328 
 0.030431 0.000558 0.030691 0.000317 
 0.030469 0.000459 0.030730 0.000405 
 0.030506 0.000623 0.030769 0.000437 
 0.030544 0.000470 0.030808 0.000328 
 0.030581 0.000437 0.030847 0.000394 
 0.030619 0.000481 0.030886 0.000317 
 0.030657 0.000590 0.030925 0.000273 
 0.030694 0.000645 0.030964 0.000383 
 0.030732 0.000634 0.031003 0.000383 
 0.030769 0.000339 0.031042 0.000416 
 0.030807 0.000437 0.031081 0.000394 
 0.030845 0.000547 0.031120 0.000273 
 0.030882 0.000558 0.031159 0.000339 
 0.030920 0.000492 0.031198 0.000405 
 0.030957 0.000623 0.031237 0.000328 
 0.030995 0.000459 0.031276 0.000383 
 0.031033 0.000514 0.031315 0.000372 
 0.031070 0.000656 0.031354 0.000339 
 0.031108 0.000590 0.031393 0.000339 
 0.031145 0.000448 0.031432 0.000448 
 0.031183 0.000656 0.031471 0.000383 
 0.031220 0.000459 0.031510 0.000426 
 0.031258 0.000492 0.031549 0.000284 
 0.031296 0.000481 0.031588 0.000405 
 0.031333 0.000514 0.031627 0.000350 
 0.031371 0.000525 0.031666 0.000361 
 0.031408 0.000536 0.031705 0.000437 
 0.031446 0.000448 0.031744 0.000197 
 0.031484 0.000656 0.031783 0.000416 
 0.031521 0.000459 0.031822 0.000350 
 0.031559 0.000481 0.031861 0.000426 
 0.031596 0.000536 0.031900 0.000328 
 0.031634 0.000470 0.031939 0.000536 
 0.031672 0.000601 0.031978 0.000306 
 0.031709 0.000580 0.032017 0.000273 
 0.031747 0.000536 0.032056 0.000394 
 0.031784 0.000558 0.032095 0.000241 
 0.031822 0.000481 0.032134 0.000339 
 0.031860 0.000580 0.032173 0.000372 
 0.031897 0.000645 0.032212 0.000295 
 0.031935 0.000601 0.032251 0.000328 
 0.031972 0.000514 0.032290 0.000241 
 0.032010 0.000558 0.032329 0.000339 
 0.032047 0.000448 0.032368 0.000350 
 0.032085 0.000492 0.032407 0.000339 
 0.032123 0.000689 0.032446 0.000306 
 0.032160 0.000492 0.032485 0.000317 
 0.032198 0.000547 0.032524 0.000295 
 0.032235 0.000612 0.032563 0.000383 
 0.032273 0.000492 0.032602 0.000208 
 0.032311 0.000569 0.032641 0.000437 
 0.032348 0.000448 0.032680 0.000350 
 0.032386 0.000503 0.032719 0.000328 
 0.032423 0.000558 0.032758 0.000372 
 0.032461 0.000536 0.032797 0.000284 
 0.032499 0.000470 0.032836 0.000219 
 0.032536 0.000558 0.032875 0.000350 
 0.032574 0.000536 0.032914 0.000339 
 0.032611 0.000700 0.032953 0.000295 
 0.032649 0.000536 0.032992 0.000361 
 0.032686 0.000547 0.033031 0.000339 
 0.032724 0.000623 0.033070 0.000295 
 0.032762 0.000448 0.033108 0.000273 
 0.032799 0.000733 0.033147 0.000230 
 0.032837 0.000503 0.033186 0.000284 
 0.032874 0.000481 0.033225 0.000306 
 0.032912 0.000470 0.033264 0.000405 
 0.032950 0.000634 0.033303 0.000416 
 0.032987 0.000547 0.033342 0.000295 
 0.033025 0.000448 0.033381 0.000284 
 0.033062 0.000667 0.033420 0.000273 
 0.033100 0.000547 0.033459 0.000317 
 0.033138 0.000601 0.033498 0.000273 
 0.033175 0.000426 0.033537 0.000252 
 0.033213 0.000536 0.033576 0.000273 
 0.033250 0.000580 0.033615 0.000339 
 0.033288 0.000645 0.033654 0.000372 
 0.033325 0.000634 0.033693 0.000262 
 0.033363 0.000503 0.033732 0.000350 
 0.033401 0.000700 0.033771 0.000284 
 0.033438 0.000525 0.033810 0.000339 
 0.033476 0.000405 0.033849 0.000284 
 0.033513 0.000514 0.033888 0.000383 
 0.033551 0.000569 0.033927 0.000350 
 0.033589 0.000503 0.033966 0.000284 
 0.033626 0.000656 0.034005 0.000317 
 0.033664 0.000525 0.034044 0.000394 
 0.033701 0.000580 0.034083 0.000317 
 0.033739 0.000558 0.034122 0.000394 
 0.033777 0.000601 0.034161 0.000284 
 0.033814 0.000612 0.034200 0.000197 
 0.033852 0.000722 0.034239 0.000208 
 0.033889 0.000558 0.034278 0.000273 
 0.033927 0.000448 0.034317 0.000361 
 0.033965 0.000481 0.034356 0.000361 
 0.034002 0.000623 0.034395 0.000186 
 0.034040 0.000634 0.034434 0.000273 
 0.034077 0.000711 0.034473 0.000219 
 0.034115 0.000558 0.034512 0.000273 
 0.034152 0.000525 0.034551 0.000164 
 0.034190 0.000711 0.034590 0.000273 
 0.034228 0.000536 0.034629 0.000295 
 0.034265 0.000437 0.034668 0.000252 
 0.034303 0.000558 0.034707 0.000273 
 0.034340 0.000634 0.034746 0.000317 
 0.034378 0.000514 0.034785 0.000219 
 0.034416 0.000590 0.034824 0.000350 
 0.034453 0.000470 0.034863 0.000284 
 0.034491 0.000580 0.034902 0.000230 
 0.034528 0.000437 0.034941 0.000230 
 0.034566 0.000426 0.034980 0.000252 
 0.034604 0.000536 0.035019 0.000219 
 0.034641 0.000536 0.035058 0.000230 
 0.034679 0.000601 0.035097 0.000219 
 0.034716 0.000394 0.035136 0.000186 
 0.034754 0.000569 0.035175 0.000262 
 0.034791 0.000580 0.035214 0.000273 
 0.034829 0.000590 0.035253 0.000208 
 0.034867 0.000470 0.035292 0.000219 
 0.034904 0.000590 0.035331 0.000219 
 0.034942 0.000416 0.035370 0.000164 
 0.034979 0.000645 0.035409 0.000153 
 0.035017 0.000656 0.035448 0.000273 
 0.035055 0.000689 0.035487 0.000186 
 0.035092 0.000459 0.035526 0.000262 
 0.035130 0.000525 0.035565 0.000252 
 0.035167 0.000372 0.035604 0.000197 
 0.035205 0.000525 0.035643 0.000208 
 0.035243 0.000634 0.035682 0.000197 
 0.035280 0.000536 0.035721 0.000230 
 0.035318 0.000503 0.035760 0.000306 
 0.035355 0.000667 0.035799 0.000208 
 0.035393 0.000612 0.035838 0.000416 
 0.035430 0.000426 0.035877 0.000197 
 0.035468 0.000492 0.035916 0.000284 
 0.035506 0.000492 0.035955 0.000328 
 0.035543 0.000503 0.035994 0.000208 
 0.035581 0.000569 0.036033 0.000241 
 0.035618 0.000503 0.036072 0.000241 
 0.035656 0.000492 0.036111 0.000230 
 0.035694 0.000536 0.036150 0.000120 
 0.035731 0.000612 0.036189 0.000175 
 0.035769 0.000634 0.036228 0.000142 
 0.035806 0.000492 0.036267 0.000142 
 0.035844 0.000503 0.036306 0.000164 
 0.035882 0.000623 0.036345 0.000208 
 0.035919 0.000426 0.036384 0.000197 
 0.035957 0.000678 0.036423 0.000131 
 0.035994 0.000711 0.036462 0.000153 
 0.036032 0.000601 0.036501 0.000284 
 0.036070 0.000580 0.036540 0.000252 
 0.036107 0.000656 0.036579 0.000208 
 0.036145 0.000580 0.036618 0.000186 
 0.036182 0.000536 0.036657 0.000208 
 0.036220 0.000492 0.036696 0.000186 
 0.036257 0.000656 0.036735 0.000142 
 0.036295 0.000590 0.036774 0.000164 
 0.036333 0.000722 0.036813 0.000131 
 0.036370 0.000569 0.036852 0.000164 
 0.036408 0.000503 0.036891 0.000109 
 0.036445 0.000580 0.036930 0.000186 
 0.036483 0.000656 0.036969 0.000142 
 0.036521 0.000448 0.037008 0.000273 
 0.036558 0.000645 0.037047 0.000208 
 0.036596 0.000558 0.037086 0.000098 
 0.036633 0.000656 0.037125 0.000153 
 0.036671 0.000558 0.037164 0.000153 
 0.036709 0.000601 0.037203 0.000219 
 0.036746 0.000514 0.037242 0.000109 
 0.036784 0.000590 0.037281 0.000153 
 0.036821 0.000492 0.037320 0.000153 
 0.036859 0.000634 0.037359 0.000186 
 0.036896 0.000503 0.037398 0.000153 
 0.036934 0.000558 0.037437 0.000120 
 0.036972 0.000416 0.037476 0.000077 
 0.037009 0.000514 0.037515 0.000142 
 0.037047 0.000481 0.037554 0.000077 
 0.037084 0.000514 0.037593 0.000109 
 0.037122 0.000798 0.037632 0.000044 
 0.037160 0.000645 0.037671 0.000153 
 0.037197 0.000492 0.037710 0.000077 
 0.037235 0.000645 0.037749 0.000142 
 0.037272 0.000656 0.037788 0.000208 
 0.037310 0.000667 0.037827 0.000153 
 0.037348 0.000700 0.037866 0.000077 
 0.037385 0.000503 0.037905 0.000120 
 0.037423 0.000612 0.037944 0.000022 
 0.037460 0.000569 0.037983 0.000120 
 0.037498 0.000536 0.038022 0.000087 
 0.037535 0.000569 0.038061 0.000098 
 0.037573 0.000634 0.038100 0.000044 
 0.037611 0.000514 0.038139 0.000066 
 0.037648 0.000383 0.038178 0.000120 
 0.037686 0.000580 0.038217 0.000055 
 0.037723 0.000558 0.038256 0.000066 
 0.037761 0.000470 0.038295 0.000066 
 0.037799 0.000536 0.038334 0.000055 
 0.037836 0.000656 0.038373 0.000044 
 0.037874 0.000580 0.038412 0.000011 
 0.037911 0.000590 0.038451 0.000022 
 0.037949 0.000623 0.038490 0.000000 
 0.037987 0.000503 0.038529 0.000000 
 0.038024 0.000590 0.038568 0.000011 
 0.038062 0.000689 0.038607 0.000011 
 0.038099 0.000711 0.038646 0.000011 
 0.038137 0.000765 0.038685 0.000000 
 0.038175 0.000722 0.038724 0.000011 
 0.038212 0.000678 0.038763 0.000000 
 0.038250 0.000503 0.038802 0.000000 
 0.038287 0.000547 0.038841 0.000000 
 0.038325 0.000492 0.038880 0.000011 
 0.038362 0.000175 0.038919 0.000000 
 0.038400 0.000011 0.038958 0.000011 
