#rbin[i] Nr[i] lbin[i] Nl[i]
 0.000991 0.000022 0.000003 0.000222 
 0.000997 0.000033 0.000009 0.000411 
 0.001002 0.000022 0.000015 0.000522 
 0.001008 0.000044 0.000021 0.000622 
 0.001014 0.000022 0.000027 0.000622 
 0.001019 0.000022 0.000033 0.000966 
 0.001025 0.000033 0.000039 0.000855 
 0.001031 0.000011 0.000045 0.000889 
 0.001036 0.000022 0.000051 0.001066 
 0.001042 0.000022 0.000056 0.001066 
 0.001048 0.000033 0.000062 0.001033 
 0.001053 0.000067 0.000068 0.001133 
 0.001059 0.000078 0.000074 0.000944 
 0.001065 0.000111 0.000080 0.001044 
 0.001070 0.000056 0.000086 0.000889 
 0.001076 0.000144 0.000092 0.001089 
 0.001081 0.000122 0.000098 0.001355 
 0.001087 0.000067 0.000104 0.001389 
 0.001093 0.000189 0.000110 0.001244 
 0.001098 0.000133 0.000116 0.001255 
 0.001104 0.000122 0.000122 0.001255 
 0.001110 0.000211 0.000127 0.001211 
 0.001115 0.000200 0.000133 0.001255 
 0.001121 0.000433 0.000139 0.001189 
 0.001127 0.000344 0.000145 0.001466 
 0.001132 0.000322 0.000151 0.001211 
 0.001138 0.000422 0.000157 0.001211 
 0.001143 0.000478 0.000163 0.001322 
 0.001149 0.000644 0.000169 0.001022 
 0.001155 0.000733 0.000175 0.001022 
 0.001160 0.000800 0.000181 0.001422 
 0.001166 0.000766 0.000187 0.001122 
 0.001172 0.000700 0.000193 0.001089 
 0.001177 0.000833 0.000198 0.001244 
 0.001183 0.001077 0.000204 0.001277 
 0.001189 0.001033 0.000210 0.001033 
 0.001194 0.001022 0.000216 0.001200 
 0.001200 0.001100 0.000222 0.001400 
 0.001206 0.001100 0.000228 0.001144 
 0.001211 0.001144 0.000234 0.001155 
 0.001217 0.001000 0.000240 0.001155 
 0.001222 0.001044 0.000246 0.001089 
 0.001228 0.000978 0.000252 0.001077 
 0.001234 0.000933 0.000258 0.001166 
 0.001239 0.000978 0.000264 0.001000 
 0.001245 0.000989 0.000269 0.001189 
 0.001251 0.001011 0.000275 0.001111 
 0.001256 0.000922 0.000281 0.001111 
 0.001262 0.000711 0.000287 0.001144 
 0.001268 0.000755 0.000293 0.001155 
 0.001273 0.000866 0.000299 0.001055 
 0.001279 0.000955 0.000305 0.001222 
 0.001284 0.000878 0.000311 0.001344 
 0.001290 0.001077 0.000317 0.000933 
 0.001296 0.000755 0.000323 0.001277 
 0.001301 0.000833 0.000329 0.001155 
 0.001307 0.000855 0.000335 0.001100 
 0.001313 0.000911 0.000340 0.001066 
 0.001318 0.000778 0.000346 0.001255 
 0.001324 0.001100 0.000352 0.001000 
 0.001330 0.001022 0.000358 0.001289 
 0.001335 0.001144 0.000364 0.001266 
 0.001341 0.001133 0.000370 0.001022 
 0.001346 0.000878 0.000376 0.001266 
 0.001352 0.000955 0.000382 0.001055 
 0.001358 0.000966 0.000388 0.000955 
 0.001363 0.001100 0.000394 0.001100 
 0.001369 0.001033 0.000400 0.001077 
 0.001375 0.001166 0.000406 0.001233 
 0.001380 0.001077 0.000411 0.001322 
 0.001386 0.000944 0.000417 0.001111 
 0.001392 0.000966 0.000423 0.001000 
 0.001397 0.001122 0.000429 0.001133 
 0.001403 0.001400 0.000435 0.001222 
 0.001409 0.000866 0.000441 0.001066 
 0.001414 0.001055 0.000447 0.001177 
 0.001420 0.001066 0.000453 0.001089 
 0.001425 0.001144 0.000459 0.001011 
 0.001431 0.001044 0.000465 0.001066 
 0.001437 0.001044 0.000471 0.001355 
 0.001442 0.000955 0.000477 0.000978 
 0.001448 0.000955 0.000482 0.001300 
 0.001454 0.001300 0.000488 0.001311 
 0.001459 0.001266 0.000494 0.001244 
 0.001465 0.001100 0.000500 0.001011 
 0.001471 0.001066 0.000506 0.001455 
 0.001476 0.001211 0.000512 0.001144 
 0.001482 0.001233 0.000518 0.001255 
 0.001487 0.001100 0.000524 0.001111 
 0.001493 0.001222 0.000530 0.000966 
 0.001499 0.001089 0.000536 0.001300 
 0.001504 0.001155 0.000542 0.001144 
 0.001510 0.001111 0.000548 0.000944 
 0.001516 0.001111 0.000553 0.001011 
 0.001521 0.001111 0.000559 0.001155 
 0.001527 0.001189 0.000565 0.001066 
 0.001533 0.001266 0.000571 0.001244 
 0.001538 0.001155 0.000577 0.001166 
 0.001544 0.001200 0.000583 0.001155 
 0.001549 0.001233 0.000589 0.001211 
 0.001555 0.001111 0.000595 0.001189 
 0.001561 0.001033 0.000601 0.001266 
 0.001566 0.001111 0.000607 0.001011 
 0.001572 0.001077 0.000613 0.001100 
 0.001578 0.001144 0.000619 0.001089 
 0.001583 0.001100 0.000624 0.001133 
 0.001589 0.001344 0.000630 0.001266 
 0.001595 0.001377 0.000636 0.001022 
 0.001600 0.001333 0.000642 0.001144 
 0.001606 0.001044 0.000648 0.001044 
 0.001612 0.001177 0.000654 0.001077 
 0.001617 0.001055 0.000660 0.001044 
 0.001623 0.001266 0.000666 0.001077 
 0.001628 0.001144 0.000672 0.001322 
 0.001634 0.001144 0.000678 0.001266 
 0.001640 0.001155 0.000684 0.001200 
 0.001645 0.001089 0.000690 0.001255 
 0.001651 0.001477 0.000695 0.001122 
 0.001657 0.001155 0.000701 0.001289 
 0.001662 0.001177 0.000707 0.001333 
 0.001668 0.001089 0.000713 0.001166 
 0.001674 0.001100 0.000719 0.001344 
 0.001679 0.001022 0.000725 0.001244 
 0.001685 0.001155 0.000731 0.001011 
 0.001690 0.001000 0.000737 0.001200 
 0.001696 0.001177 0.000743 0.001200 
 0.001702 0.001100 0.000749 0.001189 
 0.001707 0.001155 0.000755 0.001277 
 0.001713 0.001000 0.000761 0.001077 
 0.001719 0.001066 0.000766 0.001177 
 0.001724 0.001189 0.000772 0.001333 
 0.001730 0.001022 0.000778 0.001066 
 0.001736 0.001200 0.000784 0.001211 
 0.001741 0.001044 0.000790 0.001189 
 0.001747 0.001022 0.000796 0.001155 
 0.001753 0.001000 0.000802 0.001255 
 0.001758 0.001055 0.000808 0.001033 
 0.001764 0.001133 0.000814 0.001211 
 0.001769 0.001077 0.000820 0.001089 
 0.001775 0.001077 0.000826 0.001211 
 0.001781 0.000933 0.000832 0.001233 
 0.001786 0.000822 0.000837 0.001300 
 0.001792 0.000966 0.000843 0.001311 
 0.001798 0.000966 0.000849 0.001155 
 0.001803 0.001011 0.000855 0.001222 
 0.001809 0.000989 0.000861 0.001155 
 0.001815 0.000911 0.000867 0.001166 
 0.001820 0.000900 0.000873 0.001277 
 0.001826 0.000800 0.000879 0.001089 
 0.001831 0.001055 0.000885 0.001144 
 0.001837 0.000944 0.000891 0.001211 
 0.001843 0.000789 0.000897 0.001166 
 0.001848 0.000800 0.000903 0.001155 
 0.001854 0.000900 0.000908 0.001322 
 0.001860 0.000755 0.000914 0.001122 
 0.001865 0.000733 0.000920 0.001466 
 0.001871 0.001033 0.000926 0.001100 
 0.001877 0.000866 0.000932 0.001166 
 0.001882 0.000600 0.000938 0.001277 
 0.001888 0.000744 0.000944 0.001366 
 0.001893 0.000755 0.000950 0.001255 
 0.001899 0.000722 0.000956 0.001189 
 0.001905 0.000655 0.000962 0.001311 
 0.001910 0.000766 0.000968 0.001422 
 0.001916 0.000666 0.000974 0.001277 
 0.001922 0.000689 0.000979 0.001355 
 0.001927 0.000722 0.000985 0.001177 
 0.001933 0.000789 0.000991 0.001266 
 0.001939 0.000678 0.000997 0.001111 
 0.001944 0.000511 0.001003 0.001200 
 0.001950 0.000644 0.001009 0.001244 
 0.001956 0.000644 0.001015 0.001211 
 0.001961 0.000655 0.001021 0.001333 
 0.001967 0.000700 0.001027 0.001244 
 0.001972 0.000455 0.001033 0.001033 
 0.001978 0.000478 0.001039 0.001433 
 0.001984 0.000522 0.001045 0.001522 
 0.001989 0.000489 0.001050 0.001111 
 0.001995 0.000500 0.001056 0.001211 
 0.002001 0.000511 0.001062 0.001377 
 0.002006 0.000478 0.001068 0.001277 
 0.002012 0.000567 0.001074 0.001322 
 0.002018 0.000644 0.001080 0.001344 
 0.002023 0.000567 0.001086 0.001366 
 0.002029 0.000422 0.001092 0.001200 
 0.002034 0.000478 0.001098 0.001500 
 0.002040 0.000411 0.001104 0.001455 
 0.002046 0.000367 0.001110 0.001255 
 0.002051 0.000355 0.001116 0.001522 
 0.002057 0.000433 0.001121 0.001611 
 0.002063 0.000389 0.001127 0.001488 
 0.002068 0.000355 0.001133 0.001544 
 0.002074 0.000389 0.001139 0.001344 
 0.002080 0.000433 0.001145 0.001400 
 0.002085 0.000333 0.001151 0.001600 
 0.002091 0.000389 0.001157 0.001366 
 0.002097 0.000422 0.001163 0.001533 
 0.002102 0.000322 0.001169 0.001389 
 0.002108 0.000289 0.001175 0.001722 
 0.002113 0.000344 0.001181 0.001533 
 0.002119 0.000311 0.001187 0.001455 
 0.002125 0.000222 0.001192 0.001355 
 0.002130 0.000389 0.001198 0.001477 
 0.002136 0.000300 0.001204 0.001500 
 0.002142 0.000200 0.001210 0.001333 
 0.002147 0.000278 0.001216 0.001611 
 0.002153 0.000344 0.001222 0.001433 
 0.002159 0.000211 0.001228 0.001500 
 0.002164 0.000233 0.001234 0.001855 
 0.002170 0.000167 0.001240 0.001433 
 0.002175 0.000322 0.001246 0.001477 
 0.002181 0.000289 0.001252 0.001289 
 0.002187 0.000200 0.001258 0.001444 
 0.002192 0.000167 0.001263 0.001322 
 0.002198 0.000233 0.001269 0.001311 
 0.002204 0.000211 0.001275 0.001400 
 0.002209 0.000300 0.001281 0.001688 
 0.002215 0.000178 0.001287 0.001477 
 0.002221 0.000189 0.001293 0.001511 
 0.002226 0.000189 0.001299 0.001266 
 0.002232 0.000111 0.001305 0.001422 
 0.002237 0.000322 0.001311 0.001411 
 0.002243 0.000222 0.001317 0.001366 
 0.002249 0.000122 0.001323 0.001389 
 0.002254 0.000200 0.001329 0.001500 
 0.002260 0.000122 0.001334 0.001511 
 0.002266 0.000156 0.001340 0.001333 
 0.002271 0.000200 0.001346 0.001389 
 0.002277 0.000156 0.001352 0.001377 
 0.002283 0.000078 0.001358 0.001444 
 0.002288 0.000178 0.001364 0.001477 
 0.002294 0.000067 0.001370 0.001300 
 0.002300 0.000111 0.001376 0.001255 
 0.002305 0.000156 0.001382 0.001389 
 0.002311 0.000133 0.001388 0.001533 
 0.002316 0.000189 0.001394 0.001477 
 0.002322 0.000089 0.001400 0.001511 
 0.002328 0.000178 0.001405 0.001322 
 0.002333 0.000233 0.001411 0.001555 
 0.002339 0.000122 0.001417 0.001422 
 0.002345 0.000144 0.001423 0.001166 
 0.002350 0.000167 0.001429 0.001189 
 0.002356 0.000100 0.001435 0.001277 
 0.002362 0.000111 0.001441 0.001389 
 0.002367 0.000122 0.001447 0.001333 
 0.002373 0.000122 0.001453 0.001422 
 0.002378 0.000133 0.001459 0.001411 
 0.002384 0.000133 0.001465 0.001422 
 0.002390 0.000100 0.001471 0.001622 
 0.002395 0.000133 0.001476 0.001422 
 0.002401 0.000089 0.001482 0.001222 
 0.002407 0.000167 0.001488 0.001289 
 0.002412 0.000078 0.001494 0.001511 
 0.002418 0.000089 0.001500 0.001366 
 0.002424 0.000111 0.001506 0.001322 
 0.002429 0.000122 0.001512 0.001400 
 0.002435 0.000111 0.001518 0.001077 
 0.002440 0.000089 0.001524 0.001200 
 0.002446 0.000089 0.001530 0.001333 
 0.002452 0.000067 0.001536 0.001177 
 0.002457 0.000133 0.001542 0.001266 
 0.002463 0.000111 0.001547 0.001333 
 0.002469 0.000111 0.001553 0.001455 
 0.002474 0.000111 0.001559 0.001211 
 0.002480 0.000100 0.001565 0.001211 
 0.002486 0.000111 0.001571 0.001377 
 0.002491 0.000078 0.001577 0.001277 
 0.002497 0.000144 0.001583 0.001155 
 0.002503 0.000133 0.001589 0.001177 
 0.002508 0.000111 0.001595 0.001422 
 0.002514 0.000089 0.001601 0.001211 
 0.002519 0.000122 0.001607 0.001200 
 0.002525 0.000011 0.001613 0.001389 
 0.002531 0.000111 0.001618 0.001389 
 0.002536 0.000100 0.001624 0.001355 
 0.002542 0.000067 0.001630 0.001055 
 0.002548 0.000144 0.001636 0.001189 
 0.002553 0.000056 0.001642 0.001189 
 0.002559 0.000100 0.001648 0.001033 
 0.002565 0.000078 0.001654 0.001155 
 0.002570 0.000078 0.001660 0.001333 
 0.002576 0.000089 0.001666 0.001122 
 0.002581 0.000078 0.001672 0.001122 
 0.002587 0.000100 0.001678 0.001333 
 0.002593 0.000056 0.001684 0.001066 
 0.002598 0.000167 0.001689 0.001300 
 0.002604 0.000067 0.001695 0.001322 
 0.002610 0.000100 0.001701 0.001355 
 0.002615 0.000056 0.001707 0.001033 
 0.002621 0.000078 0.001713 0.001144 
 0.002627 0.000056 0.001719 0.001100 
 0.002632 0.000122 0.001725 0.001266 
 0.002638 0.000067 0.001731 0.001077 
 0.002644 0.000044 0.001737 0.001322 
 0.002649 0.000089 0.001743 0.000822 
 0.002655 0.000056 0.001749 0.001133 
 0.002660 0.000111 0.001755 0.001033 
 0.002666 0.000100 0.001760 0.000978 
 0.002672 0.000067 0.001766 0.001189 
 0.002677 0.000011 0.001772 0.000966 
 0.002683 0.000033 0.001778 0.001255 
 0.002689 0.000044 0.001784 0.000966 
 0.002694 0.000111 0.001790 0.001033 
 0.002700 0.000067 0.001796 0.000933 
 0.002706 0.000067 0.001802 0.001144 
 0.002711 0.000056 0.001808 0.001011 
 0.002717 0.000056 0.001814 0.001133 
 0.002722 0.000089 0.001820 0.001077 
 0.002728 0.000078 0.001826 0.000922 
 0.002734 0.000056 0.001831 0.001011 
 0.002739 0.000122 0.001837 0.001089 
 0.002745 0.000089 0.001843 0.001122 
 0.002751 0.000022 0.001849 0.001133 
 0.002756 0.000056 0.001855 0.000866 
 0.002762 0.000067 0.001861 0.000933 
 0.002768 0.000056 0.001867 0.001011 
 0.002773 0.000033 0.001873 0.000922 
 0.002779 0.000067 0.001879 0.000944 
 0.002784 0.000067 0.001885 0.000889 
 0.002790 0.000044 0.001891 0.001000 
 0.002796 0.000044 0.001897 0.001022 
 0.002801 0.000078 0.001902 0.000789 
 0.002807 0.000067 0.001908 0.001211 
 0.002813 0.000067 0.001914 0.001144 
 0.002818 0.000022 0.001920 0.000966 
 0.002824 0.000067 0.001926 0.000744 
 0.002830 0.000044 0.001932 0.000711 
 0.002835 0.000089 0.001938 0.001100 
 0.002841 0.000011 0.001944 0.000989 
 0.002847 0.000011 0.001950 0.000844 
 0.002852 0.000033 0.001956 0.000989 
 0.002858 0.000089 0.001962 0.000844 
 0.002863 0.000089 0.001968 0.001022 
 0.002869 0.000011 0.001973 0.000778 
 0.002875 0.000033 0.001979 0.001000 
 0.002880 0.000022 0.001985 0.001066 
 0.002886 0.000022 0.001991 0.000955 
 0.002892 0.000033 0.001997 0.000722 
 0.002897 0.000011 0.002003 0.000922 
 0.002903 0.000000 0.002009 0.001144 
 0.002909 0.000056 0.002015 0.000811 
 0.002914 0.000022 0.002021 0.000900 
 0.002920 0.000022 0.002027 0.000878 
 0.002925 0.000033 0.002033 0.000911 
 0.002931 0.000033 0.002039 0.001000 
 0.002937 0.000044 0.002044 0.000955 
 0.002942 0.000067 0.002050 0.000811 
 0.002948 0.000011 0.002056 0.000822 
 0.002954 0.000044 0.002062 0.000811 
 0.002959 0.000067 0.002068 0.000944 
 0.002965 0.000011 0.002074 0.000911 
 0.002971 0.000022 0.002080 0.000955 
 0.002976 0.000067 0.002086 0.001066 
 0.002982 0.000022 0.002092 0.000755 
 0.002988 0.000022 0.002098 0.000766 
 0.002993 0.000011 0.002104 0.000922 
 0.002999 0.000044 0.002110 0.000833 
 0.003004 0.000056 0.002115 0.000844 
 0.003010 0.000011 0.002121 0.000955 
 0.003016 0.000022 0.002127 0.001055 
 0.003021 0.000011 0.002133 0.000866 
 0.003027 0.000056 0.002139 0.000911 
 0.003033 0.000044 0.002145 0.000800 
 0.003038 0.000000 0.002151 0.000844 
 0.003044 0.000044 0.002157 0.000911 
 0.003050 0.000033 0.002163 0.000778 
 0.003055 0.000033 0.002169 0.001022 
 0.003061 0.000067 0.002175 0.000933 
 0.003066 0.000000 0.002181 0.000678 
 0.003072 0.000033 0.002186 0.000811 
 0.003078 0.000044 0.002192 0.000789 
 0.003083 0.000022 0.002198 0.000722 
 0.003089 0.000011 0.002204 0.000922 
 0.003095 0.000022 0.002210 0.000978 
 0.003100 0.000044 0.002216 0.000966 
 0.003106 0.000044 0.002222 0.000655 
 0.003112 0.000033 0.002228 0.000878 
 0.003117 0.000033 0.002234 0.001011 
 0.003123 0.000044 0.002240 0.000978 
 0.003128 0.000022 0.002246 0.000855 
 0.003134 0.000044 0.002252 0.000689 
 0.003140 0.000011 0.002257 0.000666 
 0.003145 0.000022 0.002263 0.000822 
 0.003151 0.000022 0.002269 0.000878 
 0.003157 0.000022 0.002275 0.000955 
 0.003162 0.000000 0.002281 0.000911 
 0.003168 0.000033 0.002287 0.000878 
 0.003174 0.000044 0.002293 0.000644 
 0.003179 0.000044 0.002299 0.000733 
 0.003185 0.000056 0.002305 0.000822 
 0.003191 0.000011 0.002311 0.000978 
 0.003196 0.000000 0.002317 0.000933 
 0.003202 0.000022 0.002323 0.000822 
 0.003207 0.000011 0.002328 0.000722 
 0.003213 0.000011 0.002334 0.000755 
 0.003219 0.000011 0.002340 0.000900 
 0.003224 0.000000 0.002346 0.001022 
 0.003230 0.000011 0.002352 0.000800 
 0.003236 0.000000 0.002358 0.000866 
 0.003241 0.000000 0.002364 0.000855 
 0.003247 0.000000 0.002370 0.000833 
 0.003253 0.000022 0.002376 0.000944 
 0.003258 0.000000 0.002382 0.000766 
 0.003264 0.000000 0.002388 0.000878 
 0.003269 0.000011 0.002394 0.000900 
 0.003275 0.000033 0.002399 0.000855 
 0.003281 0.000000 0.002405 0.000789 
 0.003286 0.000011 0.002411 0.000889 
 0.003292 0.000000 0.002417 0.000722 
 0.003298 0.000000 0.002423 0.000778 
 0.003303 0.000000 0.002429 0.000866 
 0.003309 0.000033 0.002435 0.001044 
 0.003315 0.000011 0.002441 0.000744 
 0.003320 0.000022 0.002447 0.000811 
 0.003326 0.000033 0.002453 0.000722 
 0.003332 0.000000 0.002459 0.000666 
 0.003337 0.000011 0.002465 0.000789 
 0.003343 0.000000 0.002470 0.000922 
 0.003348 0.000011 0.002476 0.000889 
 0.003354 0.000022 0.002482 0.000878 
 0.003360 0.000033 0.002488 0.000933 
 0.003365 0.000033 0.002494 0.000811 
 0.003371 0.000011 0.002500 0.000822 
 0.003377 0.000022 0.002506 0.000955 
 0.003382 0.000044 0.002512 0.000678 
 0.003388 0.000011 0.002518 0.000733 
 0.003394 0.000011 0.002524 0.000855 
 0.003399 0.000000 0.002530 0.001022 
 0.003405 0.000011 0.002536 0.000889 
 0.003410 0.000022 0.002542 0.000922 
 0.003416 0.000011 0.002547 0.000811 
 0.003422 0.000067 0.002553 0.000833 
 0.003427 0.000056 0.002559 0.000855 
 0.003433 0.000033 0.002565 0.000844 
 0.003439 0.000033 0.002571 0.000944 
 0.003444 0.000011 0.002577 0.000922 
 0.003450 0.000056 0.002583 0.000811 
 0.003456 0.000044 0.002589 0.000800 
 0.003461 0.000022 0.002595 0.000922 
 0.003467 0.000067 0.002601 0.000844 
 0.003472 0.000067 0.002607 0.000900 
 0.003478 0.000044 0.002613 0.000844 
 0.003484 0.000022 0.002618 0.000700 
 0.003489 0.000044 0.002624 0.000855 
 0.003495 0.000044 0.002630 0.000822 
 0.003501 0.000044 0.002636 0.000933 
 0.003506 0.000011 0.002642 0.000878 
 0.003512 0.000022 0.002648 0.000878 
 0.003518 0.000022 0.002654 0.000955 
 0.003523 0.000011 0.002660 0.000900 
 0.003529 0.000011 0.002666 0.000878 
 0.003535 0.000022 0.002672 0.000889 
 0.003540 0.000011 0.002678 0.000844 
 0.003546 0.000011 0.002684 0.000955 
 0.003551 0.000033 0.002689 0.000844 
 0.003557 0.000033 0.002695 0.000633 
 0.003563 0.000011 0.002701 0.000722 
 0.003568 0.000033 0.002707 0.000911 
 0.003574 0.000011 0.002713 0.000966 
 0.003580 0.000056 0.002719 0.000878 
 0.003585 0.000022 0.002725 0.000966 
 0.003591 0.000044 0.002731 0.000811 
 0.003597 0.000022 0.002737 0.000722 
 0.003602 0.000033 0.002743 0.000778 
 0.003608 0.000056 0.002749 0.000855 
 0.003613 0.000011 0.002755 0.000978 
 0.003619 0.000044 0.002760 0.000911 
 0.003625 0.000089 0.002766 0.000955 
 0.003630 0.000022 0.002772 0.000755 
 0.003636 0.000044 0.002778 0.000922 
 0.003642 0.000056 0.002784 0.000833 
 0.003647 0.000067 0.002790 0.000644 
 0.003653 0.000056 0.002796 0.000889 
 0.003659 0.000022 0.002802 0.000855 
 0.003664 0.000067 0.002808 0.000800 
 0.003670 0.000056 0.002814 0.000889 
 0.003675 0.000122 0.002820 0.001044 
 0.003681 0.000089 0.002826 0.000811 
 0.003687 0.000056 0.002831 0.001000 
 0.003692 0.000122 0.002837 0.000900 
 0.003698 0.000089 0.002843 0.000922 
 0.003704 0.000089 0.002849 0.000722 
 0.003709 0.000133 0.002855 0.000878 
 0.003715 0.000044 0.002861 0.000878 
 0.003721 0.000089 0.002867 0.000966 
 0.003726 0.000100 0.002873 0.001033 
 0.003732 0.000067 0.002879 0.000844 
 0.003738 0.000178 0.002885 0.000866 
 0.003743 0.000167 0.002891 0.000878 
 0.003749 0.000222 0.002897 0.000844 
 0.003754 0.000189 0.002902 0.001011 
 0.003760 0.000189 0.002908 0.000933 
 0.003766 0.000200 0.002914 0.000855 
 0.003771 0.000211 0.002920 0.000778 
 0.003777 0.000167 0.002926 0.000966 
 0.003783 0.000200 0.002932 0.000789 
 0.003788 0.000167 0.002938 0.000900 
 0.003794 0.000200 0.002944 0.001033 
 0.003800 0.000200 0.002950 0.000855 
 0.003805 0.000244 0.002956 0.000778 
 0.003811 0.000200 0.002962 0.000778 
 0.003816 0.000278 0.002968 0.001044 
 0.003822 0.000322 0.002973 0.000866 
 0.003828 0.000411 0.002979 0.000922 
 0.003833 0.000300 0.002985 0.000878 
 0.003839 0.000411 0.002991 0.000800 
 0.003845 0.000244 0.002997 0.000733 
 0.003850 0.000411 0.003003 0.000789 
 0.003856 0.000455 0.003009 0.000944 
 0.003862 0.000455 0.003015 0.000922 
 0.003867 0.000544 0.003021 0.001000 
 0.003873 0.000511 0.003027 0.001000 
 0.003879 0.000522 0.003033 0.000966 
 0.003884 0.000555 0.003039 0.000722 
 0.003890 0.000678 0.003044 0.000944 
 0.003895 0.000589 0.003050 0.000833 
 0.003901 0.000711 0.003056 0.000978 
 0.003907 0.000900 0.003062 0.001122 
 0.003912 0.000733 0.003068 0.000800 
 0.003918 0.000811 0.003074 0.000944 
 0.003924 0.000778 0.003080 0.000844 
 0.003929 0.001033 0.003086 0.000822 
 0.003935 0.000989 0.003092 0.001044 
 0.003941 0.001089 0.003098 0.000766 
 0.003946 0.000911 0.003104 0.001011 
 0.003952 0.001066 0.003110 0.000933 
 0.003957 0.001077 0.003115 0.000933 
 0.003963 0.001111 0.003121 0.001077 
 0.003969 0.001300 0.003127 0.000955 
 0.003974 0.001366 0.003133 0.000844 
 0.003980 0.001488 0.003139 0.000866 
 0.003986 0.001677 0.003145 0.000833 
 0.003991 0.001600 0.003151 0.001066 
 0.003997 0.001555 0.003157 0.001011 
 0.004003 0.001688 0.003163 0.000900 
 0.004008 0.001577 0.003169 0.000989 
 0.004014 0.001688 0.003175 0.000833 
 0.004019 0.002077 0.003181 0.000911 
 0.004025 0.002077 0.003186 0.000955 
 0.004031 0.001966 0.003192 0.000944 
 0.004036 0.002399 0.003198 0.000833 
 0.004042 0.002244 0.003204 0.000944 
 0.004048 0.002377 0.003210 0.001100 
 0.004053 0.002222 0.003216 0.001066 
 0.004059 0.002499 0.003222 0.000811 
 0.004065 0.002510 0.003228 0.000944 
 0.004070 0.002555 0.003234 0.001089 
 0.004076 0.002444 0.003240 0.000911 
 0.004082 0.002955 0.003246 0.001111 
 0.004087 0.002655 0.003252 0.000966 
 0.004093 0.002955 0.003257 0.000933 
 0.004098 0.002888 0.003263 0.000955 
 0.004104 0.003010 0.003269 0.001133 
 0.004110 0.003277 0.003275 0.001000 
 0.004115 0.003032 0.003281 0.000889 
 0.004121 0.003421 0.003287 0.001044 
 0.004127 0.003221 0.003293 0.000866 
 0.004132 0.003377 0.003299 0.000955 
 0.004138 0.003199 0.003305 0.000944 
 0.004144 0.003577 0.003311 0.001122 
 0.004149 0.003688 0.003317 0.001155 
 0.004155 0.003499 0.003323 0.001155 
 0.004160 0.003755 0.003328 0.000855 
 0.004166 0.003710 0.003334 0.001044 
 0.004172 0.003943 0.003340 0.001000 
 0.004177 0.003921 0.003346 0.001144 
 0.004183 0.004043 0.003352 0.001066 
 0.004189 0.004010 0.003358 0.001122 
 0.004194 0.004177 0.003364 0.000900 
 0.004200 0.003899 0.003370 0.001055 
 0.004206 0.004066 0.003376 0.001055 
 0.004211 0.004110 0.003382 0.000911 
 0.004217 0.004054 0.003388 0.000966 
 0.004223 0.004243 0.003394 0.001100 
 0.004228 0.004177 0.003399 0.000911 
 0.004234 0.004388 0.003405 0.001211 
 0.004239 0.004377 0.003411 0.001122 
 0.004245 0.003910 0.003417 0.000989 
 0.004251 0.004565 0.003423 0.000855 
 0.004256 0.004377 0.003429 0.001089 
 0.004262 0.004388 0.003435 0.001189 
 0.004268 0.004510 0.003441 0.001044 
 0.004273 0.004310 0.003447 0.000922 
 0.004279 0.004610 0.003453 0.001211 
 0.004285 0.004132 0.003459 0.001233 
 0.004290 0.004765 0.003465 0.001077 
 0.004296 0.004499 0.003470 0.001055 
 0.004301 0.004443 0.003476 0.001122 
 0.004307 0.004332 0.003482 0.000989 
 0.004313 0.004310 0.003488 0.001066 
 0.004318 0.004377 0.003494 0.001222 
 0.004324 0.004388 0.003500 0.000978 
 0.004330 0.004088 0.003506 0.001077 
 0.004335 0.004199 0.003512 0.001111 
 0.004341 0.004088 0.003518 0.001055 
 0.004347 0.004021 0.003524 0.001177 
 0.004352 0.004077 0.003530 0.001155 
 0.004358 0.004077 0.003536 0.001155 
 0.004363 0.004154 0.003541 0.000989 
 0.004369 0.003932 0.003547 0.001089 
 0.004375 0.003699 0.003553 0.001222 
 0.004380 0.003999 0.003559 0.001033 
 0.004386 0.003655 0.003565 0.001077 
 0.004392 0.003466 0.003571 0.001144 
 0.004397 0.003910 0.003577 0.001033 
 0.004403 0.003954 0.003583 0.001333 
 0.004409 0.003643 0.003589 0.001066 
 0.004414 0.003421 0.003595 0.001189 
 0.004420 0.003621 0.003601 0.000855 
 0.004426 0.003599 0.003607 0.001189 
 0.004431 0.003666 0.003612 0.001089 
 0.004437 0.003555 0.003618 0.001066 
 0.004442 0.003499 0.003624 0.001189 
 0.004448 0.003188 0.003630 0.000978 
 0.004454 0.003332 0.003636 0.001222 
 0.004459 0.003510 0.003642 0.001344 
 0.004465 0.003255 0.003648 0.001211 
 0.004471 0.003099 0.003654 0.001144 
 0.004476 0.003166 0.003660 0.001155 
 0.004482 0.003421 0.003666 0.001122 
 0.004488 0.003144 0.003672 0.001166 
 0.004493 0.003077 0.003678 0.001300 
 0.004499 0.003044 0.003683 0.001211 
 0.004504 0.002766 0.003689 0.001300 
 0.004510 0.003188 0.003695 0.001266 
 0.004516 0.003221 0.003701 0.001166 
 0.004521 0.003443 0.003707 0.001100 
 0.004527 0.002721 0.003713 0.001255 
 0.004533 0.003099 0.003719 0.001289 
 0.004538 0.002733 0.003725 0.001277 
 0.004544 0.003044 0.003731 0.001389 
 0.004550 0.003132 0.003737 0.000978 
 0.004555 0.003132 0.003743 0.001355 
 0.004561 0.003166 0.003749 0.001266 
 0.004566 0.002610 0.003754 0.001166 
 0.004572 0.003110 0.003760 0.001411 
 0.004578 0.002655 0.003766 0.001100 
 0.004583 0.002721 0.003772 0.001255 
 0.004589 0.003132 0.003778 0.001333 
 0.004595 0.002733 0.003784 0.001366 
 0.004600 0.003177 0.003790 0.001477 
 0.004606 0.002777 0.003796 0.001433 
 0.004612 0.003066 0.003802 0.001255 
 0.004617 0.002933 0.003808 0.001400 
 0.004623 0.002777 0.003814 0.001155 
 0.004629 0.003232 0.003820 0.001033 
 0.004634 0.002821 0.003825 0.001411 
 0.004640 0.002921 0.003831 0.001244 
 0.004645 0.003021 0.003837 0.001411 
 0.004651 0.002944 0.003843 0.001355 
 0.004657 0.002921 0.003849 0.001455 
 0.004662 0.003277 0.003855 0.001389 
 0.004668 0.003388 0.003861 0.001522 
 0.004674 0.002755 0.003867 0.001344 
 0.004679 0.002777 0.003873 0.001600 
 0.004685 0.003044 0.003879 0.001577 
 0.004691 0.002977 0.003885 0.001311 
 0.004696 0.003132 0.003891 0.001500 
 0.004702 0.002810 0.003896 0.001600 
 0.004707 0.003077 0.003902 0.001522 
 0.004713 0.003188 0.003908 0.001266 
 0.004719 0.003066 0.003914 0.001422 
 0.004724 0.003132 0.003920 0.001488 
 0.004730 0.002821 0.003926 0.001311 
 0.004736 0.002910 0.003932 0.001444 
 0.004741 0.003066 0.003938 0.001700 
 0.004747 0.003155 0.003944 0.001344 
 0.004753 0.003332 0.003950 0.001555 
 0.004758 0.003466 0.003956 0.001488 
 0.004764 0.002977 0.003962 0.001544 
 0.004770 0.003077 0.003967 0.001644 
 0.004775 0.003377 0.003973 0.001655 
 0.004781 0.003144 0.003979 0.001466 
 0.004786 0.003232 0.003985 0.001922 
 0.004792 0.002877 0.003991 0.001577 
 0.004798 0.003399 0.003997 0.001444 
 0.004803 0.003021 0.004003 0.001688 
 0.004809 0.003010 0.004009 0.001544 
 0.004815 0.003310 0.004015 0.001533 
 0.004820 0.003344 0.004021 0.001722 
 0.004826 0.003310 0.004027 0.001788 
 0.004832 0.002999 0.004033 0.001788 
 0.004837 0.003032 0.004038 0.001788 
 0.004843 0.003021 0.004044 0.001766 
 0.004848 0.002644 0.004050 0.001700 
 0.004854 0.002933 0.004056 0.001744 
 0.004860 0.003044 0.004062 0.001788 
 0.004865 0.003166 0.004068 0.001566 
 0.004871 0.003132 0.004074 0.001577 
 0.004877 0.002855 0.004080 0.001677 
 0.004882 0.003210 0.004086 0.001766 
 0.004888 0.003132 0.004092 0.001666 
 0.004894 0.003066 0.004098 0.001988 
 0.004899 0.003021 0.004104 0.001733 
 0.004905 0.003088 0.004109 0.001822 
 0.004910 0.002955 0.004115 0.001633 
 0.004916 0.002688 0.004121 0.001855 
 0.004922 0.003177 0.004127 0.001600 
 0.004927 0.002810 0.004133 0.001966 
 0.004933 0.003255 0.004139 0.001455 
 0.004939 0.003399 0.004145 0.001999 
 0.004944 0.003077 0.004151 0.001755 
 0.004950 0.002799 0.004157 0.001733 
 0.004956 0.002744 0.004163 0.001722 
 0.004961 0.003377 0.004169 0.001644 
 0.004967 0.002944 0.004175 0.001944 
 0.004973 0.003121 0.004180 0.001933 
 0.004978 0.003288 0.004186 0.001788 
 0.004984 0.003332 0.004192 0.001688 
 0.004989 0.003399 0.004198 0.001666 
 0.004995 0.003055 0.004204 0.001644 
 0.005001 0.002977 0.004210 0.001733 
 0.005006 0.003055 0.004216 0.001722 
 0.005012 0.003121 0.004222 0.001744 
 0.005018 0.003155 0.004228 0.001555 
 0.005023 0.003188 0.004234 0.001888 
 0.005029 0.003255 0.004240 0.001755 
 0.005035 0.003344 0.004246 0.001722 
 0.005040 0.003055 0.004251 0.001511 
 0.005046 0.003155 0.004257 0.001788 
 0.005051 0.003044 0.004263 0.001777 
 0.005057 0.003099 0.004269 0.001755 
 0.005063 0.003188 0.004275 0.001555 
 0.005068 0.003166 0.004281 0.001511 
 0.005074 0.003044 0.004287 0.001488 
 0.005080 0.003377 0.004293 0.001455 
 0.005085 0.003288 0.004299 0.001722 
 0.005091 0.003232 0.004305 0.001544 
 0.005097 0.003321 0.004311 0.001455 
 0.005102 0.003244 0.004317 0.001577 
 0.005108 0.002944 0.004322 0.001566 
 0.005114 0.003288 0.004328 0.001433 
 0.005119 0.002966 0.004334 0.001677 
 0.005125 0.003077 0.004340 0.001600 
 0.005130 0.003110 0.004346 0.001511 
 0.005136 0.002777 0.004352 0.001266 
 0.005142 0.003110 0.004358 0.001455 
 0.005147 0.002910 0.004364 0.001533 
 0.005153 0.003099 0.004370 0.001555 
 0.005159 0.003032 0.004376 0.001189 
 0.005164 0.002955 0.004382 0.001511 
 0.005170 0.002833 0.004388 0.001422 
 0.005176 0.003266 0.004393 0.001622 
 0.005181 0.002899 0.004399 0.001544 
 0.005187 0.002699 0.004405 0.001244 
 0.005192 0.002844 0.004411 0.001411 
 0.005198 0.002966 0.004417 0.001122 
 0.005204 0.002944 0.004423 0.001322 
 0.005209 0.002510 0.004429 0.001344 
 0.005215 0.002744 0.004435 0.001300 
 0.005221 0.003066 0.004441 0.001444 
 0.005226 0.002688 0.004447 0.001100 
 0.005232 0.002710 0.004453 0.001177 
 0.005238 0.002710 0.004459 0.001344 
 0.005243 0.002555 0.004464 0.001566 
 0.005249 0.002166 0.004470 0.001366 
 0.005254 0.002566 0.004476 0.001322 
 0.005260 0.002266 0.004482 0.001277 
 0.005266 0.002699 0.004488 0.000944 
 0.005271 0.002466 0.004494 0.001100 
 0.005277 0.002266 0.004500 0.001255 
 0.005283 0.002255 0.004506 0.001144 
 0.005288 0.002255 0.004512 0.001366 
 0.005294 0.002066 0.004518 0.001422 
 0.005300 0.002266 0.004524 0.001189 
 0.005305 0.001899 0.004530 0.001289 
 0.005311 0.002322 0.004535 0.001144 
 0.005317 0.001999 0.004541 0.001289 
 0.005322 0.002088 0.004547 0.001122 
 0.005328 0.001777 0.004553 0.001444 
 0.005333 0.001611 0.004559 0.001033 
 0.005339 0.001922 0.004565 0.001100 
 0.005345 0.001533 0.004571 0.000989 
 0.005350 0.001488 0.004577 0.001155 
 0.005356 0.001544 0.004583 0.001100 
 0.005362 0.001633 0.004589 0.001077 
 0.005367 0.001544 0.004595 0.000955 
 0.005373 0.001389 0.004601 0.001222 
 0.005379 0.001500 0.004606 0.001177 
 0.005384 0.001566 0.004612 0.001144 
 0.005390 0.001622 0.004618 0.001177 
 0.005395 0.001144 0.004624 0.001133 
 0.005401 0.001411 0.004630 0.001133 
 0.005407 0.001255 0.004636 0.001166 
 0.005412 0.001122 0.004642 0.001122 
 0.005418 0.001177 0.004648 0.001200 
 0.005424 0.001211 0.004654 0.001255 
 0.005429 0.000955 0.004660 0.001089 
 0.005435 0.000922 0.004666 0.001055 
 0.005441 0.000889 0.004672 0.001055 
 0.005446 0.000755 0.004677 0.001133 
 0.005452 0.000855 0.004683 0.001177 
 0.005458 0.000944 0.004689 0.000955 
 0.005463 0.000789 0.004695 0.001089 
 0.005469 0.000778 0.004701 0.001222 
 0.005474 0.000600 0.004707 0.001044 
 0.005480 0.000589 0.004713 0.001177 
 0.005486 0.000666 0.004719 0.001055 
 0.005491 0.000711 0.004725 0.001055 
 0.005497 0.000478 0.004731 0.001144 
 0.005503 0.000622 0.004737 0.001366 
 0.005508 0.000422 0.004743 0.001033 
 0.005514 0.000478 0.004748 0.000978 
 0.005520 0.000333 0.004754 0.001022 
 0.005525 0.000255 0.004760 0.000944 
 0.005531 0.000455 0.004766 0.001000 
 0.005536 0.000300 0.004772 0.000922 
 0.005542 0.000189 0.004778 0.001000 
 0.005548 0.000278 0.004784 0.000922 
 0.005553 0.000178 0.004790 0.001055 
 0.005559 0.000167 0.004796 0.000978 
 0.005565 0.000211 0.004802 0.001300 
 0.005570 0.000178 0.004808 0.001200 
 0.005576 0.000089 0.004814 0.000922 
 0.005582 0.000111 0.004819 0.000789 
 0.005587 0.000100 0.004825 0.000933 
 0.005593 0.000078 0.004831 0.000911 
 0.005598 0.000067 0.004837 0.000955 
 0.005604 0.000044 0.004843 0.000989 
 0.005610 0.000033 0.004849 0.000855 
 0.005615 0.000044 0.004855 0.000811 
 0.005621 0.000033 0.004861 0.000966 
 0.005627 0.000000 0.004867 0.000866 
 0.005632 0.000022 0.004873 0.000700 
 0.005638 0.000011 0.004879 0.000989 
 0.005644 0.000033 0.004885 0.000933 
 0.005649 0.000000 0.004890 0.000800 
 0.005655 0.000022 0.004896 0.000878 
 0.005661 0.000011 0.004902 0.000744 
 0.005666 0.000000 0.004908 0.000833 
 0.005672 0.000000 0.004914 0.000844 
 0.005677 0.000000 0.004920 0.000900 
 0.005683 0.000000 0.004926 0.000989 
 0.005689 0.000000 0.004932 0.000989 
 0.005694 0.000000 0.004938 0.000766 
 0.005700 0.000000 0.004944 0.000933 
 0.005706 0.000000 0.004950 0.000844 
 0.005711 0.000000 0.004956 0.000911 
 0.005717 0.000000 0.004961 0.000789 
 0.005723 0.000000 0.004967 0.000689 
 0.005728 0.000000 0.004973 0.000855 
 0.005734 0.000000 0.004979 0.000878 
 0.005739 0.000000 0.004985 0.000789 
 0.005745 0.000000 0.004991 0.000922 
 0.005751 0.000000 0.004997 0.000744 
 0.005756 0.000000 0.005003 0.000800 
 0.005762 0.000000 0.005009 0.000811 
 0.005768 0.000000 0.005015 0.000633 
 0.005773 0.000000 0.005021 0.000866 
 0.005779 0.000000 0.005027 0.000733 
 0.005785 0.000011 0.005032 0.000755 
 0.005790 0.000000 0.005038 0.000689 
 0.005796 0.000000 0.005044 0.000666 
 0.005801 0.000000 0.005050 0.000733 
 0.005807 0.000000 0.005056 0.000755 
 0.005813 0.000000 0.005062 0.000666 
 0.005818 0.000000 0.005068 0.000589 
 0.005824 0.000000 0.005074 0.000689 
 0.005830 0.000000 0.005080 0.000755 
 0.005835 0.000000 0.005086 0.000555 
 0.005841 0.000000 0.005092 0.000678 
 0.005847 0.000011 0.005098 0.000711 
 0.005852 0.000000 0.005103 0.000678 
 0.005858 0.000000 0.005109 0.000666 
 0.005864 0.000000 0.005115 0.000633 
 0.005869 0.000000 0.005121 0.000578 
 0.005875 0.000000 0.005127 0.000633 
 0.005880 0.000000 0.005133 0.000489 
 0.005886 0.000000 0.005139 0.000589 
 0.005892 0.000000 0.005145 0.000666 
 0.005897 0.000000 0.005151 0.000666 
 0.005903 0.000000 0.005157 0.000489 
 0.005909 0.000000 0.005163 0.000433 
 0.005914 0.000000 0.005169 0.000567 
 0.005920 0.000000 0.005174 0.000544 
 0.005926 0.000000 0.005180 0.000589 
 0.005931 0.000000 0.005186 0.000633 
 0.005937 0.000000 0.005192 0.000389 
 0.005942 0.000000 0.005198 0.000578 
 0.005948 0.000000 0.005204 0.000522 
 0.005954 0.000000 0.005210 0.000489 
 0.005959 0.000000 0.005216 0.000411 
 0.005965 0.000000 0.005222 0.000455 
 0.005971 0.000000 0.005228 0.000433 
 0.005976 0.000000 0.005234 0.000478 
 0.005982 0.000000 0.005240 0.000467 
 0.005988 0.000000 0.005245 0.000344 
 0.005993 0.000000 0.005251 0.000355 
 0.005999 0.000000 0.005257 0.000411 
 0.006005 0.000000 0.005263 0.000289 
 0.006010 0.000000 0.005269 0.000411 
 0.006016 0.000000 0.005275 0.000422 
 0.006021 0.000000 0.005281 0.000444 
 0.006027 0.000000 0.005287 0.000267 
 0.006033 0.000000 0.005293 0.000333 
 0.006038 0.000000 0.005299 0.000344 
 0.006044 0.000000 0.005305 0.000189 
 0.006050 0.000000 0.005311 0.000378 
 0.006055 0.000000 0.005316 0.000278 
 0.006061 0.000000 0.005322 0.000267 
 0.006067 0.000000 0.005328 0.000300 
 0.006072 0.000000 0.005334 0.000289 
 0.006078 0.000000 0.005340 0.000311 
 0.006083 0.000000 0.005346 0.000189 
 0.006089 0.000000 0.005352 0.000267 
 0.006095 0.000000 0.005358 0.000122 
 0.006100 0.000000 0.005364 0.000178 
 0.006106 0.000011 0.005370 0.000200 
 0.006112 0.000000 0.005376 0.000200 
 0.006117 0.000000 0.005382 0.000144 
 0.006123 0.000000 0.005387 0.000233 
 0.006129 0.000000 0.005393 0.000100 
 0.006134 0.000000 0.005399 0.000178 
 0.006140 0.000000 0.005405 0.000200 
 0.006145 0.000000 0.005411 0.000122 
 0.006151 0.000000 0.005417 0.000178 
 0.006157 0.000000 0.005423 0.000100 
 0.006162 0.000000 0.005429 0.000078 
 0.006168 0.000000 0.005435 0.000133 
 0.006174 0.000000 0.005441 0.000044 
 0.006179 0.000000 0.005447 0.000111 
 0.006185 0.000000 0.005453 0.000044 
 0.006191 0.000000 0.005458 0.000056 
 0.006196 0.000000 0.005464 0.000078 
 0.006202 0.000000 0.005470 0.000022 
 0.006208 0.000000 0.005476 0.000089 
 0.006213 0.000000 0.005482 0.000067 
 0.006219 0.000000 0.005488 0.000089 
 0.006224 0.000000 0.005494 0.000056 
 0.006230 0.000000 0.005500 0.000044 
 0.006236 0.000000 0.005506 0.000011 
 0.006241 0.000000 0.005512 0.000044 
 0.006247 0.000000 0.005518 0.000033 
 0.006253 0.000000 0.005524 0.000011 
 0.006258 0.000000 0.005529 0.000011 
 0.006264 0.000000 0.005535 0.000022 
 0.006270 0.000000 0.005541 0.000022 
 0.006275 0.000000 0.005547 0.000000 
 0.006281 0.000000 0.005553 0.000033 
 0.006286 0.000000 0.005559 0.000000 
 0.006292 0.000000 0.005565 0.000022 
 0.006298 0.000000 0.005571 0.000044 
 0.006303 0.000000 0.005577 0.000000 
 0.006309 0.000000 0.005583 0.000000 
 0.006315 0.000000 0.005589 0.000011 
 0.006320 0.000000 0.005595 0.000000 
 0.006326 0.000000 0.005600 0.000000 
 0.006332 0.000000 0.005606 0.000011 
 0.006337 0.000000 0.005612 0.000000 
 0.006343 0.000000 0.005618 0.000000 
 0.006349 0.000000 0.005624 0.000000 
 0.006354 0.000000 0.005630 0.000011 
 0.006360 0.000000 0.005636 0.000000 
 0.006365 0.000000 0.005642 0.000000 
 0.006371 0.000000 0.005648 0.000000 
 0.006377 0.000000 0.005654 0.000000 
 0.006382 0.000000 0.005660 0.000000 
 0.006388 0.000000 0.005666 0.000000 
 0.006394 0.000000 0.005671 0.000000 
 0.006399 0.000000 0.005677 0.000000 
 0.006405 0.000000 0.005683 0.000000 
 0.006411 0.000000 0.005689 0.000000 
 0.006416 0.000000 0.005695 0.000000 
 0.006422 0.000000 0.005701 0.000000 
 0.006427 0.000000 0.005707 0.000000 
 0.006433 0.000000 0.005713 0.000000 
 0.006439 0.000000 0.005719 0.000000 
 0.006444 0.000000 0.005725 0.000000 
 0.006450 0.000000 0.005731 0.000000 
 0.006456 0.000000 0.005737 0.000000 
 0.006461 0.000000 0.005742 0.000000 
 0.006467 0.000000 0.005748 0.000000 
 0.006473 0.000000 0.005754 0.000000 
 0.006478 0.000000 0.005760 0.000000 
 0.006484 0.000000 0.005766 0.000000 
 0.006489 0.000000 0.005772 0.000000 
 0.006495 0.000000 0.005778 0.000000 
 0.006501 0.000000 0.005784 0.000000 
 0.006506 0.000000 0.005790 0.000000 
 0.006512 0.000000 0.005796 0.000000 
 0.006518 0.000000 0.005802 0.000000 
 0.006523 0.000000 0.005808 0.000000 
 0.006529 0.000000 0.005813 0.000000 
 0.006535 0.000000 0.005819 0.000000 
 0.006540 0.000000 0.005825 0.000000 
 0.006546 0.000000 0.005831 0.000000 
 0.006552 0.000000 0.005837 0.000000 
 0.006557 0.000000 0.005843 0.000000 
 0.006563 0.000000 0.005849 0.000000 
 0.006568 0.000000 0.005855 0.000000 
 0.006574 0.000000 0.005861 0.000000 
 0.006580 0.000000 0.005867 0.000000 
 0.006585 0.000000 0.005873 0.000000 
 0.006591 0.000000 0.005879 0.000000 
 0.006597 0.000000 0.005884 0.000000 
 0.006602 0.000000 0.005890 0.000000 
 0.006608 0.000000 0.005896 0.000000 
 0.006614 0.000000 0.005902 0.000000 
 0.006619 0.000000 0.005908 0.000000 
 0.006625 0.000011 0.005914 0.000011 
