#rbin[i] Nr[i] lbin[i] Nl[i]
 0.000978 0.000010 0.000001 0.000061 
 0.000990 0.000000 0.000013 0.000101 
 0.001002 0.000010 0.000026 0.000182 
 0.001014 0.000000 0.000039 0.000232 
 0.001026 0.000000 0.000051 0.000272 
 0.001038 0.000010 0.000064 0.000373 
 0.001051 0.000000 0.000076 0.000404 
 0.001063 0.000000 0.000089 0.000505 
 0.001075 0.000010 0.000102 0.000494 
 0.001087 0.000010 0.000114 0.000565 
 0.001099 0.000000 0.000127 0.000575 
 0.001111 0.000000 0.000139 0.000494 
 0.001123 0.000000 0.000152 0.000646 
 0.001135 0.000000 0.000165 0.000414 
 0.001147 0.000000 0.000177 0.000686 
 0.001159 0.000020 0.000190 0.000636 
 0.001172 0.000010 0.000202 0.000757 
 0.001184 0.000020 0.000215 0.000777 
 0.001196 0.000000 0.000228 0.000777 
 0.001208 0.000010 0.000240 0.000757 
 0.001220 0.000020 0.000253 0.000858 
 0.001232 0.000000 0.000265 0.000666 
 0.001244 0.000000 0.000278 0.000767 
 0.001256 0.000010 0.000291 0.000928 
 0.001268 0.000000 0.000303 0.000918 
 0.001281 0.000000 0.000316 0.000747 
 0.001293 0.000000 0.000328 0.000777 
 0.001305 0.000010 0.000341 0.000848 
 0.001317 0.000010 0.000354 0.000939 
 0.001329 0.000030 0.000366 0.000979 
 0.001341 0.000010 0.000379 0.001029 
 0.001353 0.000010 0.000391 0.001070 
 0.001365 0.000020 0.000404 0.000777 
 0.001377 0.000010 0.000417 0.001009 
 0.001389 0.000020 0.000429 0.001009 
 0.001402 0.000010 0.000442 0.000979 
 0.001414 0.000040 0.000454 0.000878 
 0.001426 0.000020 0.000467 0.001009 
 0.001438 0.000020 0.000480 0.000838 
 0.001450 0.000081 0.000492 0.001009 
 0.001462 0.000061 0.000505 0.001019 
 0.001474 0.000020 0.000517 0.000807 
 0.001486 0.000030 0.000530 0.001171 
 0.001498 0.000091 0.000543 0.000989 
 0.001510 0.000020 0.000555 0.001019 
 0.001523 0.000081 0.000568 0.001171 
 0.001535 0.000061 0.000580 0.001039 
 0.001547 0.000141 0.000593 0.001080 
 0.001559 0.000061 0.000606 0.001070 
 0.001571 0.000040 0.000618 0.000969 
 0.001583 0.000161 0.000631 0.000989 
 0.001595 0.000151 0.000643 0.001070 
 0.001607 0.000212 0.000656 0.000969 
 0.001619 0.000283 0.000669 0.001100 
 0.001632 0.000202 0.000681 0.001019 
 0.001644 0.000293 0.000694 0.001272 
 0.001656 0.000252 0.000706 0.001029 
 0.001668 0.000222 0.000719 0.001110 
 0.001680 0.000222 0.000732 0.001070 
 0.001692 0.000404 0.000744 0.000959 
 0.001704 0.000272 0.000757 0.000959 
 0.001716 0.000373 0.000769 0.000959 
 0.001728 0.000222 0.000782 0.001029 
 0.001740 0.000202 0.000795 0.000918 
 0.001753 0.000303 0.000807 0.001140 
 0.001765 0.000333 0.000820 0.001029 
 0.001777 0.000222 0.000832 0.001050 
 0.001789 0.000333 0.000845 0.000817 
 0.001801 0.000222 0.000858 0.000928 
 0.001813 0.000121 0.000870 0.000989 
 0.001825 0.000081 0.000883 0.001009 
 0.001837 0.000131 0.000895 0.001090 
 0.001849 0.000202 0.000908 0.001070 
 0.001861 0.000182 0.000921 0.000918 
 0.001874 0.000283 0.000933 0.000928 
 0.001886 0.000272 0.000946 0.000858 
 0.001898 0.000161 0.000958 0.000999 
 0.001910 0.000071 0.000971 0.000959 
 0.001922 0.000050 0.000984 0.000807 
 0.001934 0.000020 0.000996 0.001060 
 0.001946 0.000030 0.001009 0.000969 
 0.001958 0.000030 0.001021 0.000898 
 0.001970 0.000040 0.001034 0.000928 
 0.001983 0.000101 0.001047 0.001090 
 0.001995 0.000071 0.001059 0.000989 
 0.002007 0.000151 0.001072 0.000908 
 0.002019 0.000131 0.001084 0.000939 
 0.002031 0.000303 0.001097 0.000918 
 0.002043 0.000192 0.001110 0.000878 
 0.002055 0.000101 0.001122 0.001070 
 0.002067 0.000091 0.001135 0.000898 
 0.002079 0.000091 0.001147 0.000939 
 0.002091 0.000131 0.001160 0.001009 
 0.002104 0.000061 0.001173 0.000939 
 0.002116 0.000040 0.001185 0.001221 
 0.002128 0.000101 0.001198 0.000868 
 0.002140 0.000111 0.001210 0.000898 
 0.002152 0.000172 0.001223 0.000807 
 0.002164 0.000303 0.001236 0.001070 
 0.002176 0.000141 0.001248 0.000949 
 0.002188 0.000182 0.001261 0.000817 
 0.002200 0.000182 0.001273 0.001029 
 0.002212 0.000242 0.001286 0.000999 
 0.002225 0.000172 0.001299 0.001130 
 0.002237 0.000192 0.001311 0.000949 
 0.002249 0.000252 0.001324 0.000898 
 0.002261 0.000262 0.001336 0.001019 
 0.002273 0.000262 0.001349 0.001039 
 0.002285 0.000151 0.001362 0.000989 
 0.002297 0.000262 0.001374 0.000767 
 0.002309 0.000262 0.001387 0.000989 
 0.002321 0.000313 0.001399 0.000979 
 0.002334 0.000212 0.001412 0.001009 
 0.002346 0.000283 0.001425 0.001120 
 0.002358 0.000232 0.001437 0.000858 
 0.002370 0.000232 0.001450 0.000959 
 0.002382 0.000232 0.001462 0.000918 
 0.002394 0.000323 0.001475 0.000908 
 0.002406 0.000242 0.001488 0.000969 
 0.002418 0.000212 0.001500 0.000817 
 0.002430 0.000222 0.001513 0.000999 
 0.002442 0.000414 0.001525 0.001019 
 0.002455 0.000293 0.001538 0.001080 
 0.002467 0.000172 0.001551 0.001039 
 0.002479 0.000192 0.001563 0.001019 
 0.002491 0.000283 0.001576 0.000939 
 0.002503 0.000313 0.001588 0.001181 
 0.002515 0.000192 0.001601 0.000999 
 0.002527 0.000283 0.001614 0.001140 
 0.002539 0.000172 0.001626 0.001080 
 0.002551 0.000222 0.001639 0.000858 
 0.002563 0.000272 0.001651 0.001161 
 0.002576 0.000212 0.001664 0.000908 
 0.002588 0.000232 0.001677 0.001029 
 0.002600 0.000232 0.001689 0.000888 
 0.002612 0.000272 0.001702 0.000969 
 0.002624 0.000252 0.001714 0.001029 
 0.002636 0.000242 0.001727 0.000848 
 0.002648 0.000252 0.001740 0.000989 
 0.002660 0.000262 0.001752 0.001070 
 0.002672 0.000293 0.001765 0.001060 
 0.002685 0.000212 0.001777 0.001130 
 0.002697 0.000293 0.001790 0.000838 
 0.002709 0.000293 0.001803 0.000918 
 0.002721 0.000262 0.001815 0.000898 
 0.002733 0.000323 0.001828 0.000979 
 0.002745 0.000242 0.001840 0.000928 
 0.002757 0.000252 0.001853 0.001120 
 0.002769 0.000242 0.001866 0.001110 
 0.002781 0.000212 0.001878 0.000878 
 0.002793 0.000343 0.001891 0.000828 
 0.002806 0.000182 0.001903 0.000979 
 0.002818 0.000283 0.001916 0.000928 
 0.002830 0.000222 0.001929 0.000878 
 0.002842 0.000272 0.001941 0.000979 
 0.002854 0.000293 0.001954 0.001009 
 0.002866 0.000353 0.001966 0.001060 
 0.002878 0.000323 0.001979 0.000939 
 0.002890 0.000182 0.001992 0.000989 
 0.002902 0.000262 0.002004 0.000969 
 0.002914 0.000252 0.002017 0.000767 
 0.002927 0.000283 0.002029 0.000767 
 0.002939 0.000303 0.002042 0.001090 
 0.002951 0.000283 0.002055 0.001070 
 0.002963 0.000262 0.002067 0.000979 
 0.002975 0.000283 0.002080 0.001171 
 0.002987 0.000343 0.002092 0.000838 
 0.002999 0.000252 0.002105 0.000888 
 0.003011 0.000283 0.002118 0.000878 
 0.003023 0.000222 0.002130 0.001050 
 0.003035 0.000182 0.002143 0.001231 
 0.003048 0.000252 0.002155 0.000848 
 0.003060 0.000192 0.002168 0.000979 
 0.003072 0.000323 0.002181 0.001050 
 0.003084 0.000323 0.002193 0.000979 
 0.003096 0.000232 0.002206 0.000807 
 0.003108 0.000313 0.002218 0.001070 
 0.003120 0.000293 0.002231 0.000918 
 0.003132 0.000252 0.002244 0.000898 
 0.003144 0.000222 0.002256 0.000817 
 0.003157 0.000283 0.002269 0.000989 
 0.003169 0.000161 0.002281 0.000979 
 0.003181 0.000252 0.002294 0.001039 
 0.003193 0.000283 0.002307 0.001110 
 0.003205 0.000283 0.002319 0.000979 
 0.003217 0.000262 0.002332 0.001130 
 0.003229 0.000283 0.002344 0.001029 
 0.003241 0.000222 0.002357 0.000898 
 0.003253 0.000272 0.002370 0.001039 
 0.003265 0.000272 0.002382 0.000959 
 0.003278 0.000212 0.002395 0.001019 
 0.003290 0.000343 0.002407 0.000777 
 0.003302 0.000172 0.002420 0.001050 
 0.003314 0.000323 0.002433 0.001090 
 0.003326 0.000252 0.002445 0.000949 
 0.003338 0.000303 0.002458 0.000928 
 0.003350 0.000192 0.002471 0.000989 
 0.003362 0.000222 0.002483 0.000928 
 0.003374 0.000151 0.002496 0.000959 
 0.003386 0.000272 0.002508 0.001029 
 0.003399 0.000283 0.002521 0.001019 
 0.003411 0.000212 0.002534 0.001060 
 0.003423 0.000172 0.002546 0.000999 
 0.003435 0.000242 0.002559 0.000686 
 0.003447 0.000202 0.002571 0.001009 
 0.003459 0.000313 0.002584 0.001100 
 0.003471 0.000222 0.002597 0.000999 
 0.003483 0.000121 0.002609 0.000838 
 0.003495 0.000343 0.002622 0.001120 
 0.003508 0.000182 0.002634 0.000979 
 0.003520 0.000262 0.002647 0.000939 
 0.003532 0.000293 0.002660 0.000858 
 0.003544 0.000192 0.002672 0.000999 
 0.003556 0.000252 0.002685 0.000898 
 0.003568 0.000293 0.002697 0.001060 
 0.003580 0.000202 0.002710 0.001110 
 0.003592 0.000202 0.002723 0.000959 
 0.003604 0.000172 0.002735 0.000999 
 0.003616 0.000242 0.002748 0.000898 
 0.003629 0.000151 0.002760 0.000939 
 0.003641 0.000131 0.002773 0.000928 
 0.003653 0.000232 0.002786 0.001060 
 0.003665 0.000242 0.002798 0.000878 
 0.003677 0.000172 0.002811 0.000868 
 0.003689 0.000202 0.002823 0.001100 
 0.003701 0.000192 0.002836 0.000817 
 0.003713 0.000323 0.002849 0.000908 
 0.003725 0.000192 0.002861 0.000878 
 0.003737 0.000151 0.002874 0.000969 
 0.003750 0.000212 0.002886 0.000838 
 0.003762 0.000283 0.002899 0.000959 
 0.003774 0.000272 0.002912 0.001009 
 0.003786 0.000151 0.002924 0.001161 
 0.003798 0.000293 0.002937 0.000878 
 0.003810 0.000313 0.002949 0.000949 
 0.003822 0.000182 0.002962 0.000959 
 0.003834 0.000161 0.002975 0.000979 
 0.003846 0.000141 0.002987 0.000747 
 0.003859 0.000262 0.003000 0.001100 
 0.003871 0.000161 0.003012 0.000939 
 0.003883 0.000202 0.003025 0.000959 
 0.003895 0.000182 0.003038 0.000918 
 0.003907 0.000172 0.003050 0.000918 
 0.003919 0.000232 0.003063 0.000888 
 0.003931 0.000272 0.003075 0.000848 
 0.003943 0.000293 0.003088 0.000999 
 0.003955 0.000202 0.003101 0.000939 
 0.003967 0.000283 0.003113 0.000807 
 0.003980 0.000232 0.003126 0.000999 
 0.003992 0.000212 0.003138 0.000908 
 0.004004 0.000101 0.003151 0.000747 
 0.004016 0.000232 0.003164 0.000918 
 0.004028 0.000202 0.003176 0.001029 
 0.004040 0.000212 0.003189 0.000959 
 0.004052 0.000161 0.003201 0.001060 
 0.004064 0.000212 0.003214 0.001039 
 0.004076 0.000202 0.003227 0.000908 
 0.004088 0.000172 0.003239 0.000989 
 0.004101 0.000283 0.003252 0.000767 
 0.004113 0.000202 0.003264 0.000868 
 0.004125 0.000131 0.003277 0.001080 
 0.004137 0.000212 0.003290 0.000848 
 0.004149 0.000212 0.003302 0.000928 
 0.004161 0.000283 0.003315 0.000949 
 0.004173 0.000232 0.003327 0.000908 
 0.004185 0.000232 0.003340 0.000979 
 0.004197 0.000131 0.003353 0.000858 
 0.004210 0.000222 0.003365 0.000787 
 0.004222 0.000172 0.003378 0.000928 
 0.004234 0.000232 0.003390 0.000908 
 0.004246 0.000182 0.003403 0.000878 
 0.004258 0.000081 0.003416 0.000999 
 0.004270 0.000272 0.003428 0.000928 
 0.004282 0.000232 0.003441 0.000949 
 0.004294 0.000212 0.003453 0.000848 
 0.004306 0.000071 0.003466 0.000817 
 0.004318 0.000232 0.003479 0.000807 
 0.004331 0.000182 0.003491 0.000888 
 0.004343 0.000172 0.003504 0.000868 
 0.004355 0.000192 0.003516 0.000918 
 0.004367 0.000172 0.003529 0.000878 
 0.004379 0.000141 0.003542 0.000959 
 0.004391 0.000262 0.003554 0.000999 
 0.004403 0.000202 0.003567 0.000757 
 0.004415 0.000232 0.003579 0.000959 
 0.004427 0.000172 0.003592 0.000898 
 0.004439 0.000131 0.003605 0.000939 
 0.004452 0.000131 0.003617 0.000868 
 0.004464 0.000192 0.003630 0.000959 
 0.004476 0.000182 0.003642 0.000727 
 0.004488 0.000182 0.003655 0.000858 
 0.004500 0.000212 0.003668 0.000918 
 0.004512 0.000131 0.003680 0.000918 
 0.004524 0.000222 0.003693 0.000848 
 0.004536 0.000212 0.003705 0.000848 
 0.004548 0.000232 0.003718 0.000828 
 0.004561 0.000182 0.003731 0.000838 
 0.004573 0.000242 0.003743 0.000999 
 0.004585 0.000192 0.003756 0.000727 
 0.004597 0.000161 0.003768 0.000949 
 0.004609 0.000151 0.003781 0.000878 
 0.004621 0.000111 0.003794 0.000928 
 0.004633 0.000172 0.003806 0.000848 
 0.004645 0.000121 0.003819 0.000868 
 0.004657 0.000172 0.003831 0.000949 
 0.004669 0.000222 0.003844 0.000848 
 0.004682 0.000212 0.003857 0.000898 
 0.004694 0.000151 0.003869 0.000848 
 0.004706 0.000182 0.003882 0.000878 
 0.004718 0.000192 0.003894 0.000979 
 0.004730 0.000151 0.003907 0.000797 
 0.004742 0.000141 0.003920 0.000838 
 0.004754 0.000151 0.003932 0.000898 
 0.004766 0.000131 0.003945 0.000787 
 0.004778 0.000121 0.003957 0.000908 
 0.004790 0.000151 0.003970 0.000848 
 0.004803 0.000121 0.003983 0.000908 
 0.004815 0.000161 0.003995 0.000908 
 0.004827 0.000172 0.004008 0.000918 
 0.004839 0.000131 0.004020 0.000817 
 0.004851 0.000192 0.004033 0.000888 
 0.004863 0.000202 0.004046 0.001090 
 0.004875 0.000131 0.004058 0.000898 
 0.004887 0.000141 0.004071 0.000858 
 0.004899 0.000121 0.004083 0.000686 
 0.004912 0.000121 0.004096 0.000888 
 0.004924 0.000161 0.004109 0.000908 
 0.004936 0.000182 0.004121 0.001029 
 0.004948 0.000182 0.004134 0.000767 
 0.004960 0.000182 0.004146 0.000787 
 0.004972 0.000141 0.004159 0.000848 
 0.004984 0.000172 0.004172 0.000828 
 0.004996 0.000141 0.004184 0.001029 
 0.005008 0.000131 0.004197 0.000666 
 0.005020 0.000121 0.004209 0.000908 
 0.005033 0.000182 0.004222 0.000949 
 0.005045 0.000192 0.004235 0.000757 
 0.005057 0.000192 0.004247 0.000858 
 0.005069 0.000141 0.004260 0.000828 
 0.005081 0.000141 0.004272 0.000878 
 0.005093 0.000111 0.004285 0.000838 
 0.005105 0.000182 0.004298 0.001039 
 0.005117 0.000081 0.004310 0.000787 
 0.005129 0.000141 0.004323 0.000908 
 0.005141 0.000111 0.004335 0.000706 
 0.005154 0.000111 0.004348 0.000898 
 0.005166 0.000091 0.004361 0.000969 
 0.005178 0.000151 0.004373 0.000797 
 0.005190 0.000151 0.004386 0.000868 
 0.005202 0.000111 0.004398 0.000868 
 0.005214 0.000101 0.004411 0.000888 
 0.005226 0.000121 0.004424 0.000868 
 0.005238 0.000151 0.004436 0.000858 
 0.005250 0.000161 0.004449 0.000757 
 0.005262 0.000111 0.004461 0.000807 
 0.005275 0.000151 0.004474 0.000928 
 0.005287 0.000141 0.004487 0.000878 
 0.005299 0.000172 0.004499 0.000838 
 0.005311 0.000131 0.004512 0.000898 
 0.005323 0.000121 0.004524 0.000807 
 0.005335 0.000172 0.004537 0.000848 
 0.005347 0.000101 0.004550 0.000979 
 0.005359 0.000121 0.004562 0.001029 
 0.005371 0.000061 0.004575 0.000817 
 0.005384 0.000111 0.004587 0.000696 
 0.005396 0.000141 0.004600 0.000928 
 0.005408 0.000121 0.004613 0.000757 
 0.005420 0.000071 0.004625 0.000918 
 0.005432 0.000172 0.004638 0.000868 
 0.005444 0.000151 0.004650 0.000838 
 0.005456 0.000131 0.004663 0.000898 
 0.005468 0.000071 0.004676 0.000797 
 0.005480 0.000091 0.004688 0.000828 
 0.005492 0.000061 0.004701 0.000777 
 0.005505 0.000111 0.004713 0.000878 
 0.005517 0.000202 0.004726 0.000777 
 0.005529 0.000161 0.004739 0.000918 
 0.005541 0.000071 0.004751 0.001009 
 0.005553 0.000161 0.004764 0.000878 
 0.005565 0.000111 0.004776 0.000918 
 0.005577 0.000131 0.004789 0.000737 
 0.005589 0.000121 0.004802 0.000737 
 0.005601 0.000141 0.004814 0.000949 
 0.005613 0.000111 0.004827 0.000858 
 0.005626 0.000101 0.004839 0.000868 
 0.005638 0.000131 0.004852 0.001029 
 0.005650 0.000111 0.004865 0.000797 
 0.005662 0.000091 0.004877 0.000727 
 0.005674 0.000050 0.004890 0.000807 
 0.005686 0.000050 0.004902 0.000868 
 0.005698 0.000091 0.004915 0.000838 
 0.005710 0.000111 0.004928 0.000979 
 0.005722 0.000081 0.004940 0.000817 
 0.005735 0.000101 0.004953 0.000807 
 0.005747 0.000151 0.004965 0.000807 
 0.005759 0.000111 0.004978 0.000878 
 0.005771 0.000131 0.004991 0.000838 
 0.005783 0.000081 0.005003 0.000787 
 0.005795 0.000091 0.005016 0.000959 
 0.005807 0.000040 0.005028 0.000737 
 0.005819 0.000101 0.005041 0.000878 
 0.005831 0.000071 0.005054 0.000848 
 0.005843 0.000071 0.005066 0.000797 
 0.005856 0.000091 0.005079 0.000777 
 0.005868 0.000151 0.005091 0.000918 
 0.005880 0.000061 0.005104 0.000817 
 0.005892 0.000121 0.005117 0.000838 
 0.005904 0.000061 0.005129 0.000868 
 0.005916 0.000061 0.005142 0.000858 
 0.005928 0.000131 0.005154 0.000989 
 0.005940 0.000111 0.005167 0.000747 
 0.005952 0.000071 0.005180 0.000807 
 0.005964 0.000131 0.005192 0.000787 
 0.005977 0.000030 0.005205 0.000989 
 0.005989 0.000131 0.005217 0.000888 
 0.006001 0.000121 0.005230 0.000817 
 0.006013 0.000151 0.005243 0.000979 
 0.006025 0.000061 0.005255 0.000878 
 0.006037 0.000091 0.005268 0.000999 
 0.006049 0.000091 0.005280 0.000727 
 0.006061 0.000081 0.005293 0.000696 
 0.006073 0.000050 0.005306 0.000807 
 0.006086 0.000141 0.005318 0.000868 
 0.006098 0.000091 0.005331 0.000928 
 0.006110 0.000061 0.005343 0.000636 
 0.006122 0.000050 0.005356 0.000898 
 0.006134 0.000111 0.005369 0.000969 
 0.006146 0.000081 0.005381 0.000616 
 0.006158 0.000061 0.005394 0.000989 
 0.006170 0.000050 0.005406 0.001060 
 0.006182 0.000101 0.005419 0.000868 
 0.006194 0.000091 0.005432 0.000807 
 0.006207 0.000071 0.005444 0.000888 
 0.006219 0.000081 0.005457 0.000898 
 0.006231 0.000101 0.005469 0.000898 
 0.006243 0.000071 0.005482 0.000787 
 0.006255 0.000091 0.005495 0.000767 
 0.006267 0.000111 0.005507 0.000939 
 0.006279 0.000101 0.005520 0.000838 
 0.006291 0.000081 0.005532 0.000737 
 0.006303 0.000071 0.005545 0.000727 
 0.006315 0.000081 0.005558 0.000999 
 0.006328 0.000121 0.005570 0.000838 
 0.006340 0.000050 0.005583 0.000949 
 0.006352 0.000101 0.005595 0.000888 
 0.006364 0.000050 0.005608 0.000777 
 0.006376 0.000040 0.005621 0.000686 
 0.006388 0.000050 0.005633 0.000908 
 0.006400 0.000061 0.005646 0.000878 
 0.006412 0.000071 0.005658 0.000959 
 0.006424 0.000071 0.005671 0.000838 
 0.006437 0.000091 0.005684 0.000858 
 0.006449 0.000131 0.005696 0.000949 
 0.006461 0.000121 0.005709 0.000737 
 0.006473 0.000141 0.005721 0.000807 
 0.006485 0.000101 0.005734 0.000908 
 0.006497 0.000050 0.005747 0.000807 
 0.006509 0.000050 0.005759 0.000848 
 0.006521 0.000081 0.005772 0.000787 
 0.006533 0.000050 0.005784 0.000858 
 0.006545 0.000050 0.005797 0.000949 
 0.006558 0.000071 0.005810 0.000979 
 0.006570 0.000061 0.005822 0.000787 
 0.006582 0.000071 0.005835 0.000777 
 0.006594 0.000071 0.005847 0.000787 
 0.006606 0.000091 0.005860 0.000939 
 0.006618 0.000081 0.005873 0.000757 
 0.006630 0.000091 0.005885 0.000817 
 0.006642 0.000081 0.005898 0.000787 
 0.006654 0.000081 0.005910 0.000868 
 0.006666 0.000121 0.005923 0.000878 
 0.006679 0.000131 0.005936 0.001029 
 0.006691 0.000071 0.005948 0.000878 
 0.006703 0.000050 0.005961 0.001039 
 0.006715 0.000061 0.005973 0.000757 
 0.006727 0.000071 0.005986 0.000848 
 0.006739 0.000071 0.005999 0.000838 
 0.006751 0.000020 0.006011 0.000716 
 0.006763 0.000061 0.006024 0.000989 
 0.006775 0.000071 0.006036 0.000696 
 0.006788 0.000071 0.006049 0.000959 
 0.006800 0.000030 0.006062 0.000858 
 0.006812 0.000030 0.006074 0.000858 
 0.006824 0.000050 0.006087 0.000989 
 0.006836 0.000071 0.006099 0.000908 
 0.006848 0.000050 0.006112 0.000828 
 0.006860 0.000081 0.006125 0.000828 
 0.006872 0.000081 0.006137 0.000888 
 0.006884 0.000050 0.006150 0.000848 
 0.006896 0.000030 0.006162 0.000898 
 0.006909 0.000081 0.006175 0.000646 
 0.006921 0.000030 0.006188 0.001019 
 0.006933 0.000101 0.006200 0.001009 
 0.006945 0.000071 0.006213 0.000828 
 0.006957 0.000091 0.006225 0.000979 
 0.006969 0.000040 0.006238 0.000868 
 0.006981 0.000111 0.006251 0.000817 
 0.006993 0.000020 0.006263 0.000878 
 0.007005 0.000061 0.006276 0.000777 
 0.007017 0.000030 0.006288 0.000939 
 0.007030 0.000071 0.006301 0.000908 
 0.007042 0.000071 0.006314 0.000918 
 0.007054 0.000091 0.006326 0.000797 
 0.007066 0.000061 0.006339 0.001080 
 0.007078 0.000081 0.006351 0.000747 
 0.007090 0.000081 0.006364 0.000848 
 0.007102 0.000010 0.006377 0.000878 
 0.007114 0.000091 0.006389 0.000898 
 0.007126 0.000010 0.006402 0.000959 
 0.007138 0.000050 0.006414 0.000797 
 0.007151 0.000050 0.006427 0.000898 
 0.007163 0.000071 0.006440 0.000898 
 0.007175 0.000030 0.006452 0.000878 
 0.007187 0.000040 0.006465 0.000888 
 0.007199 0.000020 0.006477 0.000817 
 0.007211 0.000050 0.006490 0.001009 
 0.007223 0.000050 0.006503 0.000757 
 0.007235 0.000050 0.006515 0.000838 
 0.007247 0.000081 0.006528 0.001009 
 0.007260 0.000071 0.006540 0.000848 
 0.007272 0.000050 0.006553 0.000868 
 0.007284 0.000061 0.006566 0.000908 
 0.007296 0.000030 0.006578 0.000888 
 0.007308 0.000020 0.006591 0.000868 
 0.007320 0.000071 0.006603 0.000939 
 0.007332 0.000030 0.006616 0.000757 
 0.007344 0.000020 0.006629 0.000787 
 0.007356 0.000050 0.006641 0.000878 
 0.007368 0.000091 0.006654 0.000858 
 0.007381 0.000030 0.006666 0.000979 
 0.007393 0.000030 0.006679 0.000959 
 0.007405 0.000040 0.006692 0.001039 
 0.007417 0.000030 0.006704 0.000908 
 0.007429 0.000050 0.006717 0.000908 
 0.007441 0.000030 0.006729 0.000797 
 0.007453 0.000040 0.006742 0.000797 
 0.007465 0.000050 0.006755 0.000767 
 0.007477 0.000040 0.006767 0.000777 
 0.007489 0.000030 0.006780 0.001019 
 0.007502 0.000020 0.006792 0.000949 
 0.007514 0.000050 0.006805 0.000868 
 0.007526 0.000050 0.006818 0.001039 
 0.007538 0.000071 0.006830 0.001039 
 0.007550 0.000050 0.006843 0.000858 
 0.007562 0.000030 0.006855 0.000928 
 0.007574 0.000020 0.006868 0.000858 
 0.007586 0.000061 0.006881 0.000918 
 0.007598 0.000081 0.006893 0.000878 
 0.007611 0.000040 0.006906 0.000858 
 0.007623 0.000040 0.006918 0.000888 
 0.007635 0.000040 0.006931 0.001070 
 0.007647 0.000050 0.006944 0.000908 
 0.007659 0.000061 0.006956 0.000908 
 0.007671 0.000030 0.006969 0.000797 
 0.007683 0.000050 0.006981 0.000777 
 0.007695 0.000030 0.006994 0.000949 
 0.007707 0.000040 0.007007 0.000928 
 0.007719 0.000040 0.007019 0.000939 
 0.007732 0.000040 0.007032 0.001009 
 0.007744 0.000071 0.007044 0.000747 
 0.007756 0.000050 0.007057 0.000928 
 0.007768 0.000030 0.007070 0.000999 
 0.007780 0.000020 0.007082 0.000706 
 0.007792 0.000030 0.007095 0.001039 
 0.007804 0.000040 0.007107 0.000969 
 0.007816 0.000040 0.007120 0.001060 
 0.007828 0.000040 0.007133 0.000868 
 0.007840 0.000030 0.007145 0.000918 
 0.007853 0.000040 0.007158 0.000706 
 0.007865 0.000050 0.007170 0.000908 
 0.007877 0.000020 0.007183 0.000878 
 0.007889 0.000030 0.007196 0.000928 
 0.007901 0.000000 0.007208 0.000939 
 0.007913 0.000030 0.007221 0.000918 
 0.007925 0.000040 0.007233 0.000999 
 0.007937 0.000020 0.007246 0.000807 
 0.007949 0.000030 0.007259 0.000989 
 0.007962 0.000030 0.007271 0.000928 
 0.007974 0.000040 0.007284 0.000888 
 0.007986 0.000050 0.007296 0.000767 
 0.007998 0.000040 0.007309 0.001150 
 0.008010 0.000040 0.007322 0.000979 
 0.008022 0.000010 0.007334 0.000848 
 0.008034 0.000030 0.007347 0.001070 
 0.008046 0.000050 0.007359 0.000868 
 0.008058 0.000020 0.007372 0.000918 
 0.008070 0.000000 0.007385 0.000888 
 0.008083 0.000040 0.007397 0.000797 
 0.008095 0.000030 0.007410 0.000949 
 0.008107 0.000030 0.007422 0.001029 
 0.008119 0.000040 0.007435 0.000898 
 0.008131 0.000020 0.007448 0.001019 
 0.008143 0.000020 0.007460 0.000908 
 0.008155 0.000020 0.007473 0.000878 
 0.008167 0.000020 0.007485 0.000939 
 0.008179 0.000020 0.007498 0.001009 
 0.008191 0.000010 0.007511 0.000908 
 0.008204 0.000000 0.007523 0.000848 
 0.008216 0.000010 0.007536 0.001201 
 0.008228 0.000030 0.007548 0.000817 
 0.008240 0.000050 0.007561 0.000989 
 0.008252 0.000030 0.007574 0.000949 
 0.008264 0.000050 0.007586 0.001080 
 0.008276 0.000030 0.007599 0.000949 
 0.008288 0.000010 0.007611 0.001009 
 0.008300 0.000000 0.007624 0.000969 
 0.008313 0.000030 0.007637 0.000817 
 0.008325 0.000050 0.007649 0.001060 
 0.008337 0.000020 0.007662 0.000797 
 0.008349 0.000000 0.007674 0.000817 
 0.008361 0.000040 0.007687 0.000888 
 0.008373 0.000020 0.007700 0.000888 
 0.008385 0.000020 0.007712 0.000928 
 0.008397 0.000020 0.007725 0.000949 
 0.008409 0.000010 0.007737 0.000908 
 0.008421 0.000020 0.007750 0.000979 
 0.008434 0.000000 0.007763 0.000908 
 0.008446 0.000040 0.007775 0.000949 
 0.008458 0.000000 0.007788 0.000999 
 0.008470 0.000030 0.007800 0.000727 
 0.008482 0.000010 0.007813 0.000868 
 0.008494 0.000030 0.007826 0.000999 
 0.008506 0.000040 0.007838 0.001100 
 0.008518 0.000030 0.007851 0.000979 
 0.008530 0.000030 0.007863 0.000787 
 0.008542 0.000010 0.007876 0.000898 
 0.008555 0.000000 0.007889 0.000979 
 0.008567 0.000010 0.007901 0.000939 
 0.008579 0.000020 0.007914 0.001060 
 0.008591 0.000020 0.007926 0.000868 
 0.008603 0.000030 0.007939 0.000969 
 0.008615 0.000000 0.007952 0.000959 
 0.008627 0.000020 0.007964 0.000949 
 0.008639 0.000010 0.007977 0.000928 
 0.008651 0.000030 0.007989 0.000949 
 0.008664 0.000000 0.008002 0.001039 
 0.008676 0.000010 0.008015 0.000999 
 0.008688 0.000020 0.008027 0.000949 
 0.008700 0.000000 0.008040 0.000908 
 0.008712 0.000010 0.008052 0.000888 
 0.008724 0.000010 0.008065 0.000979 
 0.008736 0.000030 0.008078 0.001050 
 0.008748 0.000020 0.008090 0.001070 
 0.008760 0.000030 0.008103 0.001060 
 0.008772 0.000010 0.008115 0.000949 
 0.008785 0.000000 0.008128 0.000908 
 0.008797 0.000000 0.008141 0.000999 
 0.008809 0.000010 0.008153 0.000858 
 0.008821 0.000030 0.008166 0.001050 
 0.008833 0.000010 0.008178 0.000939 
 0.008845 0.000010 0.008191 0.001080 
 0.008857 0.000030 0.008204 0.001039 
 0.008869 0.000000 0.008216 0.000868 
 0.008881 0.000010 0.008229 0.001130 
 0.008893 0.000010 0.008241 0.001009 
 0.008906 0.000010 0.008254 0.000777 
 0.008918 0.000000 0.008267 0.000989 
 0.008930 0.000000 0.008279 0.001100 
 0.008942 0.000000 0.008292 0.001100 
 0.008954 0.000020 0.008304 0.000908 
 0.008966 0.000000 0.008317 0.000928 
 0.008978 0.000010 0.008330 0.000999 
 0.008990 0.000010 0.008342 0.001110 
 0.009002 0.000000 0.008355 0.000908 
 0.009014 0.000010 0.008367 0.000979 
 0.009027 0.000000 0.008380 0.000898 
 0.009039 0.000000 0.008393 0.000898 
 0.009051 0.000000 0.008405 0.000989 
 0.009063 0.000000 0.008418 0.000939 
 0.009075 0.000000 0.008430 0.001070 
 0.009087 0.000000 0.008443 0.001039 
 0.009099 0.000010 0.008456 0.000918 
 0.009111 0.000030 0.008468 0.001150 
 0.009123 0.000010 0.008481 0.001110 
 0.009136 0.000030 0.008493 0.000999 
 0.009148 0.000000 0.008506 0.000868 
 0.009160 0.000000 0.008519 0.001161 
 0.009172 0.000000 0.008531 0.001120 
 0.009184 0.000000 0.008544 0.000898 
 0.009196 0.000030 0.008556 0.001039 
 0.009208 0.000020 0.008569 0.001140 
 0.009220 0.000010 0.008582 0.000918 
 0.009232 0.000020 0.008594 0.001029 
 0.009244 0.000010 0.008607 0.000939 
 0.009257 0.000000 0.008619 0.001181 
 0.009269 0.000000 0.008632 0.001009 
 0.009281 0.000000 0.008645 0.001050 
 0.009293 0.000020 0.008657 0.001050 
 0.009305 0.000010 0.008670 0.000878 
 0.009317 0.000010 0.008682 0.001140 
 0.009329 0.000000 0.008695 0.000999 
 0.009341 0.000010 0.008708 0.001070 
 0.009353 0.000000 0.008720 0.001060 
 0.009365 0.000010 0.008733 0.000918 
 0.009378 0.000020 0.008745 0.001211 
 0.009390 0.000020 0.008758 0.001039 
 0.009402 0.000000 0.008771 0.000928 
 0.009414 0.000020 0.008783 0.001201 
 0.009426 0.000000 0.008796 0.000959 
 0.009438 0.000000 0.008808 0.001070 
 0.009450 0.000010 0.008821 0.001060 
 0.009462 0.000000 0.008834 0.001211 
 0.009474 0.000000 0.008846 0.001100 
 0.009487 0.000000 0.008859 0.001110 
 0.009499 0.000010 0.008871 0.000999 
 0.009511 0.000000 0.008884 0.001039 
 0.009523 0.000020 0.008897 0.000939 
 0.009535 0.000010 0.008909 0.001039 
 0.009547 0.000020 0.008922 0.001191 
 0.009559 0.000000 0.008934 0.001150 
 0.009571 0.000000 0.008947 0.000989 
 0.009583 0.000020 0.008960 0.001130 
 0.009595 0.000010 0.008972 0.001211 
 0.009608 0.000010 0.008985 0.001130 
 0.009620 0.000020 0.008997 0.001019 
 0.009632 0.000020 0.009010 0.001019 
 0.009644 0.000000 0.009023 0.001211 
 0.009656 0.000010 0.009035 0.000979 
 0.009668 0.000000 0.009048 0.001140 
 0.009680 0.000020 0.009060 0.001221 
 0.009692 0.000000 0.009073 0.001231 
 0.009704 0.000000 0.009086 0.001039 
 0.009716 0.000010 0.009098 0.001120 
 0.009729 0.000020 0.009111 0.001090 
 0.009741 0.000000 0.009123 0.001161 
 0.009753 0.000010 0.009136 0.001221 
 0.009765 0.000010 0.009149 0.001120 
 0.009777 0.000000 0.009161 0.001060 
 0.009789 0.000010 0.009174 0.000959 
 0.009801 0.000000 0.009186 0.001161 
 0.009813 0.000000 0.009199 0.001120 
 0.009825 0.000040 0.009212 0.001080 
 0.009838 0.000010 0.009224 0.001080 
 0.009850 0.000000 0.009237 0.001231 
 0.009862 0.000000 0.009249 0.001070 
 0.009874 0.000000 0.009262 0.000999 
 0.009886 0.000010 0.009275 0.001181 
 0.009898 0.000010 0.009287 0.001060 
 0.009910 0.000010 0.009300 0.001312 
 0.009922 0.000000 0.009312 0.001342 
 0.009934 0.000010 0.009325 0.001070 
 0.009946 0.000000 0.009338 0.001150 
 0.009959 0.000010 0.009350 0.001272 
 0.009971 0.000000 0.009363 0.001070 
 0.009983 0.000010 0.009375 0.001100 
 0.009995 0.000010 0.009388 0.001150 
 0.010007 0.000010 0.009401 0.001322 
 0.010019 0.000020 0.009413 0.001120 
 0.010031 0.000010 0.009426 0.001140 
 0.010043 0.000000 0.009438 0.001302 
 0.010055 0.000010 0.009451 0.001140 
 0.010067 0.000010 0.009464 0.001130 
 0.010080 0.000010 0.009476 0.001261 
 0.010092 0.000000 0.009489 0.001352 
 0.010104 0.000010 0.009501 0.001080 
 0.010116 0.000010 0.009514 0.001272 
 0.010128 0.000010 0.009527 0.001120 
 0.010140 0.000000 0.009539 0.001050 
 0.010152 0.000000 0.009552 0.001191 
 0.010164 0.000010 0.009564 0.001039 
 0.010176 0.000000 0.009577 0.001312 
 0.010189 0.000000 0.009590 0.001292 
 0.010201 0.000030 0.009602 0.001130 
 0.010213 0.000010 0.009615 0.001332 
 0.010225 0.000010 0.009627 0.001120 
 0.010237 0.000010 0.009640 0.001272 
 0.010249 0.000020 0.009653 0.001251 
 0.010261 0.000030 0.009665 0.001150 
 0.010273 0.000030 0.009678 0.001211 
 0.010285 0.000050 0.009690 0.001191 
 0.010297 0.000050 0.009703 0.001231 
 0.010310 0.000091 0.009716 0.001221 
 0.010322 0.000091 0.009728 0.001453 
 0.010334 0.000050 0.009741 0.001120 
 0.010346 0.000091 0.009753 0.001130 
 0.010358 0.000161 0.009766 0.001332 
 0.010370 0.000131 0.009779 0.001393 
 0.010382 0.000192 0.009791 0.001272 
 0.010394 0.000111 0.009804 0.001090 
 0.010406 0.000202 0.009816 0.001261 
 0.010418 0.000222 0.009829 0.001231 
 0.010431 0.000212 0.009842 0.001272 
 0.010443 0.000272 0.009854 0.001161 
 0.010455 0.000192 0.009867 0.001292 
 0.010467 0.000283 0.009879 0.001231 
 0.010479 0.000484 0.009892 0.001221 
 0.010491 0.000444 0.009905 0.001312 
 0.010503 0.000444 0.009917 0.001241 
 0.010515 0.000474 0.009930 0.001221 
 0.010527 0.000383 0.009942 0.001140 
 0.010540 0.000706 0.009955 0.001443 
 0.010552 0.000787 0.009968 0.001393 
 0.010564 0.000747 0.009980 0.001191 
 0.010576 0.000807 0.009993 0.001272 
 0.010588 0.000757 0.010005 0.001463 
 0.010600 0.001039 0.010018 0.001302 
 0.010612 0.000878 0.010031 0.001211 
 0.010624 0.001332 0.010043 0.001554 
 0.010636 0.001322 0.010056 0.001413 
 0.010648 0.001231 0.010068 0.001342 
 0.010661 0.001473 0.010081 0.001302 
 0.010673 0.001534 0.010094 0.001433 
 0.010685 0.001594 0.010106 0.001261 
 0.010697 0.001796 0.010119 0.001584 
 0.010709 0.001988 0.010131 0.001483 
 0.010721 0.002220 0.010144 0.001554 
 0.010733 0.002493 0.010157 0.001403 
 0.010745 0.002604 0.010169 0.001221 
 0.010757 0.003017 0.010182 0.001322 
 0.010769 0.003290 0.010194 0.001453 
 0.010782 0.003391 0.010207 0.001393 
 0.010794 0.003532 0.010220 0.001594 
 0.010806 0.003492 0.010232 0.001645 
 0.010818 0.004067 0.010245 0.001322 
 0.010830 0.004440 0.010257 0.001544 
 0.010842 0.004541 0.010270 0.001443 
 0.010854 0.005036 0.010283 0.001776 
 0.010866 0.005702 0.010295 0.001393 
 0.010878 0.005914 0.010308 0.001645 
 0.010891 0.006035 0.010320 0.001282 
 0.010903 0.006337 0.010333 0.001615 
 0.010915 0.006802 0.010346 0.001473 
 0.010927 0.006903 0.010358 0.001514 
 0.010939 0.007720 0.010371 0.001463 
 0.010951 0.007811 0.010383 0.001514 
 0.010963 0.008154 0.010396 0.001665 
 0.010975 0.008830 0.010409 0.001705 
 0.010987 0.008881 0.010421 0.001917 
 0.010999 0.008961 0.010434 0.001574 
 0.011012 0.009991 0.010446 0.001665 
 0.011024 0.010071 0.010459 0.001645 
 0.011036 0.010435 0.010472 0.001605 
 0.011048 0.011010 0.010484 0.001907 
 0.011060 0.010717 0.010497 0.001605 
 0.011072 0.010717 0.010509 0.001726 
 0.011084 0.011464 0.010522 0.001635 
 0.011096 0.012413 0.010535 0.001907 
 0.011108 0.012564 0.010547 0.001877 
 0.011120 0.012332 0.010560 0.001998 
 0.011133 0.012524 0.010572 0.001847 
 0.011145 0.013109 0.010585 0.001917 
 0.011157 0.013321 0.010598 0.001968 
 0.011169 0.012675 0.010610 0.002049 
 0.011181 0.013724 0.010623 0.001917 
 0.011193 0.012968 0.010635 0.001887 
 0.011205 0.013846 0.010648 0.001978 
 0.011217 0.014138 0.010661 0.002038 
 0.011229 0.014158 0.010673 0.002210 
 0.011241 0.014522 0.010686 0.001948 
 0.011254 0.014209 0.010698 0.001978 
 0.011266 0.013714 0.010711 0.001958 
 0.011278 0.013462 0.010724 0.002250 
 0.011290 0.013936 0.010736 0.002200 
 0.011302 0.014229 0.010749 0.002069 
 0.011314 0.013805 0.010761 0.002483 
 0.011326 0.013926 0.010774 0.002412 
 0.011338 0.013977 0.010787 0.002129 
 0.011350 0.013513 0.010799 0.002210 
 0.011363 0.013301 0.010812 0.002069 
 0.011375 0.013997 0.010824 0.002483 
 0.011387 0.012625 0.010837 0.002210 
 0.011399 0.012796 0.010850 0.002180 
 0.011411 0.012715 0.010862 0.002442 
 0.011423 0.012372 0.010875 0.002341 
 0.011435 0.012281 0.010888 0.002129 
 0.011447 0.011171 0.010900 0.002170 
 0.011459 0.011716 0.010913 0.002210 
 0.011471 0.011676 0.010925 0.002483 
 0.011484 0.011474 0.010938 0.002361 
 0.011496 0.011030 0.010951 0.002715 
 0.011508 0.010455 0.010963 0.002200 
 0.011520 0.010031 0.010976 0.002372 
 0.011532 0.009678 0.010988 0.002452 
 0.011544 0.009718 0.011001 0.002543 
 0.011556 0.009496 0.011014 0.002493 
 0.011568 0.008830 0.011026 0.002654 
 0.011580 0.008558 0.011039 0.002594 
 0.011592 0.008548 0.011051 0.002432 
 0.011605 0.007670 0.011064 0.002503 
 0.011617 0.008023 0.011077 0.002301 
 0.011629 0.007226 0.011089 0.002543 
 0.011641 0.006983 0.011102 0.002271 
 0.011653 0.007034 0.011114 0.002361 
 0.011665 0.006681 0.011127 0.002513 
 0.011677 0.006519 0.011140 0.002573 
 0.011689 0.006085 0.011152 0.002361 
 0.011701 0.005560 0.011165 0.002149 
 0.011714 0.005581 0.011177 0.002432 
 0.011726 0.005560 0.011190 0.002230 
 0.011738 0.004652 0.011203 0.002089 
 0.011750 0.004612 0.011215 0.002250 
 0.011762 0.004541 0.011228 0.002493 
 0.011774 0.004783 0.011240 0.002452 
 0.011786 0.003956 0.011253 0.002240 
 0.011798 0.004087 0.011266 0.002119 
 0.011810 0.003986 0.011278 0.002109 
 0.011822 0.003522 0.011291 0.002139 
 0.011835 0.003552 0.011303 0.002049 
 0.011847 0.003189 0.011316 0.002059 
 0.011859 0.003582 0.011329 0.001958 
 0.011871 0.002927 0.011341 0.001968 
 0.011883 0.002765 0.011354 0.002049 
 0.011895 0.002715 0.011366 0.001695 
 0.011907 0.002624 0.011379 0.001897 
 0.011919 0.002281 0.011392 0.001837 
 0.011931 0.002200 0.011404 0.001665 
 0.011943 0.002119 0.011417 0.001564 
 0.011956 0.002079 0.011429 0.001665 
 0.011968 0.001988 0.011442 0.001584 
 0.011980 0.001695 0.011455 0.001362 
 0.011992 0.001958 0.011467 0.001292 
 0.012004 0.001615 0.011480 0.001554 
 0.012016 0.001463 0.011492 0.001231 
 0.012028 0.001251 0.011505 0.001130 
 0.012040 0.001211 0.011518 0.001241 
 0.012052 0.001393 0.011530 0.001070 
 0.012065 0.001302 0.011543 0.001090 
 0.012077 0.001090 0.011555 0.000989 
 0.012089 0.001100 0.011568 0.001171 
 0.012101 0.001060 0.011581 0.000858 
 0.012113 0.001050 0.011593 0.000928 
 0.012125 0.000908 0.011606 0.000757 
 0.012137 0.000928 0.011618 0.000616 
 0.012149 0.000928 0.011631 0.000828 
 0.012161 0.000898 0.011644 0.000676 
 0.012173 0.000676 0.011656 0.000727 
 0.012186 0.000686 0.011669 0.000727 
 0.012198 0.000575 0.011681 0.000636 
 0.012210 0.000636 0.011694 0.000555 
 0.012222 0.000626 0.011707 0.000616 
 0.012234 0.000585 0.011719 0.000525 
 0.012246 0.000474 0.011732 0.000565 
 0.012258 0.000484 0.011744 0.000383 
 0.012270 0.000444 0.011757 0.000424 
 0.012282 0.000434 0.011770 0.000444 
 0.012294 0.000373 0.011782 0.000313 
 0.012307 0.000494 0.011795 0.000383 
 0.012319 0.000404 0.011807 0.000303 
 0.012331 0.000313 0.011820 0.000232 
 0.012343 0.000353 0.011833 0.000283 
 0.012355 0.000333 0.011845 0.000383 
 0.012367 0.000262 0.011858 0.000323 
 0.012379 0.000192 0.011870 0.000283 
 0.012391 0.000232 0.011883 0.000202 
 0.012403 0.000192 0.011896 0.000222 
 0.012416 0.000121 0.011908 0.000202 
 0.012428 0.000192 0.011921 0.000202 
 0.012440 0.000151 0.011933 0.000141 
 0.012452 0.000192 0.011946 0.000151 
 0.012464 0.000151 0.011959 0.000283 
 0.012476 0.000151 0.011971 0.000161 
 0.012488 0.000111 0.011984 0.000192 
 0.012500 0.000151 0.011996 0.000131 
 0.012512 0.000091 0.012009 0.000091 
 0.012524 0.000061 0.012022 0.000121 
 0.012537 0.000131 0.012034 0.000091 
 0.012549 0.000071 0.012047 0.000111 
 0.012561 0.000040 0.012059 0.000091 
 0.012573 0.000091 0.012072 0.000081 
 0.012585 0.000101 0.012085 0.000050 
 0.012597 0.000040 0.012097 0.000101 
 0.012609 0.000040 0.012110 0.000081 
 0.012621 0.000091 0.012122 0.000081 
 0.012633 0.000030 0.012135 0.000071 
 0.012645 0.000040 0.012148 0.000040 
 0.012658 0.000040 0.012160 0.000081 
 0.012670 0.000000 0.012173 0.000081 
 0.012682 0.000040 0.012185 0.000061 
 0.012694 0.000030 0.012198 0.000040 
 0.012706 0.000010 0.012211 0.000040 
 0.012718 0.000020 0.012223 0.000020 
 0.012730 0.000030 0.012236 0.000040 
 0.012742 0.000040 0.012248 0.000030 
 0.012754 0.000000 0.012261 0.000040 
 0.012767 0.000010 0.012274 0.000020 
 0.012779 0.000020 0.012286 0.000020 
 0.012791 0.000010 0.012299 0.000030 
 0.012803 0.000000 0.012311 0.000050 
 0.012815 0.000000 0.012324 0.000050 
 0.012827 0.000030 0.012337 0.000010 
 0.012839 0.000000 0.012349 0.000010 
 0.012851 0.000000 0.012362 0.000010 
 0.012863 0.000010 0.012374 0.000020 
 0.012875 0.000000 0.012387 0.000010 
 0.012888 0.000000 0.012400 0.000050 
 0.012900 0.000000 0.012412 0.000000 
 0.012912 0.000010 0.012425 0.000010 
 0.012924 0.000010 0.012437 0.000030 
 0.012936 0.000000 0.012450 0.000030 
 0.012948 0.000010 0.012463 0.000000 
 0.012960 0.000000 0.012475 0.000020 
 0.012972 0.000000 0.012488 0.000010 
 0.012984 0.000000 0.012500 0.000000 
 0.012996 0.000000 0.012513 0.000000 
 0.013009 0.000000 0.012526 0.000020 
 0.013021 0.000000 0.012538 0.000000 
 0.013033 0.000000 0.012551 0.000000 
 0.013045 0.000000 0.012563 0.000000 
 0.013057 0.000000 0.012576 0.000000 
 0.013069 0.000010 0.012589 0.000000 
