#rbin[i] Nr[i] lbin[i] Nl[i]
 0.009184 0.000010 0.000015 0.000080 
 0.009240 0.000000 0.000081 0.000150 
 0.009296 0.000000 0.000146 0.000400 
 0.009352 0.000000 0.000211 0.000350 
 0.009408 0.000000 0.000277 0.000620 
 0.009465 0.000000 0.000342 0.000520 
 0.009521 0.000000 0.000408 0.000750 
 0.009577 0.000000 0.000473 0.000810 
 0.009633 0.000000 0.000538 0.000780 
 0.009689 0.000000 0.000604 0.000980 
 0.009745 0.000000 0.000669 0.000900 
 0.009801 0.000000 0.000734 0.000980 
 0.009858 0.000000 0.000800 0.000930 
 0.009914 0.000000 0.000865 0.001150 
 0.009970 0.000000 0.000931 0.001050 
 0.010026 0.000000 0.000996 0.001180 
 0.010082 0.000000 0.001061 0.001200 
 0.010138 0.000000 0.001127 0.001230 
 0.010194 0.000000 0.001192 0.001170 
 0.010251 0.000000 0.001258 0.001230 
 0.010307 0.000000 0.001323 0.001120 
 0.010363 0.000000 0.001388 0.001230 
 0.010419 0.000000 0.001454 0.001460 
 0.010475 0.000000 0.001519 0.001220 
 0.010531 0.000000 0.001585 0.001080 
 0.010587 0.000000 0.001650 0.001200 
 0.010644 0.000010 0.001715 0.001430 
 0.010700 0.000000 0.001781 0.001190 
 0.010756 0.000000 0.001846 0.001120 
 0.010812 0.000010 0.001911 0.001220 
 0.010868 0.000010 0.001977 0.001210 
 0.010924 0.000010 0.002042 0.001270 
 0.010980 0.000000 0.002108 0.001250 
 0.011037 0.000000 0.002173 0.001140 
 0.011093 0.000000 0.002238 0.001280 
 0.011149 0.000010 0.002304 0.001160 
 0.011205 0.000000 0.002369 0.001120 
 0.011261 0.000000 0.002435 0.001320 
 0.011317 0.000000 0.002500 0.001310 
 0.011373 0.000000 0.002565 0.001220 
 0.011430 0.000010 0.002631 0.001130 
 0.011486 0.000010 0.002696 0.001250 
 0.011542 0.000010 0.002761 0.001280 
 0.011598 0.000000 0.002827 0.001260 
 0.011654 0.000000 0.002892 0.001230 
 0.011710 0.000000 0.002958 0.001180 
 0.011766 0.000000 0.003023 0.001220 
 0.011823 0.000000 0.003088 0.001170 
 0.011879 0.000000 0.003154 0.001290 
 0.011935 0.000010 0.003219 0.001050 
 0.011991 0.000000 0.003285 0.001350 
 0.012047 0.000000 0.003350 0.001220 
 0.012103 0.000000 0.003415 0.001410 
 0.012159 0.000000 0.003481 0.001250 
 0.012216 0.000010 0.003546 0.001420 
 0.012272 0.000000 0.003611 0.001210 
 0.012328 0.000000 0.003677 0.001280 
 0.012384 0.000010 0.003742 0.001280 
 0.012440 0.000000 0.003808 0.001330 
 0.012496 0.000000 0.003873 0.001340 
 0.012552 0.000000 0.003938 0.001220 
 0.012609 0.000010 0.004004 0.001200 
 0.012665 0.000010 0.004069 0.001360 
 0.012721 0.000010 0.004135 0.001310 
 0.012777 0.000010 0.004200 0.001300 
 0.012833 0.000010 0.004265 0.001150 
 0.012889 0.000000 0.004331 0.001220 
 0.012945 0.000000 0.004396 0.001280 
 0.013002 0.000000 0.004461 0.001300 
 0.013058 0.000000 0.004527 0.001410 
 0.013114 0.000000 0.004592 0.001080 
 0.013170 0.000000 0.004658 0.001260 
 0.013226 0.000010 0.004723 0.001200 
 0.013282 0.000000 0.004788 0.001060 
 0.013338 0.000000 0.004854 0.001340 
 0.013395 0.000000 0.004919 0.001410 
 0.013451 0.000000 0.004985 0.001210 
 0.013507 0.000000 0.005050 0.001240 
 0.013563 0.000000 0.005115 0.001170 
 0.013619 0.000010 0.005181 0.001000 
 0.013675 0.000000 0.005246 0.001090 
 0.013731 0.000000 0.005312 0.001350 
 0.013788 0.000000 0.005377 0.001120 
 0.013844 0.000010 0.005442 0.001190 
 0.013900 0.000020 0.005508 0.001160 
 0.013956 0.000010 0.005573 0.001300 
 0.014012 0.000000 0.005638 0.001280 
 0.014068 0.000010 0.005704 0.001060 
 0.014124 0.000000 0.005769 0.001280 
 0.014181 0.000010 0.005835 0.001260 
 0.014237 0.000060 0.005900 0.001330 
 0.014293 0.000020 0.005965 0.001310 
 0.014349 0.000020 0.006031 0.001000 
 0.014405 0.000020 0.006096 0.001460 
 0.014461 0.000000 0.006162 0.001110 
 0.014517 0.000000 0.006227 0.001340 
 0.014574 0.000020 0.006292 0.001230 
 0.014630 0.000010 0.006358 0.001230 
 0.014686 0.000010 0.006423 0.001220 
 0.014742 0.000010 0.006488 0.001220 
 0.014798 0.000010 0.006554 0.001220 
 0.014854 0.000020 0.006619 0.001110 
 0.014910 0.000010 0.006685 0.001150 
 0.014967 0.000030 0.006750 0.001420 
 0.015023 0.000060 0.006815 0.001160 
 0.015079 0.000010 0.006881 0.001250 
 0.015135 0.000020 0.006946 0.001240 
 0.015191 0.000000 0.007012 0.001210 
 0.015247 0.000070 0.007077 0.001170 
 0.015303 0.000010 0.007142 0.001090 
 0.015360 0.000060 0.007208 0.001290 
 0.015416 0.000000 0.007273 0.001240 
 0.015472 0.000030 0.007338 0.001170 
 0.015528 0.000050 0.007404 0.001090 
 0.015584 0.000000 0.007469 0.001210 
 0.015640 0.000010 0.007535 0.001090 
 0.015696 0.000020 0.007600 0.001370 
 0.015753 0.000020 0.007665 0.001230 
 0.015809 0.000030 0.007731 0.001100 
 0.015865 0.000050 0.007796 0.001160 
 0.015921 0.000000 0.007862 0.001410 
 0.015977 0.000000 0.007927 0.001110 
 0.016033 0.000020 0.007992 0.001230 
 0.016089 0.000030 0.008058 0.001200 
 0.016146 0.000020 0.008123 0.001070 
 0.016202 0.000010 0.008188 0.001060 
 0.016258 0.000020 0.008254 0.001330 
 0.016314 0.000010 0.008319 0.001430 
 0.016370 0.000030 0.008385 0.001240 
 0.016426 0.000020 0.008450 0.001110 
 0.016482 0.000020 0.008515 0.001260 
 0.016539 0.000010 0.008581 0.001100 
 0.016595 0.000020 0.008646 0.001350 
 0.016651 0.000050 0.008712 0.001310 
 0.016707 0.000030 0.008777 0.001280 
 0.016763 0.000010 0.008842 0.001140 
 0.016819 0.000020 0.008908 0.001170 
 0.016875 0.000020 0.008973 0.001350 
 0.016932 0.000050 0.009039 0.001220 
 0.016988 0.000010 0.009104 0.001280 
 0.017044 0.000020 0.009169 0.001290 
 0.017100 0.000060 0.009235 0.001330 
 0.017156 0.000010 0.009300 0.001360 
 0.017212 0.000020 0.009365 0.001300 
 0.017268 0.000050 0.009431 0.001420 
 0.017325 0.000040 0.009496 0.001280 
 0.017381 0.000020 0.009562 0.001270 
 0.017437 0.000040 0.009627 0.001230 
 0.017493 0.000070 0.009692 0.001320 
 0.017549 0.000080 0.009758 0.001180 
 0.017605 0.000070 0.009823 0.001340 
 0.017661 0.000050 0.009889 0.001270 
 0.017718 0.000080 0.009954 0.001230 
 0.017774 0.000040 0.010019 0.001300 
 0.017830 0.000120 0.010085 0.001020 
 0.017886 0.000080 0.010150 0.001380 
 0.017942 0.000030 0.010215 0.001340 
 0.017998 0.000090 0.010281 0.001270 
 0.018054 0.000160 0.010346 0.001180 
 0.018111 0.000200 0.010412 0.001360 
 0.018167 0.000140 0.010477 0.001300 
 0.018223 0.000210 0.010542 0.001320 
 0.018279 0.000200 0.010608 0.001160 
 0.018335 0.000100 0.010673 0.001170 
 0.018391 0.000250 0.010739 0.001190 
 0.018447 0.000260 0.010804 0.001240 
 0.018504 0.000150 0.010869 0.001490 
 0.018560 0.000350 0.010935 0.001430 
 0.018616 0.000420 0.011000 0.001290 
 0.018672 0.000310 0.011065 0.001130 
 0.018728 0.000370 0.011131 0.001570 
 0.018784 0.000480 0.011196 0.001260 
 0.018840 0.000570 0.011262 0.001330 
 0.018897 0.000660 0.011327 0.001180 
 0.018953 0.000880 0.011392 0.001310 
 0.019009 0.000870 0.011458 0.001240 
 0.019065 0.000880 0.011523 0.001290 
 0.019121 0.001000 0.011589 0.001250 
 0.019177 0.000990 0.011654 0.001450 
 0.019233 0.001220 0.011719 0.001420 
 0.019290 0.000990 0.011785 0.001180 
 0.019346 0.001180 0.011850 0.001440 
 0.019402 0.001520 0.011915 0.001350 
 0.019458 0.001550 0.011981 0.001340 
 0.019514 0.001890 0.012046 0.001200 
 0.019570 0.002210 0.012112 0.001400 
 0.019626 0.002150 0.012177 0.001340 
 0.019683 0.002550 0.012242 0.001570 
 0.019739 0.002410 0.012308 0.001320 
 0.019795 0.002851 0.012373 0.001110 
 0.019851 0.003211 0.012439 0.001210 
 0.019907 0.003261 0.012504 0.001450 
 0.019963 0.003181 0.012569 0.001420 
 0.020019 0.002720 0.012635 0.001250 
 0.020076 0.002620 0.012700 0.001150 
 0.020132 0.002120 0.012766 0.001510 
 0.020188 0.002010 0.012831 0.001540 
 0.020244 0.001720 0.012896 0.001330 
 0.020300 0.001700 0.012962 0.001350 
 0.020356 0.001680 0.013027 0.001370 
 0.020412 0.001470 0.013092 0.001450 
 0.020469 0.001400 0.013158 0.001340 
 0.020525 0.001440 0.013223 0.001390 
 0.020581 0.001210 0.013289 0.001520 
 0.020637 0.001410 0.013354 0.001230 
 0.020693 0.001550 0.013419 0.001360 
 0.020749 0.001270 0.013485 0.001270 
 0.020806 0.001540 0.013550 0.001270 
 0.020862 0.001270 0.013616 0.001270 
 0.020918 0.001310 0.013681 0.001150 
 0.020974 0.001350 0.013746 0.001520 
 0.021030 0.001210 0.013812 0.001280 
 0.021086 0.001250 0.013877 0.001170 
 0.021142 0.001270 0.013942 0.001320 
 0.021198 0.001160 0.014008 0.001390 
 0.021255 0.001270 0.014073 0.001310 
 0.021311 0.001120 0.014139 0.001360 
 0.021367 0.001180 0.014204 0.001420 
 0.021423 0.001230 0.014269 0.001430 
 0.021479 0.001010 0.014335 0.001530 
 0.021535 0.001000 0.014400 0.001430 
 0.021592 0.001000 0.014466 0.001330 
 0.021648 0.000980 0.014531 0.001350 
 0.021704 0.000860 0.014596 0.001430 
 0.021760 0.001090 0.014662 0.001430 
 0.021816 0.001180 0.014727 0.001410 
 0.021872 0.000980 0.014792 0.001350 
 0.021928 0.001100 0.014858 0.001600 
 0.021985 0.000960 0.014923 0.001560 
 0.022041 0.001030 0.014989 0.001300 
 0.022097 0.000950 0.015054 0.001530 
 0.022153 0.000910 0.015119 0.001720 
 0.022209 0.000930 0.015185 0.001350 
 0.022265 0.000890 0.015250 0.001340 
 0.022321 0.000900 0.015316 0.001570 
 0.022378 0.001050 0.015381 0.001410 
 0.022434 0.000730 0.015446 0.001500 
 0.022490 0.001080 0.015512 0.001520 
 0.022546 0.000950 0.015577 0.001500 
 0.022602 0.001090 0.015642 0.001520 
 0.022658 0.000970 0.015708 0.001830 
 0.022714 0.000960 0.015773 0.001490 
 0.022771 0.001000 0.015839 0.001620 
 0.022827 0.001090 0.015904 0.001420 
 0.022883 0.000930 0.015969 0.001510 
 0.022939 0.001150 0.016035 0.001540 
 0.022995 0.001200 0.016100 0.001650 
 0.023051 0.001260 0.016166 0.001510 
 0.023107 0.001190 0.016231 0.001480 
 0.023164 0.001310 0.016296 0.001600 
 0.023220 0.001280 0.016362 0.001420 
 0.023276 0.001250 0.016427 0.001640 
 0.023332 0.001330 0.016493 0.001460 
 0.023388 0.001500 0.016558 0.001580 
 0.023444 0.001430 0.016623 0.001650 
 0.023500 0.001590 0.016689 0.001410 
 0.023557 0.001410 0.016754 0.001610 
 0.023613 0.001660 0.016819 0.001660 
 0.023669 0.001570 0.016885 0.001520 
 0.023725 0.001690 0.016950 0.001540 
 0.023781 0.001790 0.017016 0.001750 
 0.023837 0.001870 0.017081 0.001530 
 0.023893 0.002000 0.017146 0.001630 
 0.023950 0.001650 0.017212 0.001750 
 0.024006 0.002090 0.017277 0.001730 
 0.024062 0.001630 0.017343 0.001630 
 0.024118 0.001710 0.017408 0.001760 
 0.024174 0.001930 0.017473 0.001660 
 0.024230 0.001610 0.017539 0.001700 
 0.024286 0.001900 0.017604 0.001490 
 0.024343 0.001860 0.017669 0.001790 
 0.024399 0.001670 0.017735 0.001710 
 0.024455 0.001480 0.017800 0.001770 
 0.024511 0.001310 0.017866 0.001470 
 0.024567 0.001400 0.017931 0.001740 
 0.024623 0.001240 0.017996 0.001700 
 0.024679 0.001090 0.018062 0.001640 
 0.024736 0.001130 0.018127 0.001810 
 0.024792 0.001180 0.018193 0.001580 
 0.024848 0.001030 0.018258 0.001700 
 0.024904 0.000900 0.018323 0.001820 
 0.024960 0.000940 0.018389 0.001720 
 0.025016 0.000750 0.018454 0.001990 
 0.025072 0.000700 0.018519 0.001650 
 0.025129 0.000630 0.018585 0.002050 
 0.025185 0.000840 0.018650 0.001690 
 0.025241 0.000640 0.018716 0.001890 
 0.025297 0.000790 0.018781 0.001950 
 0.025353 0.000650 0.018846 0.002030 
 0.025409 0.000840 0.018912 0.001770 
 0.025465 0.000660 0.018977 0.001860 
 0.025522 0.000640 0.019043 0.001970 
 0.025578 0.000530 0.019108 0.001960 
 0.025634 0.000630 0.019173 0.001970 
 0.025690 0.000640 0.019239 0.001910 
 0.025746 0.000570 0.019304 0.002090 
 0.025802 0.000700 0.019369 0.001800 
 0.025858 0.000640 0.019435 0.002000 
 0.025915 0.000610 0.019500 0.001830 
 0.025971 0.000680 0.019566 0.001940 
 0.026027 0.000590 0.019631 0.001990 
 0.026083 0.000440 0.019696 0.002150 
 0.026139 0.000530 0.019762 0.001890 
 0.026195 0.000580 0.019827 0.002110 
 0.026251 0.000720 0.019893 0.001770 
 0.026308 0.000480 0.019958 0.001800 
 0.026364 0.000510 0.020023 0.002010 
 0.026420 0.000580 0.020089 0.001860 
 0.026476 0.000680 0.020154 0.001790 
 0.026532 0.000630 0.020220 0.001850 
 0.026588 0.000680 0.020285 0.001830 
 0.026644 0.000560 0.020350 0.001660 
 0.026701 0.000620 0.020416 0.001710 
 0.026757 0.000510 0.020481 0.001680 
 0.026813 0.000590 0.020546 0.001990 
 0.026869 0.000520 0.020612 0.001830 
 0.026925 0.000570 0.020677 0.001730 
 0.026981 0.000540 0.020743 0.001640 
 0.027037 0.000470 0.020808 0.001650 
 0.027094 0.000580 0.020873 0.001830 
 0.027150 0.000610 0.020939 0.001640 
 0.027206 0.000700 0.021004 0.001900 
 0.027262 0.000650 0.021070 0.001710 
 0.027318 0.000730 0.021135 0.001520 
 0.027374 0.000700 0.021200 0.001860 
 0.027430 0.000770 0.021266 0.001780 
 0.027487 0.000810 0.021331 0.001710 
 0.027543 0.000780 0.021396 0.001600 
 0.027599 0.000760 0.021462 0.001610 
 0.027655 0.000780 0.021527 0.001930 
 0.027711 0.000670 0.021593 0.001550 
 0.027767 0.000650 0.021658 0.001420 
 0.027823 0.000850 0.021723 0.001830 
 0.027880 0.000830 0.021789 0.001890 
 0.027936 0.000820 0.021854 0.001630 
 0.027992 0.000830 0.021920 0.001440 
 0.028048 0.000730 0.021985 0.001370 
 0.028104 0.000750 0.022050 0.001510 
 0.028160 0.000800 0.022116 0.001800 
 0.028216 0.000820 0.022181 0.001820 
 0.028273 0.000650 0.022246 0.001540 
 0.028329 0.000780 0.022312 0.001550 
 0.028385 0.000660 0.022377 0.001780 
 0.028441 0.000910 0.022443 0.001680 
 0.028497 0.000850 0.022508 0.001890 
 0.028553 0.000650 0.022573 0.001600 
 0.028609 0.000870 0.022639 0.001940 
 0.028666 0.000970 0.022704 0.001670 
 0.028722 0.000900 0.022770 0.001630 
 0.028778 0.000820 0.022835 0.001500 
 0.028834 0.000760 0.022900 0.001590 
 0.028890 0.000780 0.022966 0.001780 
 0.028946 0.000810 0.023031 0.001490 
 0.029002 0.000840 0.023096 0.002190 
 0.029059 0.000660 0.023162 0.001640 
 0.029115 0.000740 0.023227 0.001690 
 0.029171 0.000570 0.023293 0.001710 
 0.029227 0.000610 0.023358 0.001520 
 0.029283 0.000390 0.023423 0.001810 
 0.029339 0.000510 0.023489 0.001680 
 0.029395 0.000430 0.023554 0.001930 
 0.029452 0.000330 0.023620 0.001710 
 0.029508 0.000380 0.023685 0.001740 
 0.029564 0.000480 0.023750 0.001850 
 0.029620 0.000540 0.023816 0.001570 
 0.029676 0.000430 0.023881 0.001660 
 0.029732 0.000300 0.023947 0.001600 
 0.029788 0.000500 0.024012 0.001670 
 0.029845 0.000410 0.024077 0.001630 
 0.029901 0.000380 0.024143 0.001680 
 0.029957 0.000380 0.024208 0.001620 
 0.030013 0.000350 0.024273 0.001470 
 0.030069 0.000340 0.024339 0.001400 
 0.030125 0.000390 0.024404 0.001490 
 0.030181 0.000260 0.024470 0.001550 
 0.030238 0.000250 0.024535 0.001470 
 0.030294 0.000280 0.024600 0.001460 
 0.030350 0.000260 0.024666 0.001440 
 0.030406 0.000350 0.024731 0.001530 
 0.030462 0.000290 0.024797 0.001460 
 0.030518 0.000260 0.024862 0.001330 
 0.030574 0.000330 0.024927 0.001420 
 0.030631 0.000320 0.024993 0.001410 
 0.030687 0.000270 0.025058 0.001270 
 0.030743 0.000300 0.025123 0.001230 
 0.030799 0.000220 0.025189 0.001350 
 0.030855 0.000300 0.025254 0.001340 
 0.030911 0.000330 0.025320 0.001200 
 0.030967 0.000220 0.025385 0.001540 
 0.031024 0.000280 0.025450 0.001250 
 0.031080 0.000200 0.025516 0.001450 
 0.031136 0.000230 0.025581 0.001430 
 0.031192 0.000180 0.025647 0.001330 
 0.031248 0.000180 0.025712 0.001330 
 0.031304 0.000200 0.025777 0.001310 
 0.031360 0.000230 0.025843 0.001560 
 0.031417 0.000180 0.025908 0.001300 
 0.031473 0.000250 0.025973 0.001460 
 0.031529 0.000320 0.026039 0.001440 
 0.031585 0.000190 0.026104 0.001420 
 0.031641 0.000210 0.026170 0.001410 
 0.031697 0.000250 0.026235 0.001310 
 0.031753 0.000260 0.026300 0.001500 
 0.031810 0.000270 0.026366 0.001300 
 0.031866 0.000220 0.026431 0.001410 
 0.031922 0.000200 0.026497 0.001450 
 0.031978 0.000180 0.026562 0.001240 
 0.032034 0.000290 0.026627 0.001480 
 0.032090 0.000200 0.026693 0.001470 
 0.032146 0.000250 0.026758 0.001400 
 0.032203 0.000320 0.026823 0.001210 
 0.032259 0.000300 0.026889 0.001370 
 0.032315 0.000210 0.026954 0.001550 
 0.032371 0.000230 0.027020 0.001300 
 0.032427 0.000290 0.027085 0.001420 
 0.032483 0.000150 0.027150 0.001540 
 0.032539 0.000190 0.027216 0.001370 
 0.032596 0.000320 0.027281 0.001450 
 0.032652 0.000240 0.027347 0.001740 
 0.032708 0.000230 0.027412 0.001310 
 0.032764 0.000230 0.027477 0.001250 
 0.032820 0.000220 0.027543 0.001460 
 0.032876 0.000140 0.027608 0.001520 
 0.032932 0.000210 0.027674 0.001150 
 0.032989 0.000280 0.027739 0.001690 
 0.033045 0.000140 0.027804 0.001470 
 0.033101 0.000310 0.027870 0.001460 
 0.033157 0.000230 0.027935 0.001380 
 0.033213 0.000260 0.028000 0.001410 
 0.033269 0.000230 0.028066 0.001480 
 0.033325 0.000260 0.028131 0.001250 
 0.033382 0.000270 0.028197 0.001140 
 0.033438 0.000230 0.028262 0.001520 
 0.033494 0.000210 0.028327 0.001250 
 0.033550 0.000260 0.028393 0.001460 
 0.033606 0.000230 0.028458 0.001280 
 0.033662 0.000290 0.028524 0.001460 
 0.033718 0.000280 0.028589 0.001380 
 0.033775 0.000290 0.028654 0.001680 
 0.033831 0.000180 0.028720 0.001360 
 0.033887 0.000370 0.028785 0.001330 
 0.033943 0.000240 0.028850 0.001340 
 0.033999 0.000250 0.028916 0.001500 
 0.034055 0.000270 0.028981 0.001220 
 0.034111 0.000290 0.029047 0.001430 
 0.034168 0.000300 0.029112 0.001360 
 0.034224 0.000270 0.029177 0.001420 
 0.034280 0.000340 0.029243 0.001340 
 0.034336 0.000280 0.029308 0.001360 
 0.034392 0.000320 0.029374 0.001160 
 0.034448 0.000250 0.029439 0.001340 
 0.034504 0.000360 0.029504 0.001520 
 0.034561 0.000450 0.029570 0.001130 
 0.034617 0.000380 0.029635 0.001530 
 0.034673 0.000390 0.029700 0.001230 
 0.034729 0.000330 0.029766 0.001350 
 0.034785 0.000440 0.029831 0.001370 
 0.034841 0.000540 0.029897 0.001470 
 0.034897 0.000480 0.029962 0.001250 
 0.034954 0.000320 0.030027 0.001300 
 0.035010 0.000450 0.030093 0.001470 
 0.035066 0.000410 0.030158 0.001300 
 0.035122 0.000430 0.030224 0.001160 
 0.035178 0.000550 0.030289 0.001410 
 0.035234 0.000530 0.030354 0.001250 
 0.035290 0.000560 0.030420 0.001290 
 0.035347 0.000640 0.030485 0.001310 
 0.035403 0.000670 0.030550 0.001490 
 0.035459 0.000600 0.030616 0.000970 
 0.035515 0.000700 0.030681 0.001320 
 0.035571 0.000560 0.030747 0.001280 
 0.035627 0.000720 0.030812 0.001320 
 0.035683 0.000690 0.030877 0.001430 
 0.035740 0.000750 0.030943 0.001090 
 0.035796 0.000900 0.031008 0.001390 
 0.035852 0.000870 0.031074 0.001210 
 0.035908 0.000950 0.031139 0.001360 
 0.035964 0.000970 0.031204 0.001280 
 0.036020 0.000920 0.031270 0.001400 
 0.036076 0.000980 0.031335 0.001520 
 0.036133 0.001120 0.031401 0.001540 
 0.036189 0.001080 0.031466 0.001350 
 0.036245 0.001370 0.031531 0.001370 
 0.036301 0.001360 0.031597 0.001240 
 0.036357 0.001610 0.031662 0.001710 
 0.036413 0.001800 0.031727 0.001260 
 0.036469 0.001800 0.031793 0.001140 
 0.036526 0.002160 0.031858 0.001340 
 0.036582 0.002330 0.031924 0.001670 
 0.036638 0.002590 0.031989 0.001550 
 0.036694 0.002941 0.032054 0.001610 
 0.036750 0.003141 0.032120 0.001550 
 0.036806 0.003441 0.032185 0.001380 
 0.036862 0.003881 0.032251 0.001430 
 0.036919 0.003651 0.032316 0.001340 
 0.036975 0.004261 0.032381 0.001480 
 0.037031 0.004731 0.032447 0.001510 
 0.037087 0.005121 0.032512 0.001550 
 0.037143 0.005681 0.032577 0.001290 
 0.037199 0.006201 0.032643 0.001340 
 0.037255 0.006181 0.032708 0.001660 
 0.037312 0.007381 0.032774 0.001570 
 0.037368 0.007271 0.032839 0.001480 
 0.037424 0.008482 0.032904 0.001670 
 0.037480 0.008822 0.032970 0.001530 
 0.037536 0.009572 0.033035 0.001300 
 0.037592 0.011172 0.033101 0.001510 
 0.037648 0.011162 0.033166 0.001580 
 0.037705 0.011232 0.033231 0.001570 
 0.037761 0.012172 0.033297 0.001610 
 0.037817 0.013442 0.033362 0.001580 
 0.037873 0.012832 0.033427 0.001560 
 0.037929 0.013482 0.033493 0.001720 
 0.037985 0.013652 0.033558 0.001460 
 0.038041 0.013852 0.033624 0.001800 
 0.038098 0.014333 0.033689 0.001560 
 0.038154 0.013382 0.033754 0.001690 
 0.038210 0.012922 0.033820 0.001860 
 0.038266 0.014083 0.033885 0.001550 
 0.038322 0.012742 0.033951 0.001800 
 0.038378 0.012602 0.034016 0.001700 
 0.038434 0.012332 0.034081 0.001560 
 0.038491 0.011652 0.034147 0.001580 
 0.038547 0.011932 0.034212 0.001550 
 0.038603 0.011042 0.034277 0.001520 
 0.038659 0.010382 0.034343 0.001930 
 0.038715 0.010472 0.034408 0.001670 
 0.038771 0.010142 0.034474 0.001800 
 0.038827 0.009402 0.034539 0.002140 
 0.038884 0.008632 0.034604 0.001840 
 0.038940 0.008952 0.034670 0.002130 
 0.038996 0.008001 0.034735 0.002020 
 0.039052 0.008141 0.034801 0.001950 
 0.039108 0.007591 0.034866 0.001740 
 0.039164 0.006671 0.034931 0.001880 
 0.039220 0.006511 0.034997 0.002030 
 0.039277 0.006341 0.035062 0.002230 
 0.039333 0.006631 0.035128 0.001950 
 0.039389 0.005951 0.035193 0.002280 
 0.039445 0.005401 0.035258 0.002320 
 0.039501 0.005351 0.035324 0.001800 
 0.039557 0.005241 0.035389 0.002330 
 0.039613 0.004731 0.035454 0.001880 
 0.039670 0.004901 0.035520 0.002100 
 0.039726 0.004491 0.035585 0.001990 
 0.039782 0.004121 0.035651 0.002290 
 0.039838 0.003941 0.035716 0.002170 
 0.039894 0.004071 0.035781 0.002520 
 0.039950 0.003691 0.035847 0.002460 
 0.040006 0.003481 0.035912 0.002600 
 0.040063 0.003551 0.035978 0.002700 
 0.040119 0.003451 0.036043 0.002570 
 0.040175 0.003371 0.036108 0.002360 
 0.040231 0.003411 0.036174 0.002640 
 0.040287 0.003301 0.036239 0.002620 
 0.040343 0.002871 0.036304 0.002770 
 0.040399 0.002750 0.036370 0.002600 
 0.040456 0.002730 0.036435 0.003251 
 0.040512 0.002570 0.036501 0.002680 
 0.040568 0.002680 0.036566 0.003021 
 0.040624 0.002620 0.036631 0.002630 
 0.040680 0.002630 0.036697 0.003231 
 0.040736 0.002710 0.036762 0.002851 
 0.040792 0.002450 0.036828 0.003041 
 0.040849 0.002320 0.036893 0.003221 
 0.040905 0.002040 0.036958 0.002971 
 0.040961 0.002540 0.037024 0.003631 
 0.041017 0.002240 0.037089 0.003431 
 0.041073 0.002010 0.037154 0.003081 
 0.041129 0.001910 0.037220 0.003191 
 0.041185 0.002180 0.037285 0.003551 
 0.041242 0.002280 0.037351 0.003171 
 0.041298 0.002080 0.037416 0.003411 
 0.041354 0.002100 0.037481 0.003391 
 0.041410 0.002010 0.037547 0.003471 
 0.041466 0.002020 0.037612 0.003461 
 0.041522 0.002000 0.037678 0.003451 
 0.041578 0.001910 0.037743 0.003561 
 0.041635 0.001590 0.037808 0.003281 
 0.041691 0.001970 0.037874 0.002861 
 0.041747 0.001780 0.037939 0.003191 
 0.041803 0.001710 0.038004 0.003031 
 0.041859 0.001650 0.038070 0.002921 
 0.041915 0.001770 0.038135 0.002821 
 0.041971 0.001800 0.038201 0.002450 
 0.042028 0.001780 0.038266 0.002270 
 0.042084 0.001680 0.038331 0.002740 
 0.042140 0.001750 0.038397 0.002090 
 0.042196 0.001750 0.038462 0.002010 
 0.042252 0.001750 0.038528 0.002010 
 0.042308 0.001590 0.038593 0.001880 
 0.042364 0.001540 0.038658 0.001710 
 0.042421 0.001520 0.038724 0.001840 
 0.042477 0.001730 0.038789 0.001610 
 0.042533 0.001590 0.038855 0.001490 
 0.042589 0.001430 0.038920 0.001540 
 0.042645 0.001650 0.038985 0.001430 
 0.042701 0.001370 0.039051 0.001420 
 0.042757 0.001280 0.039116 0.001280 
 0.042814 0.001630 0.039181 0.001330 
 0.042870 0.001560 0.039247 0.001340 
 0.042926 0.001540 0.039312 0.001160 
 0.042982 0.001320 0.039378 0.001150 
 0.043038 0.001360 0.039443 0.001120 
 0.043094 0.001480 0.039508 0.001110 
 0.043150 0.001130 0.039574 0.000880 
 0.043207 0.001290 0.039639 0.001070 
 0.043263 0.001320 0.039705 0.000990 
 0.043319 0.001230 0.039770 0.000780 
 0.043375 0.001340 0.039835 0.000850 
 0.043431 0.001370 0.039901 0.000890 
 0.043487 0.001270 0.039966 0.000850 
 0.043543 0.001220 0.040031 0.001010 
 0.043600 0.001130 0.040097 0.000700 
 0.043656 0.001350 0.040162 0.000830 
 0.043712 0.001200 0.040228 0.000670 
 0.043768 0.001220 0.040293 0.000630 
 0.043824 0.000960 0.040358 0.000840 
 0.043880 0.001000 0.040424 0.000670 
 0.043936 0.001130 0.040489 0.000740 
 0.043993 0.001080 0.040555 0.000760 
 0.044049 0.001330 0.040620 0.000760 
 0.044105 0.001270 0.040685 0.000680 
 0.044161 0.001020 0.040751 0.000720 
 0.044217 0.001110 0.040816 0.000700 
 0.044273 0.001210 0.040881 0.000710 
 0.044329 0.001090 0.040947 0.000690 
 0.044386 0.001140 0.041012 0.000780 
 0.044442 0.001250 0.041078 0.000650 
 0.044498 0.000990 0.041143 0.000620 
 0.044554 0.001040 0.041208 0.000610 
 0.044610 0.001030 0.041274 0.000550 
 0.044666 0.000850 0.041339 0.000730 
 0.044722 0.001090 0.041405 0.000730 
 0.044779 0.001060 0.041470 0.000500 
 0.044835 0.000840 0.041535 0.000470 
 0.044891 0.001000 0.041601 0.000500 
 0.044947 0.000980 0.041666 0.000510 
 0.045003 0.000940 0.041731 0.000510 
 0.045059 0.000900 0.041797 0.000510 
 0.045115 0.000940 0.041862 0.000540 
 0.045172 0.000920 0.041928 0.000580 
 0.045228 0.000950 0.041993 0.000600 
 0.045284 0.000740 0.042058 0.000480 
 0.045340 0.000900 0.042124 0.000500 
 0.045396 0.001040 0.042189 0.000570 
 0.045452 0.000690 0.042255 0.000710 
 0.045508 0.000860 0.042320 0.000490 
 0.045565 0.000880 0.042385 0.000470 
 0.045621 0.000660 0.042451 0.000360 
 0.045677 0.000930 0.042516 0.000470 
 0.045733 0.000730 0.042582 0.000420 
 0.045789 0.000780 0.042647 0.000500 
 0.045845 0.000810 0.042712 0.000420 
 0.045901 0.000820 0.042778 0.000550 
 0.045958 0.000690 0.042843 0.000520 
 0.046014 0.000630 0.042908 0.000420 
 0.046070 0.000750 0.042974 0.000520 
 0.046126 0.000770 0.043039 0.000500 
 0.046182 0.000760 0.043105 0.000390 
 0.046238 0.000650 0.043170 0.000420 
 0.046294 0.000640 0.043235 0.000320 
 0.046351 0.000680 0.043301 0.000470 
 0.046407 0.000700 0.043366 0.000450 
 0.046463 0.000600 0.043432 0.000440 
 0.046519 0.000660 0.043497 0.000470 
 0.046575 0.000740 0.043562 0.000360 
 0.046631 0.000640 0.043628 0.000360 
 0.046687 0.000610 0.043693 0.000410 
 0.046744 0.000710 0.043758 0.000370 
 0.046800 0.000590 0.043824 0.000250 
 0.046856 0.000650 0.043889 0.000310 
 0.046912 0.000580 0.043955 0.000280 
 0.046968 0.000690 0.044020 0.000330 
 0.047024 0.000420 0.044085 0.000330 
 0.047080 0.000560 0.044151 0.000310 
 0.047137 0.000630 0.044216 0.000340 
 0.047193 0.000510 0.044282 0.000370 
 0.047249 0.000510 0.044347 0.000290 
 0.047305 0.000590 0.044412 0.000380 
 0.047361 0.000620 0.044478 0.000270 
 0.047417 0.000550 0.044543 0.000330 
 0.047473 0.000600 0.044608 0.000340 
 0.047530 0.000710 0.044674 0.000290 
 0.047586 0.000450 0.044739 0.000310 
 0.047642 0.000600 0.044805 0.000300 
 0.047698 0.000330 0.044870 0.000330 
 0.047754 0.000540 0.044935 0.000330 
 0.047810 0.000390 0.045001 0.000270 
 0.047866 0.000460 0.045066 0.000260 
 0.047923 0.000480 0.045132 0.000240 
 0.047979 0.000370 0.045197 0.000250 
 0.048035 0.000420 0.045262 0.000340 
 0.048091 0.000440 0.045328 0.000320 
 0.048147 0.000490 0.045393 0.000270 
 0.048203 0.000420 0.045458 0.000150 
 0.048259 0.000550 0.045524 0.000330 
 0.048316 0.000350 0.045589 0.000230 
 0.048372 0.000400 0.045655 0.000190 
 0.048428 0.000330 0.045720 0.000240 
 0.048484 0.000500 0.045785 0.000210 
 0.048540 0.000410 0.045851 0.000210 
 0.048596 0.000450 0.045916 0.000260 
 0.048652 0.000360 0.045982 0.000210 
 0.048709 0.000530 0.046047 0.000270 
 0.048765 0.000370 0.046112 0.000220 
 0.048821 0.000440 0.046178 0.000180 
 0.048877 0.000340 0.046243 0.000210 
 0.048933 0.000430 0.046309 0.000140 
 0.048989 0.000370 0.046374 0.000240 
 0.049045 0.000440 0.046439 0.000300 
 0.049102 0.000450 0.046505 0.000220 
 0.049158 0.000410 0.046570 0.000140 
 0.049214 0.000440 0.046635 0.000200 
 0.049270 0.000440 0.046701 0.000170 
 0.049326 0.000330 0.046766 0.000200 
 0.049382 0.000260 0.046832 0.000260 
 0.049438 0.000310 0.046897 0.000170 
 0.049495 0.000280 0.046962 0.000250 
 0.049551 0.000370 0.047028 0.000150 
 0.049607 0.000320 0.047093 0.000260 
 0.049663 0.000370 0.047159 0.000180 
 0.049719 0.000280 0.047224 0.000120 
 0.049775 0.000330 0.047289 0.000170 
 0.049831 0.000270 0.047355 0.000190 
 0.049888 0.000320 0.047420 0.000170 
 0.049944 0.000340 0.047485 0.000180 
 0.050000 0.000290 0.047551 0.000180 
 0.050056 0.000240 0.047616 0.000150 
 0.050112 0.000260 0.047682 0.000120 
 0.050168 0.000330 0.047747 0.000230 
 0.050224 0.000330 0.047812 0.000120 
 0.050281 0.000400 0.047878 0.000150 
 0.050337 0.000270 0.047943 0.000100 
 0.050393 0.000310 0.048009 0.000140 
 0.050449 0.000250 0.048074 0.000160 
 0.050505 0.000290 0.048139 0.000220 
 0.050561 0.000230 0.048205 0.000110 
 0.050617 0.000410 0.048270 0.000160 
 0.050674 0.000320 0.048335 0.000140 
 0.050730 0.000150 0.048401 0.000070 
 0.050786 0.000210 0.048466 0.000210 
 0.050842 0.000160 0.048532 0.000160 
 0.050898 0.000240 0.048597 0.000120 
 0.050954 0.000320 0.048662 0.000150 
 0.051010 0.000230 0.048728 0.000160 
 0.051067 0.000200 0.048793 0.000110 
 0.051123 0.000240 0.048859 0.000180 
 0.051179 0.000200 0.048924 0.000110 
 0.051235 0.000190 0.048989 0.000200 
 0.051291 0.000260 0.049055 0.000120 
 0.051347 0.000210 0.049120 0.000150 
 0.051403 0.000310 0.049185 0.000090 
 0.051460 0.000260 0.049251 0.000140 
 0.051516 0.000280 0.049316 0.000120 
 0.051572 0.000210 0.049382 0.000170 
 0.051628 0.000190 0.049447 0.000050 
 0.051684 0.000240 0.049512 0.000090 
 0.051740 0.000250 0.049578 0.000160 
 0.051796 0.000170 0.049643 0.000160 
 0.051853 0.000230 0.049709 0.000160 
 0.051909 0.000270 0.049774 0.000080 
 0.051965 0.000190 0.049839 0.000090 
 0.052021 0.000210 0.049905 0.000050 
 0.052077 0.000170 0.049970 0.000160 
 0.052133 0.000180 0.050036 0.000090 
 0.052189 0.000210 0.050101 0.000040 
 0.052246 0.000160 0.050166 0.000050 
 0.052302 0.000220 0.050232 0.000090 
 0.052358 0.000180 0.050297 0.000070 
 0.052414 0.000150 0.050362 0.000050 
 0.052470 0.000170 0.050428 0.000110 
 0.052526 0.000210 0.050493 0.000150 
 0.052582 0.000230 0.050559 0.000070 
 0.052639 0.000280 0.050624 0.000160 
 0.052695 0.000200 0.050689 0.000060 
 0.052751 0.000110 0.050755 0.000090 
 0.052807 0.000210 0.050820 0.000060 
 0.052863 0.000200 0.050886 0.000070 
 0.052919 0.000150 0.050951 0.000070 
 0.052975 0.000050 0.051016 0.000070 
 0.053032 0.000230 0.051082 0.000070 
 0.053088 0.000180 0.051147 0.000110 
 0.053144 0.000150 0.051212 0.000090 
 0.053200 0.000190 0.051278 0.000070 
 0.053256 0.000190 0.051343 0.000050 
 0.053312 0.000220 0.051409 0.000150 
 0.053368 0.000140 0.051474 0.000050 
 0.053425 0.000170 0.051539 0.000090 
 0.053481 0.000110 0.051605 0.000090 
 0.053537 0.000220 0.051670 0.000070 
 0.053593 0.000150 0.051736 0.000060 
 0.053649 0.000140 0.051801 0.000060 
 0.053705 0.000180 0.051866 0.000080 
 0.053761 0.000140 0.051932 0.000060 
 0.053818 0.000090 0.051997 0.000090 
 0.053874 0.000070 0.052062 0.000050 
 0.053930 0.000150 0.052128 0.000070 
 0.053986 0.000140 0.052193 0.000070 
 0.054042 0.000140 0.052259 0.000040 
 0.054098 0.000120 0.052324 0.000050 
 0.054154 0.000130 0.052389 0.000050 
 0.054211 0.000170 0.052455 0.000070 
 0.054267 0.000110 0.052520 0.000120 
 0.054323 0.000100 0.052586 0.000060 
 0.054379 0.000140 0.052651 0.000020 
 0.054435 0.000140 0.052716 0.000040 
 0.054491 0.000130 0.052782 0.000020 
 0.054547 0.000120 0.052847 0.000110 
 0.054604 0.000120 0.052912 0.000020 
 0.054660 0.000110 0.052978 0.000060 
 0.054716 0.000110 0.053043 0.000050 
 0.054772 0.000060 0.053109 0.000050 
 0.054828 0.000170 0.053174 0.000020 
 0.054884 0.000140 0.053239 0.000070 
 0.054940 0.000140 0.053305 0.000040 
 0.054997 0.000140 0.053370 0.000030 
 0.055053 0.000160 0.053436 0.000050 
 0.055109 0.000130 0.053501 0.000060 
 0.055165 0.000150 0.053566 0.000030 
 0.055221 0.000060 0.053632 0.000040 
 0.055277 0.000100 0.053697 0.000020 
 0.055333 0.000120 0.053763 0.000010 
 0.055390 0.000060 0.053828 0.000020 
 0.055446 0.000140 0.053893 0.000100 
 0.055502 0.000040 0.053959 0.000020 
 0.055558 0.000140 0.054024 0.000060 
 0.055614 0.000150 0.054089 0.000050 
 0.055670 0.000150 0.054155 0.000050 
 0.055726 0.000120 0.054220 0.000030 
 0.055783 0.000130 0.054286 0.000040 
 0.055839 0.000150 0.054351 0.000030 
 0.055895 0.000100 0.054416 0.000040 
 0.055951 0.000060 0.054482 0.000010 
 0.056007 0.000100 0.054547 0.000050 
 0.056063 0.000140 0.054613 0.000020 
 0.056119 0.000090 0.054678 0.000050 
 0.056176 0.000090 0.054743 0.000060 
 0.056232 0.000170 0.054809 0.000040 
 0.056288 0.000060 0.054874 0.000040 
 0.056344 0.000090 0.054939 0.000050 
 0.056400 0.000130 0.055005 0.000050 
 0.056456 0.000070 0.055070 0.000040 
 0.056512 0.000140 0.055136 0.000040 
 0.056569 0.000080 0.055201 0.000030 
 0.056625 0.000120 0.055266 0.000060 
 0.056681 0.000100 0.055332 0.000050 
 0.056737 0.000050 0.055397 0.000040 
 0.056793 0.000110 0.055463 0.000010 
 0.056849 0.000140 0.055528 0.000020 
 0.056905 0.000130 0.055593 0.000020 
 0.056962 0.000080 0.055659 0.000010 
 0.057018 0.000040 0.055724 0.000040 
 0.057074 0.000040 0.055789 0.000010 
 0.057130 0.000070 0.055855 0.000010 
 0.057186 0.000060 0.055920 0.000030 
 0.057242 0.000100 0.055986 0.000070 
 0.057298 0.000090 0.056051 0.000040 
 0.057355 0.000090 0.056116 0.000010 
 0.057411 0.000080 0.056182 0.000000 
 0.057467 0.000030 0.056247 0.000040 
 0.057523 0.000140 0.056313 0.000030 
 0.057579 0.000130 0.056378 0.000040 
 0.057635 0.000060 0.056443 0.000060 
 0.057691 0.000110 0.056509 0.000040 
 0.057748 0.000060 0.056574 0.000020 
 0.057804 0.000080 0.056639 0.000040 
 0.057860 0.000070 0.056705 0.000020 
 0.057916 0.000120 0.056770 0.000030 
 0.057972 0.000050 0.056836 0.000020 
 0.058028 0.000020 0.056901 0.000030 
 0.058084 0.000080 0.056966 0.000030 
 0.058141 0.000060 0.057032 0.000000 
 0.058197 0.000050 0.057097 0.000010 
 0.058253 0.000070 0.057163 0.000020 
 0.058309 0.000080 0.057228 0.000010 
 0.058365 0.000120 0.057293 0.000010 
 0.058421 0.000040 0.057359 0.000020 
 0.058477 0.000040 0.057424 0.000020 
 0.058534 0.000070 0.057490 0.000030 
 0.058590 0.000090 0.057555 0.000010 
 0.058646 0.000060 0.057620 0.000030 
 0.058702 0.000060 0.057686 0.000040 
 0.058758 0.000050 0.057751 0.000020 
 0.058814 0.000030 0.057816 0.000020 
 0.058870 0.000090 0.057882 0.000020 
 0.058927 0.000050 0.057947 0.000030 
 0.058983 0.000020 0.058013 0.000010 
 0.059039 0.000060 0.058078 0.000020 
 0.059095 0.000050 0.058143 0.000010 
 0.059151 0.000070 0.058209 0.000020 
 0.059207 0.000090 0.058274 0.000010 
 0.059263 0.000020 0.058340 0.000000 
 0.059320 0.000060 0.058405 0.000050 
 0.059376 0.000040 0.058470 0.000020 
 0.059432 0.000090 0.058536 0.000040 
 0.059488 0.000040 0.058601 0.000010 
 0.059544 0.000050 0.058666 0.000030 
 0.059600 0.000080 0.058732 0.000020 
 0.059656 0.000090 0.058797 0.000010 
 0.059713 0.000080 0.058863 0.000040 
 0.059769 0.000050 0.058928 0.000020 
 0.059825 0.000050 0.058993 0.000000 
 0.059881 0.000060 0.059059 0.000100 
 0.059937 0.000060 0.059124 0.000000 
 0.059993 0.000080 0.059190 0.000010 
 0.060049 0.000110 0.059255 0.000010 
 0.060106 0.000050 0.059320 0.000010 
 0.060162 0.000020 0.059386 0.000020 
 0.060218 0.000070 0.059451 0.000030 
 0.060274 0.000030 0.059516 0.000010 
 0.060330 0.000100 0.059582 0.000020 
 0.060386 0.000040 0.059647 0.000010 
 0.060442 0.000020 0.059713 0.000020 
 0.060499 0.000110 0.059778 0.000020 
 0.060555 0.000050 0.059843 0.000000 
 0.060611 0.000080 0.059909 0.000040 
 0.060667 0.000030 0.059974 0.000010 
 0.060723 0.000090 0.060040 0.000010 
 0.060779 0.000060 0.060105 0.000010 
 0.060835 0.000050 0.060170 0.000010 
 0.060892 0.000050 0.060236 0.000010 
 0.060948 0.000060 0.060301 0.000020 
 0.061004 0.000080 0.060366 0.000030 
 0.061060 0.000050 0.060432 0.000020 
 0.061116 0.000020 0.060497 0.000020 
 0.061172 0.000050 0.060563 0.000020 
 0.061228 0.000050 0.060628 0.000010 
 0.061285 0.000050 0.060693 0.000010 
 0.061341 0.000050 0.060759 0.000030 
 0.061397 0.000090 0.060824 0.000020 
 0.061453 0.000070 0.060890 0.000030 
 0.061509 0.000070 0.060955 0.000020 
 0.061565 0.000070 0.061020 0.000010 
 0.061621 0.000060 0.061086 0.000000 
 0.061678 0.000130 0.061151 0.000030 
 0.061734 0.000030 0.061217 0.000000 
 0.061790 0.000020 0.061282 0.000020 
 0.061846 0.000050 0.061347 0.000010 
 0.061902 0.000050 0.061413 0.000040 
 0.061958 0.000030 0.061478 0.000010 
 0.062014 0.000080 0.061543 0.000000 
 0.062071 0.000110 0.061609 0.000000 
 0.062127 0.000090 0.061674 0.000000 
 0.062183 0.000040 0.061740 0.000030 
 0.062239 0.000040 0.061805 0.000000 
 0.062295 0.000120 0.061870 0.000010 
 0.062351 0.000060 0.061936 0.000000 
 0.062407 0.000100 0.062001 0.000000 
 0.062464 0.000030 0.062067 0.000010 
 0.062520 0.000060 0.062132 0.000030 
 0.062576 0.000070 0.062197 0.000040 
 0.062632 0.000040 0.062263 0.000000 
 0.062688 0.000060 0.062328 0.000000 
 0.062744 0.000070 0.062393 0.000020 
 0.062801 0.000080 0.062459 0.000010 
 0.062857 0.000090 0.062524 0.000000 
 0.062913 0.000030 0.062590 0.000010 
 0.062969 0.000040 0.062655 0.000010 
 0.063025 0.000080 0.062720 0.000030 
 0.063081 0.000030 0.062786 0.000010 
 0.063137 0.000050 0.062851 0.000000 
 0.063194 0.000030 0.062917 0.000020 
 0.063250 0.000060 0.062982 0.000000 
 0.063306 0.000060 0.063047 0.000010 
 0.063362 0.000030 0.063113 0.000000 
 0.063418 0.000060 0.063178 0.000010 
 0.063474 0.000110 0.063243 0.000010 
 0.063530 0.000050 0.063309 0.000010 
 0.063587 0.000040 0.063374 0.000010 
 0.063643 0.000040 0.063440 0.000020 
 0.063699 0.000090 0.063505 0.000000 
 0.063755 0.000050 0.063570 0.000000 
 0.063811 0.000050 0.063636 0.000010 
 0.063867 0.000070 0.063701 0.000010 
 0.063923 0.000030 0.063767 0.000000 
 0.063980 0.000020 0.063832 0.000000 
 0.064036 0.000010 0.063897 0.000000 
 0.064092 0.000040 0.063963 0.000010 
 0.064148 0.000030 0.064028 0.000010 
 0.064204 0.000030 0.064093 0.000000 
 0.064260 0.000010 0.064159 0.000000 
 0.064316 0.000000 0.064224 0.000000 
 0.064373 0.000010 0.064290 0.000000 
 0.064429 0.000010 0.064355 0.000010 
 0.064485 0.000010 0.064420 0.000020 
 0.064541 0.000020 0.064486 0.000000 
 0.064597 0.000010 0.064551 0.000010 
 0.064653 0.000020 0.064617 0.000000 
 0.064709 0.000030 0.064682 0.000010 
 0.064766 0.000010 0.064747 0.000000 
 0.064822 0.000010 0.064813 0.000000 
 0.064878 0.000010 0.064878 0.000000 
 0.064934 0.000000 0.064944 0.000000 
 0.064990 0.000020 0.065009 0.000000 
 0.065046 0.000000 0.065074 0.000000 
 0.065102 0.000020 0.065140 0.000000 
 0.065159 0.000020 0.065205 0.000000 
 0.065215 0.000000 0.065270 0.000000 
 0.065271 0.000010 0.065336 0.000010 
