#rbin[i] Nr[i] lbin[i] Nl[i]
 0.000000 0.000000 0.000000 0.000026 
 0.000030 0.000000 0.000030 0.000096 
 0.000060 0.000000 0.000060 0.000157 
 0.000090 0.000000 0.000090 0.000197 
 0.000120 0.000000 0.000120 0.000272 
 0.000150 0.000000 0.000150 0.000298 
 0.000180 0.000000 0.000180 0.000359 
 0.000210 0.000000 0.000210 0.000431 
 0.000240 0.000000 0.000240 0.000463 
 0.000270 0.000000 0.000270 0.000505 
 0.000300 0.000000 0.000300 0.000577 
 0.000330 0.000000 0.000330 0.000607 
 0.000360 0.000000 0.000360 0.000606 
 0.000390 0.000000 0.000390 0.000666 
 0.000420 0.000000 0.000420 0.000729 
 0.000450 0.000000 0.000450 0.000754 
 0.000480 0.000000 0.000480 0.000765 
 0.000510 0.000000 0.000510 0.000796 
 0.000540 0.000000 0.000540 0.000859 
 0.000570 0.000000 0.000570 0.000823 
 0.000600 0.000000 0.000600 0.000903 
 0.000630 0.000000 0.000630 0.000869 
 0.000660 0.000000 0.000660 0.000914 
 0.000690 0.000000 0.000690 0.000946 
 0.000720 0.000000 0.000720 0.000961 
 0.000750 0.000000 0.000750 0.000968 
 0.000780 0.000000 0.000780 0.001010 
 0.000810 0.000000 0.000810 0.000982 
 0.000840 0.000000 0.000840 0.001037 
 0.000870 0.000000 0.000870 0.001032 
 0.000900 0.000000 0.000900 0.001032 
 0.000930 0.000000 0.000930 0.001112 
 0.000960 0.000000 0.000960 0.001137 
 0.000990 0.000000 0.000990 0.001074 
 0.001020 0.000000 0.001020 0.001169 
 0.001050 0.000000 0.001050 0.001139 
 0.001080 0.000000 0.001080 0.001174 
 0.001110 0.000000 0.001110 0.001201 
 0.001140 0.000000 0.001140 0.001146 
 0.001170 0.000000 0.001170 0.001235 
 0.001200 0.000000 0.001200 0.001259 
 0.001230 0.000000 0.001230 0.001243 
 0.001260 0.000000 0.001260 0.001283 
 0.001290 0.000000 0.001290 0.001300 
 0.001320 0.000000 0.001320 0.001291 
 0.001350 0.000000 0.001350 0.001386 
 0.001380 0.000000 0.001380 0.001345 
 0.001410 0.000000 0.001410 0.001387 
 0.001440 0.000000 0.001440 0.001402 
 0.001470 0.000000 0.001470 0.001396 
 0.001500 0.000000 0.001500 0.001437 
 0.001530 0.000000 0.001530 0.001412 
 0.001560 0.000000 0.001560 0.001423 
 0.001590 0.000000 0.001590 0.001475 
 0.001620 0.000000 0.001620 0.001465 
 0.001650 0.000000 0.001650 0.001464 
 0.001680 0.000000 0.001680 0.001532 
 0.001710 0.000000 0.001710 0.001493 
 0.001740 0.000000 0.001740 0.001494 
 0.001770 0.000000 0.001770 0.001496 
 0.001800 0.000000 0.001800 0.001540 
 0.001830 0.000000 0.001830 0.001466 
 0.001860 0.000000 0.001860 0.001519 
 0.001890 0.000000 0.001890 0.001500 
 0.001920 0.000000 0.001920 0.001501 
 0.001950 0.000000 0.001950 0.001485 
 0.001980 0.000000 0.001980 0.001447 
 0.002010 0.000000 0.002010 0.001440 
 0.002040 0.000000 0.002040 0.001461 
 0.002070 0.000000 0.002070 0.001393 
 0.002100 0.000000 0.002100 0.001409 
 0.002130 0.000000 0.002130 0.001364 
 0.002160 0.000000 0.002160 0.001369 
 0.002190 0.000000 0.002190 0.001365 
 0.002220 0.000000 0.002220 0.001279 
 0.002250 0.000000 0.002250 0.001271 
 0.002280 0.000000 0.002280 0.001262 
 0.002310 0.000000 0.002310 0.001217 
 0.002340 0.000000 0.002340 0.001174 
 0.002370 0.000000 0.002370 0.001153 
 0.002400 0.000000 0.002400 0.001117 
 0.002430 0.000000 0.002430 0.001113 
 0.002460 0.000000 0.002460 0.001076 
 0.002490 0.000000 0.002490 0.001047 
 0.002520 0.000000 0.002520 0.001027 
 0.002550 0.000000 0.002550 0.001029 
 0.002580 0.000000 0.002580 0.000968 
 0.002610 0.000000 0.002610 0.000933 
 0.002640 0.000000 0.002640 0.000923 
 0.002670 0.000000 0.002670 0.000880 
 0.002700 0.000000 0.002700 0.000891 
 0.002730 0.000000 0.002730 0.000852 
 0.002760 0.000000 0.002760 0.000808 
 0.002790 0.000000 0.002790 0.000794 
 0.002820 0.000000 0.002820 0.000778 
 0.002850 0.000000 0.002850 0.000797 
 0.002880 0.000000 0.002880 0.000709 
 0.002910 0.000000 0.002910 0.000712 
 0.002940 0.000000 0.002940 0.000694 
 0.002970 0.000000 0.002970 0.000689 
 0.003000 0.000000 0.003000 0.000656 
 0.003030 0.000000 0.003030 0.000631 
 0.003060 0.000000 0.003060 0.000619 
 0.003090 0.000000 0.003090 0.000590 
 0.003120 0.000000 0.003120 0.000626 
 0.003150 0.000000 0.003150 0.000568 
 0.003180 0.000000 0.003180 0.000622 
 0.003210 0.000000 0.003210 0.000551 
 0.003240 0.000000 0.003240 0.000573 
 0.003270 0.000000 0.003270 0.000578 
 0.003300 0.000000 0.003300 0.000569 
 0.003330 0.000000 0.003330 0.000524 
 0.003360 0.000000 0.003360 0.000565 
 0.003390 0.000000 0.003390 0.000538 
 0.003420 0.000000 0.003420 0.000533 
 0.003450 0.000000 0.003450 0.000559 
 0.003480 0.000000 0.003480 0.000554 
 0.003510 0.000000 0.003510 0.000537 
 0.003540 0.000000 0.003540 0.000523 
 0.003570 0.000000 0.003570 0.000556 
 0.003600 0.000000 0.003600 0.000535 
 0.003630 0.000000 0.003630 0.000554 
 0.003660 0.000000 0.003660 0.000546 
 0.003690 0.000000 0.003690 0.000571 
 0.003720 0.000000 0.003720 0.000571 
 0.003750 0.000000 0.003750 0.000585 
 0.003780 0.000000 0.003780 0.000565 
 0.003810 0.000000 0.003810 0.000593 
 0.003840 0.000000 0.003840 0.000617 
 0.003870 0.000000 0.003870 0.000605 
 0.003900 0.000000 0.003900 0.000612 
 0.003930 0.000000 0.003930 0.000633 
 0.003960 0.000000 0.003960 0.000647 
 0.003990 0.000000 0.003990 0.000650 
 0.004020 0.000000 0.004020 0.000676 
 0.004050 0.000000 0.004050 0.000658 
 0.004080 0.000000 0.004080 0.000693 
 0.004110 0.000000 0.004110 0.000668 
 0.004140 0.000000 0.004140 0.000732 
 0.004170 0.000000 0.004170 0.000728 
 0.004200 0.000000 0.004200 0.000728 
 0.004230 0.000000 0.004230 0.000740 
 0.004260 0.000000 0.004260 0.000770 
 0.004290 0.000000 0.004290 0.000773 
 0.004320 0.000000 0.004320 0.000797 
 0.004350 0.000000 0.004350 0.000817 
 0.004380 0.000000 0.004380 0.000856 
 0.004410 0.000000 0.004410 0.000815 
 0.004440 0.000000 0.004440 0.000833 
 0.004470 0.000000 0.004470 0.000867 
 0.004500 0.000000 0.004500 0.000912 
 0.004530 0.000000 0.004530 0.000848 
 0.004560 0.000000 0.004560 0.000858 
 0.004590 0.000000 0.004590 0.000927 
 0.004620 0.000000 0.004620 0.000903 
 0.004650 0.000000 0.004650 0.000890 
 0.004680 0.000000 0.004680 0.000926 
 0.004710 0.000000 0.004710 0.000887 
 0.004740 0.000000 0.004740 0.000884 
 0.004770 0.000000 0.004770 0.000918 
 0.004800 0.000002 0.004800 0.000899 
 0.004830 0.000001 0.004830 0.000875 
 0.004860 0.000005 0.004860 0.000867 
 0.004890 0.000007 0.004890 0.000842 
 0.004920 0.000005 0.004920 0.000830 
 0.004950 0.000005 0.004950 0.000856 
 0.004980 0.000005 0.004980 0.000792 
 0.005010 0.000004 0.005010 0.000791 
 0.005040 0.000008 0.005040 0.000777 
 0.005070 0.000007 0.005070 0.000758 
 0.005100 0.000009 0.005100 0.000769 
 0.005130 0.000011 0.005130 0.000690 
 0.005160 0.000010 0.005160 0.000705 
 0.005190 0.000016 0.005190 0.000699 
 0.005220 0.000016 0.005220 0.000659 
 0.005250 0.000016 0.005250 0.000661 
 0.005280 0.000013 0.005280 0.000649 
 0.005310 0.000017 0.005310 0.000603 
 0.005340 0.000022 0.005340 0.000618 
 0.005370 0.000021 0.005370 0.000600 
 0.005400 0.000021 0.005400 0.000571 
 0.005430 0.000013 0.005430 0.000578 
 0.005460 0.000023 0.005460 0.000542 
 0.005490 0.000024 0.005490 0.000557 
 0.005520 0.000023 0.005520 0.000530 
 0.005550 0.000029 0.005550 0.000586 
 0.005580 0.000043 0.005580 0.000514 
 0.005610 0.000038 0.005610 0.000544 
 0.005640 0.000031 0.005640 0.000504 
 0.005670 0.000034 0.005670 0.000511 
 0.005700 0.000038 0.005700 0.000512 
 0.005730 0.000048 0.005730 0.000502 
 0.005760 0.000037 0.005760 0.000497 
 0.005790 0.000051 0.005790 0.000498 
 0.005820 0.000049 0.005820 0.000517 
 0.005850 0.000045 0.005850 0.000452 
 0.005880 0.000044 0.005880 0.000495 
 0.005910 0.000040 0.005910 0.000465 
 0.005940 0.000062 0.005940 0.000483 
 0.005970 0.000042 0.005970 0.000468 
 0.006000 0.000056 0.006000 0.000484 
 0.006030 0.000051 0.006030 0.000452 
 0.006060 0.000056 0.006060 0.000470 
 0.006090 0.000038 0.006090 0.000459 
 0.006120 0.000044 0.006120 0.000476 
 0.006150 0.000060 0.006150 0.000464 
 0.006180 0.000050 0.006180 0.000417 
 0.006210 0.000060 0.006210 0.000487 
 0.006240 0.000058 0.006240 0.000448 
 0.006270 0.000056 0.006270 0.000460 
 0.006300 0.000049 0.006300 0.000463 
 0.006330 0.000054 0.006330 0.000456 
 0.006360 0.000050 0.006360 0.000436 
 0.006390 0.000052 0.006390 0.000446 
 0.006420 0.000050 0.006420 0.000449 
 0.006450 0.000047 0.006450 0.000458 
 0.006480 0.000056 0.006480 0.000460 
 0.006510 0.000055 0.006510 0.000473 
 0.006540 0.000049 0.006540 0.000443 
 0.006570 0.000060 0.006570 0.000429 
 0.006600 0.000053 0.006600 0.000479 
 0.006630 0.000061 0.006630 0.000424 
 0.006660 0.000046 0.006660 0.000436 
 0.006690 0.000053 0.006690 0.000468 
 0.006720 0.000055 0.006720 0.000437 
 0.006750 0.000062 0.006750 0.000469 
 0.006780 0.000060 0.006780 0.000439 
 0.006810 0.000047 0.006810 0.000459 
 0.006840 0.000044 0.006840 0.000424 
 0.006870 0.000062 0.006870 0.000453 
 0.006900 0.000052 0.006900 0.000459 
 0.006930 0.000047 0.006930 0.000474 
 0.006960 0.000046 0.006960 0.000462 
 0.006990 0.000047 0.006990 0.000437 
 0.007020 0.000070 0.007020 0.000450 
 0.007050 0.000044 0.007050 0.000471 
 0.007080 0.000065 0.007080 0.000482 
 0.007110 0.000049 0.007110 0.000457 
 0.007140 0.000066 0.007140 0.000479 
 0.007170 0.000044 0.007170 0.000484 
 0.007200 0.000046 0.007200 0.000462 
 0.007230 0.000053 0.007230 0.000460 
 0.007260 0.000046 0.007260 0.000518 
 0.007290 0.000054 0.007290 0.000487 
 0.007320 0.000033 0.007320 0.000521 
 0.007350 0.000043 0.007350 0.000513 
 0.007380 0.000059 0.007380 0.000539 
 0.007410 0.000052 0.007410 0.000529 
 0.007440 0.000034 0.007440 0.000509 
 0.007470 0.000053 0.007470 0.000552 
 0.007500 0.000062 0.007500 0.000568 
 0.007530 0.000038 0.007530 0.000591 
 0.007560 0.000055 0.007560 0.000591 
 0.007590 0.000036 0.007590 0.000662 
 0.007620 0.000051 0.007620 0.000623 
 0.007650 0.000049 0.007650 0.000663 
 0.007680 0.000046 0.007680 0.000778 
 0.007710 0.000044 0.007710 0.000737 
 0.007740 0.000046 0.007740 0.000761 
 0.007770 0.000055 0.007770 0.000808 
 0.007800 0.000043 0.007800 0.000883 
 0.007830 0.000029 0.007830 0.000865 
 0.007860 0.000051 0.007860 0.000981 
 0.007890 0.000058 0.007890 0.001015 
 0.007920 0.000033 0.007920 0.001027 
 0.007950 0.000056 0.007950 0.001120 
 0.007980 0.000044 0.007980 0.001200 
 0.008010 0.000055 0.008010 0.001196 
 0.008040 0.000047 0.008040 0.001310 
 0.008070 0.000050 0.008070 0.001361 
 0.008100 0.000043 0.008100 0.001378 
 0.008130 0.000052 0.008130 0.001482 
 0.008160 0.000039 0.008160 0.001591 
 0.008190 0.000054 0.008190 0.001606 
 0.008220 0.000046 0.008220 0.001688 
 0.008250 0.000035 0.008250 0.001772 
 0.008280 0.000050 0.008280 0.001783 
 0.008310 0.000062 0.008310 0.001929 
 0.008340 0.000046 0.008340 0.001950 
 0.008370 0.000047 0.008370 0.002060 
 0.008400 0.000046 0.008400 0.002086 
 0.008430 0.000048 0.008430 0.002100 
 0.008460 0.000050 0.008460 0.002223 
 0.008490 0.000057 0.008490 0.002224 
 0.008520 0.000050 0.008520 0.002304 
 0.008550 0.000059 0.008550 0.002361 
 0.008580 0.000052 0.008580 0.002353 
 0.008610 0.000056 0.008610 0.002402 
 0.008640 0.000054 0.008640 0.002472 
 0.008670 0.000049 0.008670 0.002431 
 0.008700 0.000053 0.008700 0.002469 
 0.008730 0.000053 0.008730 0.002458 
 0.008760 0.000058 0.008760 0.002510 
 0.008790 0.000048 0.008790 0.002544 
 0.008820 0.000047 0.008820 0.002476 
 0.008850 0.000068 0.008850 0.002474 
 0.008880 0.000052 0.008880 0.002522 
 0.008910 0.000068 0.008910 0.002477 
 0.008940 0.000051 0.008940 0.002415 
 0.008970 0.000061 0.008970 0.002468 
 0.009000 0.000067 0.009000 0.002384 
 0.009030 0.000051 0.009030 0.002469 
 0.009060 0.000047 0.009060 0.002447 
 0.009090 0.000045 0.009090 0.002421 
 0.009120 0.000066 0.009120 0.002405 
 0.009150 0.000058 0.009150 0.002437 
 0.009180 0.000048 0.009180 0.002406 
 0.009210 0.000060 0.009210 0.002412 
 0.009240 0.000075 0.009240 0.002434 
 0.009270 0.000054 0.009270 0.002421 
 0.009300 0.000056 0.009300 0.002365 
 0.009330 0.000050 0.009330 0.002471 
 0.009360 0.000056 0.009360 0.002410 
 0.009390 0.000069 0.009390 0.002444 
 0.009420 0.000060 0.009420 0.002507 
 0.009450 0.000071 0.009450 0.002477 
 0.009480 0.000065 0.009480 0.002517 
 0.009510 0.000063 0.009510 0.002557 
 0.009540 0.000069 0.009540 0.002537 
 0.009570 0.000059 0.009570 0.002598 
 0.009600 0.000052 0.009600 0.002630 
 0.009630 0.000066 0.009630 0.002666 
 0.009660 0.000059 0.009660 0.002742 
 0.009690 0.000048 0.009690 0.002774 
 0.009720 0.000048 0.009720 0.002843 
 0.009750 0.000046 0.009750 0.002876 
 0.009780 0.000066 0.009780 0.002937 
 0.009810 0.000069 0.009810 0.002970 
 0.009840 0.000061 0.009840 0.003055 
 0.009870 0.000059 0.009870 0.003056 
 0.009900 0.000068 0.009900 0.003208 
 0.009930 0.000060 0.009930 0.003188 
 0.009960 0.000059 0.009960 0.003273 
 0.009990 0.000056 0.009990 0.003355 
 0.010020 0.000054 0.010020 0.003389 
 0.010050 0.000057 0.010050 0.003499 
 0.010080 0.000064 0.010080 0.003565 
 0.010110 0.000054 0.010110 0.003619 
 0.010140 0.000045 0.010140 0.003709 
 0.010170 0.000050 0.010170 0.003757 
 0.010200 0.000060 0.010200 0.003819 
 0.010230 0.000058 0.010230 0.003820 
 0.010260 0.000058 0.010260 0.003969 
 0.010290 0.000053 0.010290 0.003980 
 0.010320 0.000049 0.010320 0.004016 
 0.010350 0.000061 0.010350 0.004028 
 0.010380 0.000060 0.010380 0.004060 
 0.010410 0.000063 0.010410 0.004047 
 0.010440 0.000062 0.010440 0.004029 
 0.010470 0.000059 0.010470 0.004091 
 0.010500 0.000057 0.010500 0.003978 
 0.010530 0.000052 0.010530 0.004043 
 0.010560 0.000045 0.010560 0.004006 
 0.010590 0.000061 0.010590 0.003922 
 0.010620 0.000057 0.010620 0.003837 
 0.010650 0.000064 0.010650 0.003818 
 0.010680 0.000057 0.010680 0.003724 
 0.010710 0.000060 0.010710 0.003624 
 0.010740 0.000060 0.010740 0.003485 
 0.010770 0.000053 0.010770 0.003459 
 0.010800 0.000045 0.010800 0.003308 
 0.010830 0.000047 0.010830 0.003246 
 0.010860 0.000051 0.010860 0.003117 
 0.010890 0.000046 0.010890 0.003026 
 0.010920 0.000047 0.010920 0.003041 
 0.010950 0.000041 0.010950 0.002815 
 0.010980 0.000052 0.010980 0.002776 
 0.011010 0.000037 0.011010 0.002707 
 0.011040 0.000047 0.011040 0.002608 
 0.011070 0.000036 0.011070 0.002501 
 0.011100 0.000044 0.011100 0.002427 
 0.011130 0.000039 0.011130 0.002374 
 0.011160 0.000041 0.011160 0.002311 
 0.011190 0.000042 0.011190 0.002265 
 0.011220 0.000037 0.011220 0.002226 
 0.011250 0.000037 0.011250 0.002270 
 0.011280 0.000027 0.011280 0.002186 
 0.011310 0.000047 0.011310 0.002237 
 0.011340 0.000027 0.011340 0.002225 
 0.011370 0.000028 0.011370 0.002230 
 0.011400 0.000032 0.011400 0.002191 
 0.011430 0.000024 0.011430 0.002301 
 0.011460 0.000028 0.011460 0.002367 
 0.011490 0.000028 0.011490 0.002452 
 0.011520 0.000025 0.011520 0.002658 
 0.011550 0.000027 0.011550 0.002752 
 0.011580 0.000031 0.011580 0.003000 
 0.011610 0.000041 0.011610 0.003204 
 0.011640 0.000036 0.011640 0.003434 
 0.011670 0.000032 0.011670 0.003577 
 0.011700 0.000040 0.011700 0.003780 
 0.011730 0.000029 0.011730 0.003845 
 0.011760 0.000021 0.011760 0.003907 
 0.011790 0.000025 0.011790 0.004112 
 0.011820 0.000030 0.011820 0.004200 
 0.011850 0.000030 0.011850 0.004209 
 0.011880 0.000037 0.011880 0.004340 
 0.011910 0.000035 0.011910 0.004381 
 0.011940 0.000029 0.011940 0.004439 
 0.011970 0.000026 0.011970 0.004556 
 0.012000 0.000038 0.012000 0.004689 
 0.012030 0.000032 0.012030 0.004830 
 0.012060 0.000031 0.012060 0.004859 
 0.012090 0.000042 0.012090 0.004945 
 0.012120 0.000055 0.012120 0.004973 
 0.012150 0.000040 0.012150 0.004966 
 0.012180 0.000047 0.012180 0.004918 
 0.012210 0.000046 0.012210 0.004932 
 0.012240 0.000039 0.012240 0.004921 
 0.012270 0.000044 0.012270 0.004811 
 0.012300 0.000051 0.012300 0.004702 
 0.012330 0.000049 0.012330 0.004443 
 0.012360 0.000071 0.012360 0.004288 
 0.012390 0.000066 0.012390 0.003994 
 0.012420 0.000043 0.012420 0.003804 
 0.012450 0.000054 0.012450 0.003447 
 0.012480 0.000077 0.012480 0.003237 
 0.012510 0.000052 0.012510 0.002830 
 0.012540 0.000094 0.012540 0.002666 
 0.012570 0.000074 0.012570 0.002350 
 0.012600 0.000061 0.012600 0.002192 
 0.012630 0.000077 0.012630 0.001934 
 0.012660 0.000074 0.012660 0.001828 
 0.012690 0.000074 0.012690 0.001647 
 0.012720 0.000082 0.012720 0.001561 
 0.012750 0.000077 0.012750 0.001486 
 0.012780 0.000077 0.012780 0.001413 
 0.012810 0.000070 0.012810 0.001393 
 0.012840 0.000068 0.012840 0.001324 
 0.012870 0.000086 0.012870 0.001245 
 0.012900 0.000078 0.012900 0.001268 
 0.012930 0.000076 0.012930 0.001266 
 0.012960 0.000091 0.012960 0.001248 
 0.012990 0.000073 0.012990 0.001273 
 0.013020 0.000064 0.013020 0.001313 
 0.013050 0.000050 0.013050 0.001271 
 0.013080 0.000068 0.013080 0.001330 
 0.013110 0.000065 0.013110 0.001295 
 0.013140 0.000059 0.013140 0.001386 
 0.013170 0.000052 0.013170 0.001383 
 0.013200 0.000026 0.013200 0.001386 
 0.013230 0.000037 0.013230 0.001423 
 0.013260 0.000043 0.013260 0.001425 
 0.013290 0.000021 0.013290 0.001471 
 0.013320 0.000032 0.013320 0.001530 
 0.013350 0.000031 0.013350 0.001509 
 0.013380 0.000022 0.013380 0.001563 
 0.013410 0.000022 0.013410 0.001583 
 0.013440 0.000016 0.013440 0.001649 
 0.013470 0.000020 0.013470 0.001606 
 0.013500 0.000013 0.013500 0.001695 
 0.013530 0.000017 0.013530 0.001767 
 0.013560 0.000014 0.013560 0.001706 
 0.013590 0.000010 0.013590 0.001810 
 0.013620 0.000016 0.013620 0.001763 
 0.013650 0.000011 0.013650 0.001866 
 0.013680 0.000008 0.013680 0.001846 
 0.013710 0.000008 0.013710 0.001854 
 0.013740 0.000011 0.013740 0.001935 
 0.013770 0.000011 0.013770 0.001911 
 0.013800 0.000009 0.013800 0.001970 
 0.013830 0.000009 0.013830 0.001938 
 0.013860 0.000009 0.013860 0.002030 
 0.013890 0.000006 0.013890 0.001983 
 0.013920 0.000013 0.013920 0.001981 
 0.013950 0.000008 0.013950 0.002005 
 0.013980 0.000007 0.013980 0.002038 
 0.014010 0.000009 0.014010 0.002026 
 0.014040 0.000011 0.014040 0.002095 
 0.014070 0.000012 0.014070 0.002025 
 0.014100 0.000005 0.014100 0.002096 
 0.014130 0.000008 0.014130 0.002116 
 0.014160 0.000005 0.014160 0.002117 
 0.014190 0.000003 0.014190 0.002123 
 0.014220 0.000010 0.014220 0.002184 
 0.014250 0.000008 0.014250 0.002109 
 0.014280 0.000009 0.014280 0.002219 
 0.014310 0.000005 0.014310 0.002188 
 0.014340 0.000011 0.014340 0.002284 
 0.014370 0.000008 0.014370 0.002231 
 0.014400 0.000008 0.014400 0.002320 
 0.014430 0.000006 0.014430 0.002254 
 0.014460 0.000004 0.014460 0.002425 
 0.014490 0.000008 0.014490 0.002344 
 0.014520 0.000006 0.014520 0.002459 
 0.014550 0.000015 0.014550 0.002407 
 0.014580 0.000013 0.014580 0.002517 
 0.014610 0.000014 0.014610 0.002508 
 0.014640 0.000011 0.014640 0.002548 
 0.014670 0.000013 0.014670 0.002534 
 0.014700 0.000009 0.014700 0.002609 
 0.014730 0.000015 0.014730 0.002634 
 0.014760 0.000011 0.014760 0.002594 
 0.014790 0.000018 0.014790 0.002643 
 0.014820 0.000021 0.014820 0.002609 
 0.014850 0.000035 0.014850 0.002721 
 0.014880 0.000027 0.014880 0.002696 
 0.014910 0.000041 0.014910 0.002696 
 0.014940 0.000065 0.014940 0.002660 
 0.014970 0.000051 0.014970 0.002710 
 0.015000 0.000078 0.015000 0.002677 
 0.015030 0.000079 0.015030 0.002719 
 0.015060 0.000096 0.015060 0.002778 
 0.015090 0.000134 0.015090 0.002789 
 0.015120 0.000151 0.015120 0.002756 
 0.015150 0.000186 0.015150 0.002739 
 0.015180 0.000253 0.015180 0.002708 
 0.015210 0.000314 0.015210 0.002719 
 0.015240 0.000334 0.015240 0.002746 
 0.015270 0.000406 0.015270 0.002701 
 0.015300 0.000531 0.015300 0.002732 
 0.015330 0.000671 0.015330 0.002705 
 0.015360 0.000747 0.015360 0.002720 
 0.015390 0.000983 0.015390 0.002729 
 0.015420 0.001126 0.015420 0.002638 
 0.015450 0.001368 0.015450 0.002741 
 0.015480 0.001627 0.015480 0.002730 
 0.015510 0.001875 0.015510 0.002683 
 0.015540 0.002199 0.015540 0.002704 
 0.015570 0.002500 0.015570 0.002677 
 0.015600 0.002978 0.015600 0.002627 
 0.015630 0.003368 0.015630 0.002689 
 0.015660 0.003796 0.015660 0.002661 
 0.015690 0.004293 0.015690 0.002629 
 0.015720 0.005000 0.015720 0.002651 
 0.015750 0.005321 0.015750 0.002629 
 0.015780 0.006200 0.015780 0.002558 
 0.015810 0.006805 0.015810 0.002557 
 0.015840 0.007684 0.015840 0.002655 
 0.015870 0.008472 0.015870 0.002520 
 0.015900 0.009425 0.015900 0.002602 
 0.015930 0.010283 0.015930 0.002538 
 0.015960 0.011203 0.015960 0.002562 
 0.015990 0.012233 0.015990 0.002553 
 0.016020 0.013158 0.016020 0.002537 
 0.016050 0.014214 0.016050 0.002496 
 0.016080 0.014862 0.016080 0.002585 
 0.016110 0.015693 0.016110 0.002606 
 0.016140 0.016588 0.016140 0.002652 
 0.016170 0.017165 0.016170 0.002751 
 0.016200 0.017605 0.016200 0.002900 
 0.016230 0.018145 0.016230 0.002900 
 0.016260 0.018732 0.016260 0.003104 
 0.016290 0.018814 0.016290 0.003186 
 0.016320 0.019270 0.016320 0.003363 
 0.016350 0.019763 0.016350 0.003433 
 0.016380 0.020716 0.016380 0.003604 
 0.016410 0.021472 0.016410 0.003608 
 0.016440 0.022334 0.016440 0.003665 
 0.016470 0.022922 0.016470 0.003678 
 0.016500 0.024064 0.016500 0.003664 
 0.016530 0.024737 0.016530 0.003476 
 0.016560 0.025259 0.016560 0.003333 
 0.016590 0.025593 0.016590 0.003085 
 0.016620 0.025576 0.016620 0.002879 
 0.016650 0.025306 0.016650 0.002628 
 0.016680 0.024820 0.016680 0.002309 
 0.016710 0.024047 0.016710 0.002042 
 0.016740 0.023481 0.016740 0.001849 
 0.016770 0.022739 0.016770 0.001497 
 0.016800 0.021527 0.016800 0.001253 
 0.016830 0.020549 0.016830 0.001072 
 0.016860 0.019959 0.016860 0.000807 
 0.016890 0.019573 0.016890 0.000611 
 0.016920 0.018702 0.016920 0.000451 
 0.016950 0.018283 0.016950 0.000347 
 0.016980 0.017511 0.016980 0.000272 
 0.017010 0.016874 0.017010 0.000154 
 0.017040 0.016064 0.017040 0.000121 
 0.017070 0.015366 0.017070 0.000087 
 0.017100 0.014460 0.017100 0.000069 
 0.017130 0.013533 0.017130 0.000062 
 0.017160 0.012860 0.017160 0.000033 
 0.017190 0.011686 0.017190 0.000024 
 0.017220 0.011046 0.017220 0.000020 
 0.017250 0.010281 0.017250 0.000026 
 0.017280 0.009318 0.017280 0.000012 
 0.017310 0.008535 0.017310 0.000007 
 0.017340 0.007831 0.017340 0.000005 
 0.017370 0.006969 0.017370 0.000004 
 0.017400 0.006031 0.017400 0.000003 
 0.017430 0.005355 0.017430 0.000000 
 0.017460 0.004568 0.017460 0.000000 
 0.017490 0.003866 0.017490 0.000001 
 0.017520 0.003271 0.017520 0.000000 
 0.017550 0.002730 0.017550 0.000001 
 0.017580 0.002305 0.017580 0.000000 
 0.017610 0.001974 0.017610 0.000000 
 0.017640 0.001671 0.017640 0.000000 
 0.017670 0.001410 0.017670 0.000000 
 0.017700 0.001202 0.017700 0.000001 
 0.017730 0.001089 0.017730 0.000000 
 0.017760 0.000964 0.017760 0.000000 
 0.017790 0.000913 0.017790 0.000001 
 0.017820 0.000823 0.017820 0.000001 
 0.017850 0.000706 0.017850 0.000000 
 0.017880 0.000709 0.017880 0.000000 
 0.017910 0.000619 0.017910 0.000000 
 0.017940 0.000579 0.017940 0.000000 
 0.017970 0.000517 0.017970 0.000000 
 0.018000 0.000520 0.018000 0.000000 
 0.018030 0.000409 0.018030 0.000000 
 0.018060 0.000389 0.018060 0.000000 
 0.018090 0.000374 0.018090 0.000000 
 0.018120 0.000292 0.018120 0.000000 
 0.018150 0.000275 0.018150 0.000000 
 0.018180 0.000212 0.018180 0.000000 
 0.018210 0.000211 0.018210 0.000000 
 0.018240 0.000169 0.018240 0.000000 
 0.018270 0.000137 0.018270 0.000000 
 0.018300 0.000109 0.018300 0.000000 
 0.018330 0.000099 0.018330 0.000000 
 0.018360 0.000062 0.018360 0.000000 
 0.018390 0.000070 0.018390 0.000000 
 0.018420 0.000042 0.018420 0.000000 
 0.018450 0.000039 0.018450 0.000000 
 0.018480 0.000023 0.018480 0.000000 
 0.018510 0.000025 0.018510 0.000000 
 0.018540 0.000019 0.018540 0.000000 
 0.018570 0.000012 0.018570 0.000000 
 0.018600 0.000012 0.018600 0.000000 
 0.018630 0.000007 0.018630 0.000000 
 0.018660 0.000006 0.018660 0.000000 
 0.018690 0.000005 0.018690 0.000001 
 0.018720 0.000004 0.018720 0.000000 
 0.018750 0.000004 0.018750 0.000000 
 0.018780 0.000004 0.018780 0.000000 
 0.018810 0.000000 0.018810 0.000000 
 0.018840 0.000001 0.018840 0.000000 
 0.018870 0.000000 0.018870 0.000000 
 0.018900 0.000001 0.018900 0.000000 
 0.018930 0.000000 0.018930 0.000000 
 0.018960 0.000000 0.018960 0.000000 
 0.018990 0.000000 0.018990 0.000001 
 0.019020 0.000000 0.019020 0.000000 
 0.019050 0.000001 0.019050 0.000000 
 0.019080 0.000000 0.019080 0.000000 
 0.019110 0.000000 0.019110 0.000000 
 0.019140 0.000001 0.019140 0.000000 
 0.019170 0.000000 0.019170 0.000000 
 0.019200 0.000000 0.019200 0.000000 
 0.019230 0.000001 0.019230 0.000000 
 0.019260 0.000000 0.019260 0.000000 
 0.019290 0.000000 0.019290 0.000000 
 0.019320 0.000000 0.019320 0.000000 
 0.019350 0.000000 0.019350 0.000000 
 0.019380 0.000000 0.019380 0.000000 
 0.019410 0.000001 0.019410 0.000000 
 0.019440 0.000000 0.019440 0.000000 
 0.019470 0.000000 0.019470 0.000000 
 0.019500 0.000000 0.019500 0.000000 
 0.019530 0.000000 0.019530 0.000000 
 0.019560 0.000000 0.019560 0.000000 
 0.019590 0.000001 0.019590 0.000000 
 0.019620 0.000000 0.019620 0.000000 
 0.019650 0.000001 0.019650 0.000000 
 0.019680 0.000000 0.019680 0.000000 
 0.019710 0.000000 0.019710 0.000000 
 0.019740 0.000000 0.019740 0.000000 
 0.019770 0.000000 0.019770 0.000000 
 0.019800 0.000000 0.019800 0.000000 
 0.019830 0.000000 0.019830 0.000000 
 0.019860 0.000000 0.019860 0.000000 
 0.019890 0.000000 0.019890 0.000000 
 0.019920 0.000001 0.019920 0.000000 
 0.019950 0.000000 0.019950 0.000000 
 0.019980 0.000001 0.019980 0.000000 
 0.020010 0.000000 0.020010 0.000000 
 0.020040 0.000000 0.020040 0.000000 
 0.020070 0.000001 0.020070 0.000000 
 0.020100 0.000000 0.020100 0.000000 
 0.020130 0.000000 0.020130 0.000000 
 0.020160 0.000000 0.020160 0.000000 
 0.020190 0.000000 0.020190 0.000000 
 0.020220 0.000000 0.020220 0.000000 
 0.020250 0.000000 0.020250 0.000000 
 0.020280 0.000000 0.020280 0.000000 
 0.020310 0.000000 0.020310 0.000000 
 0.020340 0.000000 0.020340 0.000000 
 0.020370 0.000000 0.020370 0.000000 
 0.020400 0.000001 0.020400 0.000000 
 0.020430 0.000001 0.020430 0.000000 
 0.020460 0.000001 0.020460 0.000000 
 0.020490 0.000000 0.020490 0.000000 
 0.020520 0.000000 0.020520 0.000000 
 0.020550 0.000000 0.020550 0.000000 
 0.020580 0.000000 0.020580 0.000000 
 0.020610 0.000000 0.020610 0.000000 
 0.020640 0.000000 0.020640 0.000000 
 0.020670 0.000000 0.020670 0.000000 
 0.020700 0.000000 0.020700 0.000000 
 0.020730 0.000001 0.020730 0.000000 
 0.020760 0.000000 0.020760 0.000000 
 0.020790 0.000000 0.020790 0.000000 
 0.020820 0.000000 0.020820 0.000000 
 0.020850 0.000000 0.020850 0.000000 
 0.020880 0.000001 0.020880 0.000000 
 0.020910 0.000000 0.020910 0.000000 
 0.020940 0.000000 0.020940 0.000000 
 0.020970 0.000000 0.020970 0.000000 
 0.021000 0.000000 0.021000 0.000000 
 0.021030 0.000000 0.021030 0.000000 
 0.021060 0.000000 0.021060 0.000000 
 0.021090 0.000000 0.021090 0.000000 
 0.021120 0.000000 0.021120 0.000000 
 0.021150 0.000000 0.021150 0.000000 
 0.021180 0.000000 0.021180 0.000000 
 0.021210 0.000000 0.021210 0.000000 
 0.021240 0.000001 0.021240 0.000000 
 0.021270 0.000000 0.021270 0.000000 
 0.021300 0.000000 0.021300 0.000000 
 0.021330 0.000000 0.021330 0.000000 
 0.021360 0.000000 0.021360 0.000000 
 0.021390 0.000000 0.021390 0.000000 
 0.021420 0.000000 0.021420 0.000000 
 0.021450 0.000000 0.021450 0.000000 
 0.021480 0.000000 0.021480 0.000000 
 0.021510 0.000000 0.021510 0.000000 
 0.021540 0.000000 0.021540 0.000000 
 0.021570 0.000000 0.021570 0.000000 
 0.021600 0.000000 0.021600 0.000000 
 0.021630 0.000000 0.021630 0.000000 
 0.021660 0.000000 0.021660 0.000000 
 0.021690 0.000000 0.021690 0.000000 
 0.021720 0.000000 0.021720 0.000000 
 0.021750 0.000000 0.021750 0.000000 
 0.021780 0.000000 0.021780 0.000000 
 0.021810 0.000000 0.021810 0.000000 
 0.021840 0.000000 0.021840 0.000000 
 0.021870 0.000000 0.021870 0.000000 
 0.021900 0.000000 0.021900 0.000000 
 0.021930 0.000000 0.021930 0.000000 
 0.021960 0.000000 0.021960 0.000000 
 0.021990 0.000000 0.021990 0.000000 
 0.022020 0.000000 0.022020 0.000000 
 0.022050 0.000000 0.022050 0.000000 
 0.022080 0.000000 0.022080 0.000000 
 0.022110 0.000000 0.022110 0.000000 
 0.022140 0.000000 0.022140 0.000000 
 0.022170 0.000000 0.022170 0.000000 
 0.022200 0.000000 0.022200 0.000000 
 0.022230 0.000000 0.022230 0.000000 
 0.022260 0.000000 0.022260 0.000000 
 0.022290 0.000000 0.022290 0.000000 
 0.022320 0.000000 0.022320 0.000000 
 0.022350 0.000000 0.022350 0.000000 
 0.022380 0.000000 0.022380 0.000000 
 0.022410 0.000000 0.022410 0.000000 
 0.022440 0.000000 0.022440 0.000000 
 0.022470 0.000000 0.022470 0.000000 
 0.022500 0.000000 0.022500 0.000000 
 0.022530 0.000000 0.022530 0.000000 
 0.022560 0.000000 0.022560 0.000000 
 0.022590 0.000000 0.022590 0.000000 
 0.022620 0.000000 0.022620 0.000000 
 0.022650 0.000000 0.022650 0.000000 
 0.022680 0.000000 0.022680 0.000000 
 0.022710 0.000000 0.022710 0.000000 
 0.022740 0.000000 0.022740 0.000000 
 0.022770 0.000000 0.022770 0.000000 
 0.022800 0.000000 0.022800 0.000000 
 0.022830 0.000000 0.022830 0.000000 
 0.022860 0.000000 0.022860 0.000000 
 0.022890 0.000000 0.022890 0.000000 
 0.022920 0.000000 0.022920 0.000000 
 0.022950 0.000000 0.022950 0.000000 
 0.022980 0.000000 0.022980 0.000000 
 0.023010 0.000000 0.023010 0.000000 
 0.023040 0.000000 0.023040 0.000000 
 0.023070 0.000000 0.023070 0.000000 
 0.023100 0.000000 0.023100 0.000000 
 0.023130 0.000000 0.023130 0.000000 
 0.023160 0.000000 0.023160 0.000000 
 0.023190 0.000000 0.023190 0.000000 
 0.023220 0.000000 0.023220 0.000000 
 0.023250 0.000000 0.023250 0.000000 
 0.023280 0.000000 0.023280 0.000000 
 0.023310 0.000000 0.023310 0.000000 
 0.023340 0.000000 0.023340 0.000000 
 0.023370 0.000000 0.023370 0.000000 
 0.023400 0.000000 0.023400 0.000000 
 0.023430 0.000000 0.023430 0.000000 
 0.023460 0.000000 0.023460 0.000000 
 0.023490 0.000000 0.023490 0.000000 
 0.023520 0.000000 0.023520 0.000000 
 0.023550 0.000000 0.023550 0.000000 
 0.023580 0.000000 0.023580 0.000000 
 0.023610 0.000000 0.023610 0.000000 
 0.023640 0.000000 0.023640 0.000000 
 0.023670 0.000000 0.023670 0.000000 
 0.023700 0.000000 0.023700 0.000000 
 0.023730 0.000000 0.023730 0.000000 
 0.023760 0.000000 0.023760 0.000000 
 0.023790 0.000000 0.023790 0.000000 
 0.023820 0.000000 0.023820 0.000000 
 0.023850 0.000000 0.023850 0.000000 
 0.023880 0.000000 0.023880 0.000000 
 0.023910 0.000000 0.023910 0.000000 
 0.023940 0.000000 0.023940 0.000000 
 0.023970 0.000000 0.023970 0.000000 
 0.024000 0.000000 0.024000 0.000000 
 0.024030 0.000000 0.024030 0.000000 
 0.024060 0.000000 0.024060 0.000000 
 0.024090 0.000000 0.024090 0.000000 
 0.024120 0.000000 0.024120 0.000000 
 0.024150 0.000000 0.024150 0.000000 
 0.024180 0.000000 0.024180 0.000000 
 0.024210 0.000000 0.024210 0.000000 
 0.024240 0.000000 0.024240 0.000000 
 0.024270 0.000000 0.024270 0.000000 
 0.024300 0.000000 0.024300 0.000000 
 0.024330 0.000000 0.024330 0.000000 
 0.024360 0.000000 0.024360 0.000000 
 0.024390 0.000000 0.024390 0.000000 
 0.024420 0.000000 0.024420 0.000000 
 0.024450 0.000000 0.024450 0.000000 
 0.024480 0.000000 0.024480 0.000000 
 0.024510 0.000000 0.024510 0.000000 
 0.024540 0.000000 0.024540 0.000000 
 0.024570 0.000000 0.024570 0.000000 
 0.024600 0.000000 0.024600 0.000000 
 0.024630 0.000000 0.024630 0.000000 
 0.024660 0.000000 0.024660 0.000000 
 0.024690 0.000000 0.024690 0.000000 
 0.024720 0.000000 0.024720 0.000000 
 0.024750 0.000000 0.024750 0.000000 
 0.024780 0.000000 0.024780 0.000000 
 0.024810 0.000000 0.024810 0.000000 
 0.024840 0.000000 0.024840 0.000000 
 0.024870 0.000000 0.024870 0.000000 
 0.024900 0.000000 0.024900 0.000000 
 0.024930 0.000000 0.024930 0.000000 
 0.024960 0.000000 0.024960 0.000000 
 0.024990 0.000000 0.024990 0.000000 
 0.025020 0.000000 0.025020 0.000000 
 0.025050 0.000000 0.025050 0.000000 
 0.025080 0.000000 0.025080 0.000000 
 0.025110 0.000000 0.025110 0.000000 
 0.025140 0.000000 0.025140 0.000000 
 0.025170 0.000000 0.025170 0.000000 
 0.025200 0.000000 0.025200 0.000000 
 0.025230 0.000000 0.025230 0.000000 
 0.025260 0.000000 0.025260 0.000000 
 0.025290 0.000000 0.025290 0.000000 
 0.025320 0.000000 0.025320 0.000000 
 0.025350 0.000000 0.025350 0.000000 
 0.025380 0.000000 0.025380 0.000000 
 0.025410 0.000000 0.025410 0.000000 
 0.025440 0.000000 0.025440 0.000000 
 0.025470 0.000000 0.025470 0.000000 
 0.025500 0.000000 0.025500 0.000000 
 0.025530 0.000000 0.025530 0.000000 
 0.025560 0.000000 0.025560 0.000000 
 0.025590 0.000000 0.025590 0.000000 
 0.025620 0.000000 0.025620 0.000000 
 0.025650 0.000000 0.025650 0.000000 
 0.025680 0.000000 0.025680 0.000000 
 0.025710 0.000000 0.025710 0.000000 
 0.025740 0.000000 0.025740 0.000000 
 0.025770 0.000000 0.025770 0.000000 
 0.025800 0.000000 0.025800 0.000000 
 0.025830 0.000000 0.025830 0.000000 
 0.025860 0.000000 0.025860 0.000000 
 0.025890 0.000000 0.025890 0.000000 
 0.025920 0.000000 0.025920 0.000000 
 0.025950 0.000000 0.025950 0.000000 
 0.025980 0.000000 0.025980 0.000000 
 0.026010 0.000000 0.026010 0.000000 
 0.026040 0.000000 0.026040 0.000000 
 0.026070 0.000000 0.026070 0.000000 
 0.026100 0.000000 0.026100 0.000000 
 0.026130 0.000000 0.026130 0.000000 
 0.026160 0.000000 0.026160 0.000000 
 0.026190 0.000000 0.026190 0.000000 
 0.026220 0.000000 0.026220 0.000000 
 0.026250 0.000000 0.026250 0.000000 
 0.026280 0.000000 0.026280 0.000000 
 0.026310 0.000000 0.026310 0.000000 
 0.026340 0.000000 0.026340 0.000000 
 0.026370 0.000000 0.026370 0.000000 
 0.026400 0.000000 0.026400 0.000000 
 0.026430 0.000000 0.026430 0.000000 
 0.026460 0.000000 0.026460 0.000000 
 0.026490 0.000000 0.026490 0.000000 
 0.026520 0.000000 0.026520 0.000000 
 0.026550 0.000000 0.026550 0.000000 
 0.026580 0.000000 0.026580 0.000000 
 0.026610 0.000000 0.026610 0.000000 
 0.026640 0.000000 0.026640 0.000000 
 0.026670 0.000000 0.026670 0.000000 
 0.026700 0.000000 0.026700 0.000000 
 0.026730 0.000000 0.026730 0.000000 
 0.026760 0.000000 0.026760 0.000000 
 0.026790 0.000000 0.026790 0.000000 
 0.026820 0.000000 0.026820 0.000000 
 0.026850 0.000000 0.026850 0.000000 
 0.026880 0.000000 0.026880 0.000000 
 0.026910 0.000000 0.026910 0.000000 
 0.026940 0.000000 0.026940 0.000000 
 0.026970 0.000000 0.026970 0.000000 
 0.027000 0.000000 0.027000 0.000000 
 0.027030 0.000000 0.027030 0.000000 
 0.027060 0.000000 0.027060 0.000000 
 0.027090 0.000000 0.027090 0.000000 
 0.027120 0.000000 0.027120 0.000000 
 0.027150 0.000000 0.027150 0.000000 
 0.027180 0.000000 0.027180 0.000000 
 0.027210 0.000000 0.027210 0.000000 
 0.027240 0.000000 0.027240 0.000000 
 0.027270 0.000000 0.027270 0.000000 
 0.027300 0.000000 0.027300 0.000000 
 0.027330 0.000000 0.027330 0.000000 
 0.027360 0.000000 0.027360 0.000000 
 0.027390 0.000000 0.027390 0.000000 
 0.027420 0.000000 0.027420 0.000000 
 0.027450 0.000000 0.027450 0.000000 
 0.027480 0.000000 0.027480 0.000000 
 0.027510 0.000000 0.027510 0.000000 
 0.027540 0.000000 0.027540 0.000000 
 0.027570 0.000000 0.027570 0.000000 
 0.027600 0.000000 0.027600 0.000000 
 0.027630 0.000000 0.027630 0.000000 
 0.027660 0.000000 0.027660 0.000000 
 0.027690 0.000000 0.027690 0.000000 
 0.027720 0.000000 0.027720 0.000000 
 0.027750 0.000000 0.027750 0.000000 
 0.027780 0.000000 0.027780 0.000000 
 0.027810 0.000000 0.027810 0.000000 
 0.027840 0.000000 0.027840 0.000000 
 0.027870 0.000000 0.027870 0.000000 
 0.027900 0.000000 0.027900 0.000000 
 0.027930 0.000000 0.027930 0.000000 
 0.027960 0.000000 0.027960 0.000000 
 0.027990 0.000000 0.027990 0.000000 
 0.028020 0.000000 0.028020 0.000000 
 0.028050 0.000000 0.028050 0.000000 
 0.028080 0.000000 0.028080 0.000000 
 0.028110 0.000000 0.028110 0.000000 
 0.028140 0.000000 0.028140 0.000000 
 0.028170 0.000000 0.028170 0.000000 
 0.028200 0.000000 0.028200 0.000000 
 0.028230 0.000000 0.028230 0.000000 
 0.028260 0.000000 0.028260 0.000000 
 0.028290 0.000000 0.028290 0.000000 
 0.028320 0.000000 0.028320 0.000000 
 0.028350 0.000000 0.028350 0.000000 
 0.028380 0.000000 0.028380 0.000000 
 0.028410 0.000000 0.028410 0.000000 
 0.028440 0.000000 0.028440 0.000000 
 0.028470 0.000000 0.028470 0.000000 
 0.028500 0.000000 0.028500 0.000000 
 0.028530 0.000000 0.028530 0.000000 
 0.028560 0.000000 0.028560 0.000000 
 0.028590 0.000000 0.028590 0.000000 
 0.028620 0.000000 0.028620 0.000000 
 0.028650 0.000000 0.028650 0.000000 
 0.028680 0.000000 0.028680 0.000000 
 0.028710 0.000000 0.028710 0.000000 
 0.028740 0.000000 0.028740 0.000000 
 0.028770 0.000000 0.028770 0.000000 
 0.028800 0.000000 0.028800 0.000000 
 0.028830 0.000000 0.028830 0.000000 
 0.028860 0.000000 0.028860 0.000000 
 0.028890 0.000000 0.028890 0.000000 
 0.028920 0.000000 0.028920 0.000000 
 0.028950 0.000000 0.028950 0.000000 
 0.028980 0.000000 0.028980 0.000000 
 0.029010 0.000000 0.029010 0.000000 
 0.029040 0.000000 0.029040 0.000000 
 0.029070 0.000000 0.029070 0.000000 
 0.029100 0.000000 0.029100 0.000000 
 0.029130 0.000000 0.029130 0.000000 
 0.029160 0.000000 0.029160 0.000000 
 0.029190 0.000000 0.029190 0.000000 
 0.029220 0.000000 0.029220 0.000000 
 0.029250 0.000000 0.029250 0.000000 
 0.029280 0.000000 0.029280 0.000000 
 0.029310 0.000000 0.029310 0.000000 
 0.029340 0.000000 0.029340 0.000000 
 0.029370 0.000000 0.029370 0.000000 
 0.029400 0.000000 0.029400 0.000000 
 0.029430 0.000000 0.029430 0.000000 
 0.029460 0.000000 0.029460 0.000000 
 0.029490 0.000000 0.029490 0.000000 
 0.029520 0.000000 0.029520 0.000000 
 0.029550 0.000000 0.029550 0.000000 
 0.029580 0.000000 0.029580 0.000000 
 0.029610 0.000000 0.029610 0.000000 
 0.029640 0.000000 0.029640 0.000000 
 0.029670 0.000000 0.029670 0.000000 
 0.029700 0.000000 0.029700 0.000000 
 0.029730 0.000000 0.029730 0.000000 
 0.029760 0.000000 0.029760 0.000000 
 0.029790 0.000000 0.029790 0.000000 
 0.029820 0.000000 0.029820 0.000000 
 0.029850 0.000000 0.029850 0.000000 
 0.029880 0.000000 0.029880 0.000000 
 0.029910 0.000000 0.029910 0.000000 
 0.029940 0.000000 0.029940 0.000000 
 0.029970 0.000000 0.029970 0.000000 
