#rbin[i] Nr[i] lbin[i] Nl[i]
 0.000000 0.000000 0.000000 0.000000 
 0.000030 0.000000 0.000030 0.000001 
 0.000060 0.000000 0.000060 0.000000 
 0.000090 0.000000 0.000090 0.000000 
 0.000120 0.000000 0.000120 0.000000 
 0.000150 0.000000 0.000150 0.000003 
 0.000180 0.000000 0.000180 0.000001 
 0.000210 0.000000 0.000210 0.000001 
 0.000240 0.000000 0.000240 0.000000 
 0.000270 0.000000 0.000270 0.000003 
 0.000300 0.000000 0.000300 0.000001 
 0.000330 0.000000 0.000330 0.000001 
 0.000360 0.000000 0.000360 0.000005 
 0.000390 0.000000 0.000390 0.000003 
 0.000420 0.000000 0.000420 0.000001 
 0.000450 0.000000 0.000450 0.000002 
 0.000480 0.000000 0.000480 0.000000 
 0.000510 0.000000 0.000510 0.000004 
 0.000540 0.000000 0.000540 0.000002 
 0.000570 0.000000 0.000570 0.000006 
 0.000600 0.000000 0.000600 0.000004 
 0.000630 0.000000 0.000630 0.000006 
 0.000660 0.000000 0.000660 0.000005 
 0.000690 0.000000 0.000690 0.000012 
 0.000720 0.000000 0.000720 0.000004 
 0.000750 0.000000 0.000750 0.000007 
 0.000780 0.000000 0.000780 0.000002 
 0.000810 0.000000 0.000810 0.000003 
 0.000840 0.000000 0.000840 0.000004 
 0.000870 0.000000 0.000870 0.000010 
 0.000900 0.000000 0.000900 0.000006 
 0.000930 0.000000 0.000930 0.000007 
 0.000960 0.000000 0.000960 0.000002 
 0.000990 0.000000 0.000990 0.000005 
 0.001020 0.000000 0.001020 0.000004 
 0.001050 0.000000 0.001050 0.000006 
 0.001080 0.000000 0.001080 0.000006 
 0.001110 0.000000 0.001110 0.000006 
 0.001140 0.000000 0.001140 0.000003 
 0.001170 0.000000 0.001170 0.000013 
 0.001200 0.000000 0.001200 0.000009 
 0.001230 0.000000 0.001230 0.000012 
 0.001260 0.000000 0.001260 0.000018 
 0.001290 0.000000 0.001290 0.000007 
 0.001320 0.000000 0.001320 0.000008 
 0.001350 0.000000 0.001350 0.000003 
 0.001380 0.000000 0.001380 0.000005 
 0.001410 0.000000 0.001410 0.000005 
 0.001440 0.000000 0.001440 0.000010 
 0.001470 0.000000 0.001470 0.000009 
 0.001500 0.000000 0.001500 0.000008 
 0.001530 0.000000 0.001530 0.000007 
 0.001560 0.000000 0.001560 0.000007 
 0.001590 0.000000 0.001590 0.000008 
 0.001620 0.000000 0.001620 0.000016 
 0.001650 0.000000 0.001650 0.000009 
 0.001680 0.000000 0.001680 0.000008 
 0.001710 0.000000 0.001710 0.000010 
 0.001740 0.000000 0.001740 0.000007 
 0.001770 0.000000 0.001770 0.000015 
 0.001800 0.000000 0.001800 0.000012 
 0.001830 0.000000 0.001830 0.000014 
 0.001860 0.000000 0.001860 0.000009 
 0.001890 0.000000 0.001890 0.000011 
 0.001920 0.000000 0.001920 0.000011 
 0.001950 0.000000 0.001950 0.000011 
 0.001980 0.000000 0.001980 0.000012 
 0.002010 0.000000 0.002010 0.000015 
 0.002040 0.000000 0.002040 0.000011 
 0.002070 0.000000 0.002070 0.000010 
 0.002100 0.000000 0.002100 0.000012 
 0.002130 0.000000 0.002130 0.000015 
 0.002160 0.000000 0.002160 0.000010 
 0.002190 0.000000 0.002190 0.000024 
 0.002220 0.000000 0.002220 0.000016 
 0.002250 0.000000 0.002250 0.000019 
 0.002280 0.000000 0.002280 0.000017 
 0.002310 0.000000 0.002310 0.000018 
 0.002340 0.000000 0.002340 0.000016 
 0.002370 0.000000 0.002370 0.000019 
 0.002400 0.000000 0.002400 0.000014 
 0.002430 0.000000 0.002430 0.000013 
 0.002460 0.000000 0.002460 0.000016 
 0.002490 0.000000 0.002490 0.000010 
 0.002520 0.000000 0.002520 0.000021 
 0.002550 0.000000 0.002550 0.000009 
 0.002580 0.000000 0.002580 0.000014 
 0.002610 0.000000 0.002610 0.000019 
 0.002640 0.000000 0.002640 0.000021 
 0.002670 0.000000 0.002670 0.000014 
 0.002700 0.000000 0.002700 0.000015 
 0.002730 0.000000 0.002730 0.000022 
 0.002760 0.000000 0.002760 0.000022 
 0.002790 0.000000 0.002790 0.000017 
 0.002820 0.000000 0.002820 0.000018 
 0.002850 0.000000 0.002850 0.000009 
 0.002880 0.000000 0.002880 0.000014 
 0.002910 0.000000 0.002910 0.000013 
 0.002940 0.000000 0.002940 0.000017 
 0.002970 0.000000 0.002970 0.000014 
 0.003000 0.000000 0.003000 0.000015 
 0.003030 0.000000 0.003030 0.000010 
 0.003060 0.000000 0.003060 0.000025 
 0.003090 0.000000 0.003090 0.000021 
 0.003120 0.000000 0.003120 0.000021 
 0.003150 0.000000 0.003150 0.000016 
 0.003180 0.000000 0.003180 0.000028 
 0.003210 0.000000 0.003210 0.000022 
 0.003240 0.000000 0.003240 0.000021 
 0.003270 0.000000 0.003270 0.000021 
 0.003300 0.000000 0.003300 0.000011 
 0.003330 0.000000 0.003330 0.000020 
 0.003360 0.000000 0.003360 0.000032 
 0.003390 0.000000 0.003390 0.000022 
 0.003420 0.000000 0.003420 0.000030 
 0.003450 0.000000 0.003450 0.000027 
 0.003480 0.000000 0.003480 0.000013 
 0.003510 0.000000 0.003510 0.000020 
 0.003540 0.000000 0.003540 0.000019 
 0.003570 0.000000 0.003570 0.000020 
 0.003600 0.000000 0.003600 0.000020 
 0.003630 0.000000 0.003630 0.000020 
 0.003660 0.000000 0.003660 0.000027 
 0.003690 0.000000 0.003690 0.000022 
 0.003720 0.000000 0.003720 0.000019 
 0.003750 0.000000 0.003750 0.000025 
 0.003780 0.000000 0.003780 0.000027 
 0.003810 0.000000 0.003810 0.000022 
 0.003840 0.000000 0.003840 0.000018 
 0.003870 0.000000 0.003870 0.000023 
 0.003900 0.000000 0.003900 0.000032 
 0.003930 0.000000 0.003930 0.000047 
 0.003960 0.000000 0.003960 0.000025 
 0.003990 0.000000 0.003990 0.000042 
 0.004020 0.000000 0.004020 0.000024 
 0.004050 0.000000 0.004050 0.000028 
 0.004080 0.000000 0.004080 0.000017 
 0.004110 0.000000 0.004110 0.000023 
 0.004140 0.000000 0.004140 0.000027 
 0.004170 0.000000 0.004170 0.000031 
 0.004200 0.000000 0.004200 0.000023 
 0.004230 0.000000 0.004230 0.000020 
 0.004260 0.000000 0.004260 0.000026 
 0.004290 0.000000 0.004290 0.000021 
 0.004320 0.000000 0.004320 0.000029 
 0.004350 0.000000 0.004350 0.000026 
 0.004380 0.000000 0.004380 0.000023 
 0.004410 0.000000 0.004410 0.000021 
 0.004440 0.000000 0.004440 0.000021 
 0.004470 0.000000 0.004470 0.000020 
 0.004500 0.000000 0.004500 0.000033 
 0.004530 0.000000 0.004530 0.000018 
 0.004560 0.000000 0.004560 0.000029 
 0.004590 0.000000 0.004590 0.000030 
 0.004620 0.000000 0.004620 0.000033 
 0.004650 0.000000 0.004650 0.000029 
 0.004680 0.000000 0.004680 0.000020 
 0.004710 0.000000 0.004710 0.000032 
 0.004740 0.000000 0.004740 0.000030 
 0.004770 0.000000 0.004770 0.000034 
 0.004800 0.000000 0.004800 0.000024 
 0.004830 0.000000 0.004830 0.000034 
 0.004860 0.000000 0.004860 0.000021 
 0.004890 0.000000 0.004890 0.000036 
 0.004920 0.000000 0.004920 0.000031 
 0.004950 0.000000 0.004950 0.000034 
 0.004980 0.000000 0.004980 0.000048 
 0.005010 0.000000 0.005010 0.000025 
 0.005040 0.000000 0.005040 0.000031 
 0.005070 0.000000 0.005070 0.000037 
 0.005100 0.000000 0.005100 0.000037 
 0.005130 0.000000 0.005130 0.000036 
 0.005160 0.000000 0.005160 0.000032 
 0.005190 0.000000 0.005190 0.000029 
 0.005220 0.000000 0.005220 0.000039 
 0.005250 0.000000 0.005250 0.000032 
 0.005280 0.000000 0.005280 0.000030 
 0.005310 0.000000 0.005310 0.000040 
 0.005340 0.000000 0.005340 0.000037 
 0.005370 0.000000 0.005370 0.000025 
 0.005400 0.000000 0.005400 0.000041 
 0.005430 0.000000 0.005430 0.000023 
 0.005460 0.000000 0.005460 0.000042 
 0.005490 0.000000 0.005490 0.000036 
 0.005520 0.000000 0.005520 0.000045 
 0.005550 0.000000 0.005550 0.000035 
 0.005580 0.000000 0.005580 0.000029 
 0.005610 0.000000 0.005610 0.000032 
 0.005640 0.000000 0.005640 0.000038 
 0.005670 0.000000 0.005670 0.000036 
 0.005700 0.000000 0.005700 0.000030 
 0.005730 0.000000 0.005730 0.000035 
 0.005760 0.000000 0.005760 0.000037 
 0.005790 0.000000 0.005790 0.000027 
 0.005820 0.000000 0.005820 0.000042 
 0.005850 0.000000 0.005850 0.000024 
 0.005880 0.000000 0.005880 0.000042 
 0.005910 0.000000 0.005910 0.000038 
 0.005940 0.000000 0.005940 0.000030 
 0.005970 0.000000 0.005970 0.000032 
 0.006000 0.000000 0.006000 0.000036 
 0.006030 0.000000 0.006030 0.000028 
 0.006060 0.000000 0.006060 0.000049 
 0.006090 0.000000 0.006090 0.000038 
 0.006120 0.000000 0.006120 0.000045 
 0.006150 0.000000 0.006150 0.000041 
 0.006180 0.000000 0.006180 0.000037 
 0.006210 0.000000 0.006210 0.000045 
 0.006240 0.000000 0.006240 0.000045 
 0.006270 0.000000 0.006270 0.000044 
 0.006300 0.000000 0.006300 0.000031 
 0.006330 0.000000 0.006330 0.000036 
 0.006360 0.000000 0.006360 0.000034 
 0.006390 0.000000 0.006390 0.000045 
 0.006420 0.000000 0.006420 0.000039 
 0.006450 0.000000 0.006450 0.000043 
 0.006480 0.000000 0.006480 0.000037 
 0.006510 0.000000 0.006510 0.000035 
 0.006540 0.000000 0.006540 0.000036 
 0.006570 0.000000 0.006570 0.000043 
 0.006600 0.000000 0.006600 0.000047 
 0.006630 0.000000 0.006630 0.000039 
 0.006660 0.000000 0.006660 0.000047 
 0.006690 0.000000 0.006690 0.000039 
 0.006720 0.000000 0.006720 0.000051 
 0.006750 0.000000 0.006750 0.000035 
 0.006780 0.000000 0.006780 0.000057 
 0.006810 0.000000 0.006810 0.000053 
 0.006840 0.000000 0.006840 0.000043 
 0.006870 0.000000 0.006870 0.000036 
 0.006900 0.000000 0.006900 0.000030 
 0.006930 0.000000 0.006930 0.000044 
 0.006960 0.000000 0.006960 0.000052 
 0.006990 0.000000 0.006990 0.000038 
 0.007020 0.000000 0.007020 0.000036 
 0.007050 0.000000 0.007050 0.000044 
 0.007080 0.000000 0.007080 0.000045 
 0.007110 0.000000 0.007110 0.000054 
 0.007140 0.000000 0.007140 0.000047 
 0.007170 0.000000 0.007170 0.000040 
 0.007200 0.000000 0.007200 0.000044 
 0.007230 0.000000 0.007230 0.000046 
 0.007260 0.000000 0.007260 0.000050 
 0.007290 0.000000 0.007290 0.000037 
 0.007320 0.000000 0.007320 0.000051 
 0.007350 0.000000 0.007350 0.000043 
 0.007380 0.000000 0.007380 0.000053 
 0.007410 0.000000 0.007410 0.000038 
 0.007440 0.000000 0.007440 0.000046 
 0.007470 0.000000 0.007470 0.000052 
 0.007500 0.000000 0.007500 0.000044 
 0.007530 0.000000 0.007530 0.000036 
 0.007560 0.000000 0.007560 0.000052 
 0.007590 0.000000 0.007590 0.000043 
 0.007620 0.000000 0.007620 0.000049 
 0.007650 0.000000 0.007650 0.000051 
 0.007680 0.000000 0.007680 0.000067 
 0.007710 0.000000 0.007710 0.000049 
 0.007740 0.000000 0.007740 0.000048 
 0.007770 0.000000 0.007770 0.000041 
 0.007800 0.000000 0.007800 0.000050 
 0.007830 0.000000 0.007830 0.000057 
 0.007860 0.000000 0.007860 0.000035 
 0.007890 0.000000 0.007890 0.000052 
 0.007920 0.000000 0.007920 0.000065 
 0.007950 0.000000 0.007950 0.000056 
 0.007980 0.000000 0.007980 0.000048 
 0.008010 0.000000 0.008010 0.000050 
 0.008040 0.000000 0.008040 0.000054 
 0.008070 0.000000 0.008070 0.000048 
 0.008100 0.000000 0.008100 0.000049 
 0.008130 0.000000 0.008130 0.000040 
 0.008160 0.000000 0.008160 0.000047 
 0.008190 0.000000 0.008190 0.000046 
 0.008220 0.000000 0.008220 0.000048 
 0.008250 0.000000 0.008250 0.000055 
 0.008280 0.000000 0.008280 0.000039 
 0.008310 0.000000 0.008310 0.000052 
 0.008340 0.000000 0.008340 0.000056 
 0.008370 0.000000 0.008370 0.000053 
 0.008400 0.000000 0.008400 0.000043 
 0.008430 0.000000 0.008430 0.000061 
 0.008460 0.000000 0.008460 0.000056 
 0.008490 0.000000 0.008490 0.000045 
 0.008520 0.000000 0.008520 0.000053 
 0.008550 0.000000 0.008550 0.000060 
 0.008580 0.000000 0.008580 0.000052 
 0.008610 0.000000 0.008610 0.000047 
 0.008640 0.000000 0.008640 0.000056 
 0.008670 0.000000 0.008670 0.000061 
 0.008700 0.000000 0.008700 0.000046 
 0.008730 0.000000 0.008730 0.000053 
 0.008760 0.000000 0.008760 0.000065 
 0.008790 0.000000 0.008790 0.000070 
 0.008820 0.000000 0.008820 0.000059 
 0.008850 0.000000 0.008850 0.000053 
 0.008880 0.000000 0.008880 0.000058 
 0.008910 0.000000 0.008910 0.000057 
 0.008940 0.000000 0.008940 0.000068 
 0.008970 0.000000 0.008970 0.000057 
 0.009000 0.000000 0.009000 0.000060 
 0.009030 0.000000 0.009030 0.000051 
 0.009060 0.000000 0.009060 0.000054 
 0.009090 0.000000 0.009090 0.000067 
 0.009120 0.000000 0.009120 0.000062 
 0.009150 0.000000 0.009150 0.000057 
 0.009180 0.000000 0.009180 0.000057 
 0.009210 0.000000 0.009210 0.000060 
 0.009240 0.000000 0.009240 0.000046 
 0.009270 0.000000 0.009270 0.000063 
 0.009300 0.000000 0.009300 0.000056 
 0.009330 0.000000 0.009330 0.000051 
 0.009360 0.000000 0.009360 0.000064 
 0.009390 0.000000 0.009390 0.000067 
 0.009420 0.000000 0.009420 0.000057 
 0.009450 0.000000 0.009450 0.000059 
 0.009480 0.000000 0.009480 0.000065 
 0.009510 0.000000 0.009510 0.000064 
 0.009540 0.000000 0.009540 0.000058 
 0.009570 0.000000 0.009570 0.000067 
 0.009600 0.000000 0.009600 0.000057 
 0.009630 0.000000 0.009630 0.000055 
 0.009660 0.000000 0.009660 0.000059 
 0.009690 0.000000 0.009690 0.000044 
 0.009720 0.000000 0.009720 0.000060 
 0.009750 0.000000 0.009750 0.000049 
 0.009780 0.000000 0.009780 0.000064 
 0.009810 0.000000 0.009810 0.000064 
 0.009840 0.000000 0.009840 0.000055 
 0.009870 0.000000 0.009870 0.000077 
 0.009900 0.000000 0.009900 0.000056 
 0.009930 0.000000 0.009930 0.000065 
 0.009960 0.000000 0.009960 0.000057 
 0.009990 0.000000 0.009990 0.000060 
 0.010020 0.000000 0.010020 0.000056 
 0.010050 0.000000 0.010050 0.000066 
 0.010080 0.000000 0.010080 0.000054 
 0.010110 0.000000 0.010110 0.000080 
 0.010140 0.000000 0.010140 0.000056 
 0.010170 0.000000 0.010170 0.000063 
 0.010200 0.000000 0.010200 0.000062 
 0.010230 0.000000 0.010230 0.000073 
 0.010260 0.000000 0.010260 0.000063 
 0.010290 0.000000 0.010290 0.000078 
 0.010320 0.000000 0.010320 0.000066 
 0.010350 0.000000 0.010350 0.000079 
 0.010380 0.000000 0.010380 0.000063 
 0.010410 0.000000 0.010410 0.000062 
 0.010440 0.000000 0.010440 0.000056 
 0.010470 0.000000 0.010470 0.000066 
 0.010500 0.000000 0.010500 0.000065 
 0.010530 0.000000 0.010530 0.000068 
 0.010560 0.000000 0.010560 0.000063 
 0.010590 0.000000 0.010590 0.000072 
 0.010620 0.000000 0.010620 0.000073 
 0.010650 0.000000 0.010650 0.000061 
 0.010680 0.000000 0.010680 0.000082 
 0.010710 0.000000 0.010710 0.000067 
 0.010740 0.000000 0.010740 0.000071 
 0.010770 0.000000 0.010770 0.000084 
 0.010800 0.000000 0.010800 0.000069 
 0.010830 0.000000 0.010830 0.000052 
 0.010860 0.000000 0.010860 0.000074 
 0.010890 0.000000 0.010890 0.000069 
 0.010920 0.000000 0.010920 0.000082 
 0.010950 0.000000 0.010950 0.000067 
 0.010980 0.000000 0.010980 0.000059 
 0.011010 0.000000 0.011010 0.000054 
 0.011040 0.000000 0.011040 0.000090 
 0.011070 0.000000 0.011070 0.000051 
 0.011100 0.000000 0.011100 0.000053 
 0.011130 0.000000 0.011130 0.000074 
 0.011160 0.000000 0.011160 0.000080 
 0.011190 0.000000 0.011190 0.000084 
 0.011220 0.000000 0.011220 0.000063 
 0.011250 0.000000 0.011250 0.000060 
 0.011280 0.000000 0.011280 0.000062 
 0.011310 0.000000 0.011310 0.000076 
 0.011340 0.000000 0.011340 0.000055 
 0.011370 0.000000 0.011370 0.000078 
 0.011400 0.000000 0.011400 0.000095 
 0.011430 0.000000 0.011430 0.000065 
 0.011460 0.000000 0.011460 0.000069 
 0.011490 0.000000 0.011490 0.000073 
 0.011520 0.000000 0.011520 0.000064 
 0.011550 0.000000 0.011550 0.000054 
 0.011580 0.000000 0.011580 0.000073 
 0.011610 0.000000 0.011610 0.000094 
 0.011640 0.000000 0.011640 0.000099 
 0.011670 0.000000 0.011670 0.000061 
 0.011700 0.000000 0.011700 0.000088 
 0.011730 0.000000 0.011730 0.000077 
 0.011760 0.000000 0.011760 0.000085 
 0.011790 0.000000 0.011790 0.000063 
 0.011820 0.000000 0.011820 0.000077 
 0.011850 0.000000 0.011850 0.000071 
 0.011880 0.000000 0.011880 0.000081 
 0.011910 0.000000 0.011910 0.000076 
 0.011940 0.000000 0.011940 0.000076 
 0.011970 0.000000 0.011970 0.000091 
 0.012000 0.000000 0.012000 0.000076 
 0.012030 0.000000 0.012030 0.000066 
 0.012060 0.000000 0.012060 0.000091 
 0.012090 0.000000 0.012090 0.000084 
 0.012120 0.000000 0.012120 0.000082 
 0.012150 0.000000 0.012150 0.000064 
 0.012180 0.000000 0.012180 0.000075 
 0.012210 0.000000 0.012210 0.000085 
 0.012240 0.000000 0.012240 0.000072 
 0.012270 0.000000 0.012270 0.000069 
 0.012300 0.000000 0.012300 0.000064 
 0.012330 0.000000 0.012330 0.000065 
 0.012360 0.000000 0.012360 0.000092 
 0.012390 0.000000 0.012390 0.000077 
 0.012420 0.000000 0.012420 0.000088 
 0.012450 0.000000 0.012450 0.000076 
 0.012480 0.000000 0.012480 0.000081 
 0.012510 0.000000 0.012510 0.000091 
 0.012540 0.000000 0.012540 0.000094 
 0.012570 0.000000 0.012570 0.000072 
 0.012600 0.000000 0.012600 0.000083 
 0.012630 0.000000 0.012630 0.000077 
 0.012660 0.000000 0.012660 0.000067 
 0.012690 0.000000 0.012690 0.000080 
 0.012720 0.000000 0.012720 0.000084 
 0.012750 0.000000 0.012750 0.000087 
 0.012780 0.000000 0.012780 0.000076 
 0.012810 0.000000 0.012810 0.000058 
 0.012840 0.000000 0.012840 0.000067 
 0.012870 0.000000 0.012870 0.000080 
 0.012900 0.000000 0.012900 0.000086 
 0.012930 0.000000 0.012930 0.000089 
 0.012960 0.000000 0.012960 0.000083 
 0.012990 0.000000 0.012990 0.000104 
 0.013020 0.000000 0.013020 0.000081 
 0.013050 0.000000 0.013050 0.000080 
 0.013080 0.000000 0.013080 0.000084 
 0.013110 0.000000 0.013110 0.000098 
 0.013140 0.000000 0.013140 0.000078 
 0.013170 0.000000 0.013170 0.000083 
 0.013200 0.000000 0.013200 0.000091 
 0.013230 0.000000 0.013230 0.000070 
 0.013260 0.000000 0.013260 0.000074 
 0.013290 0.000000 0.013290 0.000097 
 0.013320 0.000000 0.013320 0.000082 
 0.013350 0.000000 0.013350 0.000106 
 0.013380 0.000000 0.013380 0.000095 
 0.013410 0.000000 0.013410 0.000087 
 0.013440 0.000000 0.013440 0.000081 
 0.013470 0.000000 0.013470 0.000086 
 0.013500 0.000000 0.013500 0.000082 
 0.013530 0.000000 0.013530 0.000073 
 0.013560 0.000000 0.013560 0.000092 
 0.013590 0.000000 0.013590 0.000103 
 0.013620 0.000000 0.013620 0.000102 
 0.013650 0.000000 0.013650 0.000078 
 0.013680 0.000000 0.013680 0.000077 
 0.013710 0.000000 0.013710 0.000080 
 0.013740 0.000000 0.013740 0.000091 
 0.013770 0.000000 0.013770 0.000101 
 0.013800 0.000000 0.013800 0.000094 
 0.013830 0.000000 0.013830 0.000106 
 0.013860 0.000000 0.013860 0.000085 
 0.013890 0.000000 0.013890 0.000076 
 0.013920 0.000000 0.013920 0.000085 
 0.013950 0.000000 0.013950 0.000098 
 0.013980 0.000000 0.013980 0.000092 
 0.014010 0.000000 0.014010 0.000097 
 0.014040 0.000000 0.014040 0.000075 
 0.014070 0.000000 0.014070 0.000085 
 0.014100 0.000000 0.014100 0.000080 
 0.014130 0.000000 0.014130 0.000081 
 0.014160 0.000000 0.014160 0.000098 
 0.014190 0.000000 0.014190 0.000090 
 0.014220 0.000000 0.014220 0.000082 
 0.014250 0.000000 0.014250 0.000094 
 0.014280 0.000000 0.014280 0.000104 
 0.014310 0.000000 0.014310 0.000093 
 0.014340 0.000000 0.014340 0.000092 
 0.014370 0.000000 0.014370 0.000107 
 0.014400 0.000000 0.014400 0.000083 
 0.014430 0.000000 0.014430 0.000094 
 0.014460 0.000000 0.014460 0.000113 
 0.014490 0.000000 0.014490 0.000083 
 0.014520 0.000000 0.014520 0.000083 
 0.014550 0.000000 0.014550 0.000097 
 0.014580 0.000000 0.014580 0.000100 
 0.014610 0.000000 0.014610 0.000092 
 0.014640 0.000000 0.014640 0.000083 
 0.014670 0.000000 0.014670 0.000103 
 0.014700 0.000000 0.014700 0.000095 
 0.014730 0.000000 0.014730 0.000100 
 0.014760 0.000000 0.014760 0.000090 
 0.014790 0.000000 0.014790 0.000093 
 0.014820 0.000000 0.014820 0.000084 
 0.014850 0.000000 0.014850 0.000095 
 0.014880 0.000000 0.014880 0.000101 
 0.014910 0.000000 0.014910 0.000082 
 0.014940 0.000000 0.014940 0.000095 
 0.014970 0.000000 0.014970 0.000101 
 0.015000 0.000000 0.015000 0.000093 
 0.015030 0.000000 0.015030 0.000082 
 0.015060 0.000000 0.015060 0.000105 
 0.015090 0.000000 0.015090 0.000103 
 0.015120 0.000000 0.015120 0.000108 
 0.015150 0.000000 0.015150 0.000085 
 0.015180 0.000000 0.015180 0.000120 
 0.015210 0.000000 0.015210 0.000115 
 0.015240 0.000000 0.015240 0.000107 
 0.015270 0.000000 0.015270 0.000081 
 0.015300 0.000000 0.015300 0.000109 
 0.015330 0.000000 0.015330 0.000103 
 0.015360 0.000000 0.015360 0.000100 
 0.015390 0.000000 0.015390 0.000101 
 0.015420 0.000000 0.015420 0.000078 
 0.015450 0.000000 0.015450 0.000101 
 0.015480 0.000000 0.015480 0.000094 
 0.015510 0.000000 0.015510 0.000106 
 0.015540 0.000000 0.015540 0.000106 
 0.015570 0.000000 0.015570 0.000115 
 0.015600 0.000000 0.015600 0.000084 
 0.015630 0.000000 0.015630 0.000107 
 0.015660 0.000000 0.015660 0.000114 
 0.015690 0.000000 0.015690 0.000102 
 0.015720 0.000000 0.015720 0.000100 
 0.015750 0.000000 0.015750 0.000107 
 0.015780 0.000000 0.015780 0.000099 
 0.015810 0.000000 0.015810 0.000106 
 0.015840 0.000000 0.015840 0.000107 
 0.015870 0.000000 0.015870 0.000112 
 0.015900 0.000000 0.015900 0.000076 
 0.015930 0.000000 0.015930 0.000093 
 0.015960 0.000000 0.015960 0.000110 
 0.015990 0.000000 0.015990 0.000098 
 0.016020 0.000000 0.016020 0.000109 
 0.016050 0.000000 0.016050 0.000103 
 0.016080 0.000000 0.016080 0.000109 
 0.016110 0.000000 0.016110 0.000099 
 0.016140 0.000000 0.016140 0.000104 
 0.016170 0.000000 0.016170 0.000109 
 0.016200 0.000000 0.016200 0.000092 
 0.016230 0.000000 0.016230 0.000110 
 0.016260 0.000000 0.016260 0.000115 
 0.016290 0.000000 0.016290 0.000117 
 0.016320 0.000000 0.016320 0.000115 
 0.016350 0.000000 0.016350 0.000112 
 0.016380 0.000000 0.016380 0.000102 
 0.016410 0.000000 0.016410 0.000109 
 0.016440 0.000000 0.016440 0.000096 
 0.016470 0.000000 0.016470 0.000098 
 0.016500 0.000000 0.016500 0.000103 
 0.016530 0.000000 0.016530 0.000112 
 0.016560 0.000000 0.016560 0.000095 
 0.016590 0.000000 0.016590 0.000105 
 0.016620 0.000000 0.016620 0.000117 
 0.016650 0.000000 0.016650 0.000126 
 0.016680 0.000000 0.016680 0.000111 
 0.016710 0.000000 0.016710 0.000108 
 0.016740 0.000000 0.016740 0.000096 
 0.016770 0.000000 0.016770 0.000105 
 0.016800 0.000000 0.016800 0.000109 
 0.016830 0.000000 0.016830 0.000119 
 0.016860 0.000000 0.016860 0.000113 
 0.016890 0.000000 0.016890 0.000121 
 0.016920 0.000000 0.016920 0.000101 
 0.016950 0.000000 0.016950 0.000115 
 0.016980 0.000000 0.016980 0.000100 
 0.017010 0.000000 0.017010 0.000113 
 0.017040 0.000000 0.017040 0.000110 
 0.017070 0.000000 0.017070 0.000121 
 0.017100 0.000000 0.017100 0.000117 
 0.017130 0.000000 0.017130 0.000113 
 0.017160 0.000000 0.017160 0.000103 
 0.017190 0.000000 0.017190 0.000099 
 0.017220 0.000000 0.017220 0.000117 
 0.017250 0.000000 0.017250 0.000108 
 0.017280 0.000000 0.017280 0.000112 
 0.017310 0.000000 0.017310 0.000110 
 0.017340 0.000000 0.017340 0.000094 
 0.017370 0.000000 0.017370 0.000129 
 0.017400 0.000000 0.017400 0.000126 
 0.017430 0.000000 0.017430 0.000114 
 0.017460 0.000000 0.017460 0.000108 
 0.017490 0.000000 0.017490 0.000103 
 0.017520 0.000000 0.017520 0.000118 
 0.017550 0.000000 0.017550 0.000135 
 0.017580 0.000000 0.017580 0.000102 
 0.017610 0.000000 0.017610 0.000114 
 0.017640 0.000000 0.017640 0.000134 
 0.017670 0.000000 0.017670 0.000111 
 0.017700 0.000000 0.017700 0.000136 
 0.017730 0.000000 0.017730 0.000103 
 0.017760 0.000000 0.017760 0.000123 
 0.017790 0.000000 0.017790 0.000133 
 0.017820 0.000000 0.017820 0.000122 
 0.017850 0.000000 0.017850 0.000121 
 0.017880 0.000000 0.017880 0.000130 
 0.017910 0.000000 0.017910 0.000109 
 0.017940 0.000000 0.017940 0.000148 
 0.017970 0.000000 0.017970 0.000118 
 0.018000 0.000000 0.018000 0.000117 
 0.018030 0.000000 0.018030 0.000122 
 0.018060 0.000000 0.018060 0.000104 
 0.018090 0.000000 0.018090 0.000118 
 0.018120 0.000000 0.018120 0.000113 
 0.018150 0.000000 0.018150 0.000110 
 0.018180 0.000000 0.018180 0.000119 
 0.018210 0.000000 0.018210 0.000120 
 0.018240 0.000000 0.018240 0.000093 
 0.018270 0.000000 0.018270 0.000135 
 0.018300 0.000000 0.018300 0.000114 
 0.018330 0.000000 0.018330 0.000114 
 0.018360 0.000000 0.018360 0.000112 
 0.018390 0.000000 0.018390 0.000119 
 0.018420 0.000000 0.018420 0.000128 
 0.018450 0.000000 0.018450 0.000133 
 0.018480 0.000000 0.018480 0.000112 
 0.018510 0.000000 0.018510 0.000105 
 0.018540 0.000000 0.018540 0.000123 
 0.018570 0.000000 0.018570 0.000140 
 0.018600 0.000000 0.018600 0.000137 
 0.018630 0.000000 0.018630 0.000125 
 0.018660 0.000000 0.018660 0.000126 
 0.018690 0.000000 0.018690 0.000117 
 0.018720 0.000000 0.018720 0.000122 
 0.018750 0.000000 0.018750 0.000108 
 0.018780 0.000000 0.018780 0.000134 
 0.018810 0.000000 0.018810 0.000126 
 0.018840 0.000000 0.018840 0.000125 
 0.018870 0.000000 0.018870 0.000115 
 0.018900 0.000000 0.018900 0.000113 
 0.018930 0.000000 0.018930 0.000116 
 0.018960 0.000000 0.018960 0.000114 
 0.018990 0.000000 0.018990 0.000126 
 0.019020 0.000000 0.019020 0.000126 
 0.019050 0.000000 0.019050 0.000133 
 0.019080 0.000000 0.019080 0.000143 
 0.019110 0.000000 0.019110 0.000131 
 0.019140 0.000000 0.019140 0.000156 
 0.019170 0.000000 0.019170 0.000119 
 0.019200 0.000000 0.019200 0.000125 
 0.019230 0.000000 0.019230 0.000155 
 0.019260 0.000000 0.019260 0.000112 
 0.019290 0.000000 0.019290 0.000144 
 0.019320 0.000000 0.019320 0.000117 
 0.019350 0.000000 0.019350 0.000147 
 0.019380 0.000000 0.019380 0.000118 
 0.019410 0.000000 0.019410 0.000144 
 0.019440 0.000000 0.019440 0.000119 
 0.019470 0.000000 0.019470 0.000150 
 0.019500 0.000000 0.019500 0.000121 
 0.019530 0.000000 0.019530 0.000123 
 0.019560 0.000000 0.019560 0.000148 
 0.019590 0.000000 0.019590 0.000141 
 0.019620 0.000000 0.019620 0.000138 
 0.019650 0.000000 0.019650 0.000136 
 0.019680 0.000000 0.019680 0.000122 
 0.019710 0.000000 0.019710 0.000142 
 0.019740 0.000000 0.019740 0.000122 
 0.019770 0.000000 0.019770 0.000113 
 0.019800 0.000000 0.019800 0.000148 
 0.019830 0.000000 0.019830 0.000120 
 0.019860 0.000000 0.019860 0.000135 
 0.019890 0.000000 0.019890 0.000111 
 0.019920 0.000000 0.019920 0.000129 
 0.019950 0.000000 0.019950 0.000127 
 0.019980 0.000000 0.019980 0.000125 
 0.020010 0.000000 0.020010 0.000137 
 0.020040 0.000000 0.020040 0.000123 
 0.020070 0.000000 0.020070 0.000155 
 0.020100 0.000000 0.020100 0.000140 
 0.020130 0.000000 0.020130 0.000115 
 0.020160 0.000000 0.020160 0.000140 
 0.020190 0.000000 0.020190 0.000118 
 0.020220 0.000000 0.020220 0.000137 
 0.020250 0.000000 0.020250 0.000119 
 0.020280 0.000000 0.020280 0.000135 
 0.020310 0.000000 0.020310 0.000147 
 0.020340 0.000000 0.020340 0.000138 
 0.020370 0.000000 0.020370 0.000125 
 0.020400 0.000000 0.020400 0.000130 
 0.020430 0.000000 0.020430 0.000183 
 0.020460 0.000000 0.020460 0.000147 
 0.020490 0.000000 0.020490 0.000130 
 0.020520 0.000000 0.020520 0.000133 
 0.020550 0.000000 0.020550 0.000150 
 0.020580 0.000000 0.020580 0.000135 
 0.020610 0.000000 0.020610 0.000148 
 0.020640 0.000000 0.020640 0.000147 
 0.020670 0.000000 0.020670 0.000135 
 0.020700 0.000000 0.020700 0.000148 
 0.020730 0.000000 0.020730 0.000147 
 0.020760 0.000000 0.020760 0.000144 
 0.020790 0.000000 0.020790 0.000129 
 0.020820 0.000000 0.020820 0.000132 
 0.020850 0.000000 0.020850 0.000113 
 0.020880 0.000000 0.020880 0.000152 
 0.020910 0.000000 0.020910 0.000129 
 0.020940 0.000000 0.020940 0.000134 
 0.020970 0.000000 0.020970 0.000157 
 0.021000 0.000000 0.021000 0.000146 
 0.021030 0.000000 0.021030 0.000152 
 0.021060 0.000000 0.021060 0.000139 
 0.021090 0.000000 0.021090 0.000151 
 0.021120 0.000000 0.021120 0.000144 
 0.021150 0.000000 0.021150 0.000141 
 0.021180 0.000000 0.021180 0.000153 
 0.021210 0.000000 0.021210 0.000158 
 0.021240 0.000000 0.021240 0.000142 
 0.021270 0.000000 0.021270 0.000151 
 0.021300 0.000000 0.021300 0.000155 
 0.021330 0.000000 0.021330 0.000147 
 0.021360 0.000000 0.021360 0.000131 
 0.021390 0.000000 0.021390 0.000144 
 0.021420 0.000000 0.021420 0.000140 
 0.021450 0.000000 0.021450 0.000142 
 0.021480 0.000000 0.021480 0.000150 
 0.021510 0.000000 0.021510 0.000163 
 0.021540 0.000000 0.021540 0.000167 
 0.021570 0.000000 0.021570 0.000133 
 0.021600 0.000000 0.021600 0.000147 
 0.021630 0.000000 0.021630 0.000140 
 0.021660 0.000000 0.021660 0.000134 
 0.021690 0.000000 0.021690 0.000142 
 0.021720 0.000000 0.021720 0.000130 
 0.021750 0.000000 0.021750 0.000138 
 0.021780 0.000000 0.021780 0.000148 
 0.021810 0.000000 0.021810 0.000147 
 0.021840 0.000000 0.021840 0.000149 
 0.021870 0.000000 0.021870 0.000127 
 0.021900 0.000000 0.021900 0.000129 
 0.021930 0.000000 0.021930 0.000161 
 0.021960 0.000000 0.021960 0.000169 
 0.021990 0.000000 0.021990 0.000138 
 0.022020 0.000000 0.022020 0.000154 
 0.022050 0.000000 0.022050 0.000149 
 0.022080 0.000000 0.022080 0.000146 
 0.022110 0.000000 0.022110 0.000151 
 0.022140 0.000000 0.022140 0.000176 
 0.022170 0.000000 0.022170 0.000156 
 0.022200 0.000000 0.022200 0.000154 
 0.022230 0.000000 0.022230 0.000145 
 0.022260 0.000000 0.022260 0.000137 
 0.022290 0.000000 0.022290 0.000152 
 0.022320 0.000000 0.022320 0.000138 
 0.022350 0.000000 0.022350 0.000166 
 0.022380 0.000000 0.022380 0.000160 
 0.022410 0.000000 0.022410 0.000169 
 0.022440 0.000000 0.022440 0.000165 
 0.022470 0.000000 0.022470 0.000155 
 0.022500 0.000000 0.022500 0.000167 
 0.022530 0.000000 0.022530 0.000168 
 0.022560 0.000000 0.022560 0.000146 
 0.022590 0.000000 0.022590 0.000169 
 0.022620 0.000000 0.022620 0.000162 
 0.022650 0.000000 0.022650 0.000203 
 0.022680 0.000000 0.022680 0.000165 
 0.022710 0.000000 0.022710 0.000148 
 0.022740 0.000000 0.022740 0.000159 
 0.022770 0.000000 0.022770 0.000149 
 0.022800 0.000000 0.022800 0.000150 
 0.022830 0.000000 0.022830 0.000150 
 0.022860 0.000000 0.022860 0.000133 
 0.022890 0.000000 0.022890 0.000167 
 0.022920 0.000000 0.022920 0.000148 
 0.022950 0.000000 0.022950 0.000153 
 0.022980 0.000000 0.022980 0.000152 
 0.023010 0.000000 0.023010 0.000144 
 0.023040 0.000000 0.023040 0.000130 
 0.023070 0.000000 0.023070 0.000163 
 0.023100 0.000000 0.023100 0.000177 
 0.023130 0.000000 0.023130 0.000148 
 0.023160 0.000000 0.023160 0.000178 
 0.023190 0.000000 0.023190 0.000154 
 0.023220 0.000000 0.023220 0.000153 
 0.023250 0.000000 0.023250 0.000158 
 0.023280 0.000000 0.023280 0.000161 
 0.023310 0.000000 0.023310 0.000173 
 0.023340 0.000000 0.023340 0.000172 
 0.023370 0.000000 0.023370 0.000169 
 0.023400 0.000000 0.023400 0.000165 
 0.023430 0.000000 0.023430 0.000179 
 0.023460 0.000000 0.023460 0.000179 
 0.023490 0.000000 0.023490 0.000160 
 0.023520 0.000000 0.023520 0.000163 
 0.023550 0.000000 0.023550 0.000169 
 0.023580 0.000000 0.023580 0.000158 
 0.023610 0.000000 0.023610 0.000153 
 0.023640 0.000000 0.023640 0.000160 
 0.023670 0.000000 0.023670 0.000174 
 0.023700 0.000000 0.023700 0.000157 
 0.023730 0.000000 0.023730 0.000172 
 0.023760 0.000000 0.023760 0.000155 
 0.023790 0.000000 0.023790 0.000149 
 0.023820 0.000000 0.023820 0.000169 
 0.023850 0.000000 0.023850 0.000166 
 0.023880 0.000000 0.023880 0.000149 
 0.023910 0.000000 0.023910 0.000160 
 0.023940 0.000000 0.023940 0.000155 
 0.023970 0.000000 0.023970 0.000163 
 0.024000 0.000000 0.024000 0.000169 
 0.024030 0.000000 0.024030 0.000182 
 0.024060 0.000000 0.024060 0.000167 
 0.024090 0.000000 0.024090 0.000187 
 0.024120 0.000000 0.024120 0.000182 
 0.024150 0.000000 0.024150 0.000182 
 0.024180 0.000000 0.024180 0.000155 
 0.024210 0.000000 0.024210 0.000163 
 0.024240 0.000000 0.024240 0.000162 
 0.024270 0.000000 0.024270 0.000183 
 0.024300 0.000000 0.024300 0.000164 
 0.024330 0.000000 0.024330 0.000173 
 0.024360 0.000000 0.024360 0.000181 
 0.024390 0.000000 0.024390 0.000166 
 0.024420 0.000000 0.024420 0.000180 
 0.024450 0.000000 0.024450 0.000180 
 0.024480 0.000000 0.024480 0.000166 
 0.024510 0.000000 0.024510 0.000192 
 0.024540 0.000000 0.024540 0.000175 
 0.024570 0.000000 0.024570 0.000161 
 0.024600 0.000000 0.024600 0.000174 
 0.024630 0.000000 0.024630 0.000185 
 0.024660 0.000000 0.024660 0.000176 
 0.024690 0.000000 0.024690 0.000185 
 0.024720 0.000000 0.024720 0.000189 
 0.024750 0.000000 0.024750 0.000164 
 0.024780 0.000000 0.024780 0.000183 
 0.024810 0.000000 0.024810 0.000190 
 0.024840 0.000000 0.024840 0.000194 
 0.024870 0.000000 0.024870 0.000170 
 0.024900 0.000000 0.024900 0.000191 
 0.024930 0.000000 0.024930 0.000158 
 0.024960 0.000000 0.024960 0.000169 
 0.024990 0.000000 0.024990 0.000171 
 0.025020 0.000000 0.025020 0.000177 
 0.025050 0.000000 0.025050 0.000164 
 0.025080 0.000000 0.025080 0.000170 
 0.025110 0.000000 0.025110 0.000178 
 0.025140 0.000000 0.025140 0.000178 
 0.025170 0.000000 0.025170 0.000206 
 0.025200 0.000000 0.025200 0.000188 
 0.025230 0.000000 0.025230 0.000161 
 0.025260 0.000000 0.025260 0.000185 
 0.025290 0.000000 0.025290 0.000168 
 0.025320 0.000000 0.025320 0.000169 
 0.025350 0.000000 0.025350 0.000154 
 0.025380 0.000000 0.025380 0.000188 
 0.025410 0.000000 0.025410 0.000165 
 0.025440 0.000000 0.025440 0.000164 
 0.025470 0.000000 0.025470 0.000184 
 0.025500 0.000000 0.025500 0.000203 
 0.025530 0.000000 0.025530 0.000177 
 0.025560 0.000000 0.025560 0.000189 
 0.025590 0.000000 0.025590 0.000196 
 0.025620 0.000000 0.025620 0.000161 
 0.025650 0.000000 0.025650 0.000183 
 0.025680 0.000000 0.025680 0.000179 
 0.025710 0.000000 0.025710 0.000189 
 0.025740 0.000000 0.025740 0.000198 
 0.025770 0.000000 0.025770 0.000196 
 0.025800 0.000000 0.025800 0.000189 
 0.025830 0.000000 0.025830 0.000172 
 0.025860 0.000000 0.025860 0.000190 
 0.025890 0.000000 0.025890 0.000195 
 0.025920 0.000000 0.025920 0.000206 
 0.025950 0.000000 0.025950 0.000194 
 0.025980 0.000000 0.025980 0.000193 
 0.026010 0.000000 0.026010 0.000161 
 0.026040 0.000000 0.026040 0.000196 
 0.026070 0.000000 0.026070 0.000221 
 0.026100 0.000000 0.026100 0.000182 
 0.026130 0.000000 0.026130 0.000190 
 0.026160 0.000000 0.026160 0.000194 
 0.026190 0.000000 0.026190 0.000203 
 0.026220 0.000000 0.026220 0.000197 
 0.026250 0.000000 0.026250 0.000176 
 0.026280 0.000000 0.026280 0.000211 
 0.026310 0.000000 0.026310 0.000191 
 0.026340 0.000000 0.026340 0.000151 
 0.026370 0.000000 0.026370 0.000181 
 0.026400 0.000000 0.026400 0.000176 
 0.026430 0.000000 0.026430 0.000209 
 0.026460 0.000000 0.026460 0.000193 
 0.026490 0.000000 0.026490 0.000185 
 0.026520 0.000000 0.026520 0.000214 
 0.026550 0.000000 0.026550 0.000198 
 0.026580 0.000000 0.026580 0.000200 
 0.026610 0.000000 0.026610 0.000189 
 0.026640 0.000000 0.026640 0.000210 
 0.026670 0.000000 0.026670 0.000174 
 0.026700 0.000000 0.026700 0.000181 
 0.026730 0.000000 0.026730 0.000181 
 0.026760 0.000000 0.026760 0.000191 
 0.026790 0.000000 0.026790 0.000202 
 0.026820 0.000000 0.026820 0.000217 
 0.026850 0.000000 0.026850 0.000184 
 0.026880 0.000000 0.026880 0.000211 
 0.026910 0.000000 0.026910 0.000218 
 0.026940 0.000000 0.026940 0.000222 
 0.026970 0.000000 0.026970 0.000183 
 0.027000 0.000000 0.027000 0.000157 
 0.027030 0.000000 0.027030 0.000206 
 0.027060 0.000000 0.027060 0.000199 
 0.027090 0.000000 0.027090 0.000220 
 0.027120 0.000000 0.027120 0.000191 
 0.027150 0.000000 0.027150 0.000190 
 0.027180 0.000000 0.027180 0.000211 
 0.027210 0.000000 0.027210 0.000193 
 0.027240 0.000000 0.027240 0.000197 
 0.027270 0.000000 0.027270 0.000195 
 0.027300 0.000000 0.027300 0.000225 
 0.027330 0.000000 0.027330 0.000213 
 0.027360 0.000000 0.027360 0.000215 
 0.027390 0.000000 0.027390 0.000186 
 0.027420 0.000000 0.027420 0.000192 
 0.027450 0.000000 0.027450 0.000197 
 0.027480 0.000000 0.027480 0.000217 
 0.027510 0.000000 0.027510 0.000219 
 0.027540 0.000000 0.027540 0.000240 
 0.027570 0.000000 0.027570 0.000200 
 0.027600 0.000000 0.027600 0.000203 
 0.027630 0.000000 0.027630 0.000187 
 0.027660 0.000000 0.027660 0.000227 
 0.027690 0.000000 0.027690 0.000197 
 0.027720 0.000000 0.027720 0.000217 
 0.027750 0.000000 0.027750 0.000191 
 0.027780 0.000000 0.027780 0.000191 
 0.027810 0.000000 0.027810 0.000211 
 0.027840 0.000000 0.027840 0.000221 
 0.027870 0.000000 0.027870 0.000237 
 0.027900 0.000000 0.027900 0.000197 
 0.027930 0.000000 0.027930 0.000212 
 0.027960 0.000000 0.027960 0.000222 
 0.027990 0.000000 0.027990 0.000213 
 0.028020 0.000000 0.028020 0.000196 
 0.028050 0.000000 0.028050 0.000189 
 0.028080 0.000000 0.028080 0.000223 
 0.028110 0.000000 0.028110 0.000199 
 0.028140 0.000000 0.028140 0.000235 
 0.028170 0.000000 0.028170 0.000212 
 0.028200 0.000000 0.028200 0.000197 
 0.028230 0.000000 0.028230 0.000219 
 0.028260 0.000000 0.028260 0.000190 
 0.028290 0.000000 0.028290 0.000228 
 0.028320 0.000000 0.028320 0.000222 
 0.028350 0.000000 0.028350 0.000204 
 0.028380 0.000000 0.028380 0.000204 
 0.028410 0.000000 0.028410 0.000212 
 0.028440 0.000000 0.028440 0.000251 
 0.028470 0.000000 0.028470 0.000217 
 0.028500 0.000000 0.028500 0.000197 
 0.028530 0.000000 0.028530 0.000229 
 0.028560 0.000000 0.028560 0.000228 
 0.028590 0.000000 0.028590 0.000213 
 0.028620 0.000000 0.028620 0.000217 
 0.028650 0.000000 0.028650 0.000216 
 0.028680 0.000000 0.028680 0.000219 
 0.028710 0.000000 0.028710 0.000231 
 0.028740 0.000000 0.028740 0.000225 
 0.028770 0.000000 0.028770 0.000214 
 0.028800 0.000000 0.028800 0.000254 
 0.028830 0.000000 0.028830 0.000217 
 0.028860 0.000000 0.028860 0.000218 
 0.028890 0.000000 0.028890 0.000224 
 0.028920 0.000000 0.028920 0.000263 
 0.028950 0.000000 0.028950 0.000208 
 0.028980 0.000000 0.028980 0.000208 
 0.029010 0.000000 0.029010 0.000237 
 0.029040 0.000000 0.029040 0.000205 
 0.029070 0.000000 0.029070 0.000232 
 0.029100 0.000000 0.029100 0.000229 
 0.029130 0.000000 0.029130 0.000238 
 0.029160 0.000000 0.029160 0.000229 
 0.029190 0.000000 0.029190 0.000244 
 0.029220 0.000000 0.029220 0.000220 
 0.029250 0.000000 0.029250 0.000257 
 0.029280 0.000000 0.029280 0.000225 
 0.029310 0.000000 0.029310 0.000249 
 0.029340 0.000000 0.029340 0.000256 
 0.029370 0.000000 0.029370 0.000214 
 0.029400 0.000000 0.029400 0.000236 
 0.029430 0.000000 0.029430 0.000237 
 0.029460 0.000000 0.029460 0.000215 
 0.029490 0.000000 0.029490 0.000245 
 0.029520 0.000000 0.029520 0.000225 
 0.029550 0.000000 0.029550 0.000246 
 0.029580 0.000000 0.029580 0.000219 
 0.029610 0.000000 0.029610 0.000265 
 0.029640 0.000000 0.029640 0.000226 
 0.029670 0.000000 0.029670 0.000226 
 0.029700 0.000000 0.029700 0.000250 
 0.029730 0.000000 0.029730 0.000200 
 0.029760 0.000000 0.029760 0.000242 
 0.029790 0.000000 0.029790 0.000242 
 0.029820 0.000000 0.029820 0.000235 
 0.029850 0.000000 0.029850 0.000234 
 0.029880 0.000000 0.029880 0.000255 
 0.029910 0.000000 0.029910 0.000246 
 0.029940 0.000000 0.029940 0.000250 
 0.029970 0.000000 0.029970 0.000227 
