#Accretion angular momentum 
#as function of Black Hole Mass
#rc_a and rc_b are bracketing the circularization radius,
#at which gas with initial angular momentum l_acc
#circularizes, which thus is the accretion radius
#
#l_acc, mbh, log(l_acc), log(mbh), rc_a, rc_b
0.000300 0.000100 -3.522879 -4.000000 0.001480 0.000885
0.000400 0.000200 -3.397940 -3.698970 0.001222 0.000795
0.000500 0.000300 -3.301030 -3.522879 0.001184 0.000829
0.000600 0.000400 -3.221849 -3.397940 0.001212 0.000896
0.000700 0.000500 -3.154902 -3.301030 0.001267 0.000975
0.000700 0.000600 -3.154902 -3.221849 0.001061 0.000815
0.000800 0.000700 -3.096910 -3.154902 0.001151 0.000912
0.000800 0.000800 -3.096910 -3.096910 0.001009 0.000799
0.000900 0.000900 -3.045758 -3.045757 0.001107 0.000898
0.001000 0.001000 -3.000000 -3.000000 0.001205 0.000998
0.001000 0.001100 -3.000000 -2.958607 0.001097 0.000908
0.001000 0.001200 -3.000000 -2.920819 0.001006 0.000832
0.001100 0.001300 -2.958607 -2.886057 0.001105 0.000929
0.001100 0.001400 -2.958607 -2.853872 0.001027 0.000863
0.001200 0.001500 -2.920819 -2.823909 0.001124 0.000959
0.001200 0.001600 -2.920819 -2.795880 0.001054 0.000899
0.001300 0.001700 -2.886057 -2.769551 0.001150 0.000993
0.001300 0.001800 -2.886057 -2.744728 0.001087 0.000938
0.001300 0.001900 -2.886057 -2.721247 0.001030 0.000889
0.001400 0.002000 -2.853872 -2.698970 0.001123 0.000979
0.001400 0.002100 -2.853872 -2.677781 0.001070 0.000932
0.001400 0.002200 -2.853872 -2.657577 0.001021 0.000890
0.001500 0.002300 -2.823909 -2.638272 0.001111 0.000977
0.001500 0.002400 -2.823909 -2.619789 0.001065 0.000937
0.001500 0.002500 -2.823909 -2.602060 0.001023 0.000899
0.001600 0.002600 -2.795880 -2.585027 0.001110 0.000984
0.001600 0.002700 -2.795880 -2.568636 0.001069 0.000947
0.001600 0.002800 -2.795880 -2.552842 0.001031 0.000914
0.001700 0.002900 -2.769551 -2.537602 0.001116 0.000996
0.001700 0.003000 -2.769551 -2.522879 0.001079 0.000963
0.001700 0.003100 -2.769551 -2.508638 0.001044 0.000932
0.001700 0.003200 -2.769551 -2.494850 0.001012 0.000903
0.001800 0.003300 -2.744728 -2.481486 0.001093 0.000981
0.001800 0.003400 -2.744728 -2.468521 0.001061 0.000952
0.001800 0.003500 -2.744728 -2.455932 0.001031 0.000925
0.001800 0.003600 -2.744728 -2.443697 0.001002 0.000900
0.001900 0.003700 -2.721247 -2.431798 0.001080 0.000975
0.001900 0.003800 -2.721247 -2.420216 0.001052 0.000949
0.001900 0.003900 -2.721247 -2.408935 0.001025 0.000925
0.002000 0.004000 -2.698970 -2.397940 0.001102 0.000999
0.002000 0.004100 -2.698970 -2.387216 0.001075 0.000975
0.002000 0.004200 -2.698970 -2.376751 0.001049 0.000952
0.002000 0.004300 -2.698970 -2.366532 0.001025 0.000930
0.002000 0.004400 -2.698970 -2.356547 0.001002 0.000909
0.002100 0.004500 -2.677781 -2.346788 0.001075 0.000979
0.002100 0.004600 -2.677781 -2.337242 0.001052 0.000958
0.002100 0.004700 -2.677781 -2.327902 0.001029 0.000938
0.002100 0.004800 -2.677781 -2.318759 0.001008 0.000918
0.002200 0.004900 -2.657577 -2.309804 0.001079 0.000987
0.002200 0.005000 -2.657577 -2.301030 0.001057 0.000968
0.002200 0.005100 -2.657577 -2.292430 0.001037 0.000949
0.002200 0.005200 -2.657577 -2.283997 0.001017 0.000930
0.002300 0.005300 -2.638272 -2.275724 0.001086 0.000998
0.002300 0.005400 -2.638272 -2.267606 0.001066 0.000979
0.002300 0.005500 -2.638272 -2.259637 0.001047 0.000961
0.002300 0.005600 -2.638272 -2.251812 0.001028 0.000944
0.002300 0.005700 -2.638272 -2.244125 0.001010 0.000928
0.002400 0.005800 -2.619789 -2.236572 0.001077 0.000993
0.002400 0.005900 -2.619789 -2.229148 0.001059 0.000976
0.002400 0.006000 -2.619789 -2.221849 0.001041 0.000960
0.002400 0.006100 -2.619789 -2.214670 0.001024 0.000944
0.002400 0.006200 -2.619789 -2.207609 0.001008 0.000929
0.002500 0.006300 -2.602060 -2.200660 0.001072 0.000992
0.002500 0.006400 -2.602060 -2.193820 0.001056 0.000976
0.002500 0.006500 -2.602060 -2.187087 0.001040 0.000961
0.002500 0.006600 -2.602060 -2.180456 0.001024 0.000947
0.002500 0.006700 -2.602060 -2.173925 0.001009 0.000933
0.002600 0.006800 -2.585027 -2.167491 0.001072 0.000994
0.002600 0.006900 -2.585027 -2.161151 0.001056 0.000979
0.002600 0.007000 -2.585027 -2.154902 0.001041 0.000965
0.002600 0.007100 -2.585027 -2.148742 0.001026 0.000952
0.002600 0.007200 -2.585027 -2.142668 0.001012 0.000939
0.002700 0.007300 -2.568636 -2.136677 0.001074 0.000998
0.002700 0.007400 -2.568636 -2.130769 0.001059 0.000985
0.002700 0.007500 -2.568636 -2.124939 0.001045 0.000972
0.002700 0.007600 -2.568636 -2.119187 0.001031 0.000959
0.002700 0.007700 -2.568636 -2.113510 0.001018 0.000946
0.002700 0.007800 -2.568636 -2.107906 0.001005 0.000934
0.002800 0.007900 -2.552842 -2.102373 0.001064 0.000992
0.002800 0.008000 -2.552842 -2.096910 0.001051 0.000980
0.002800 0.008100 -2.552842 -2.091515 0.001038 0.000968
0.002800 0.008200 -2.552842 -2.086186 0.001025 0.000956
0.002800 0.008300 -2.552842 -2.080922 0.001013 0.000944
0.002800 0.008400 -2.552842 -2.075721 0.001001 0.000933
0.002900 0.008500 -2.537602 -2.070581 0.001058 0.000989
0.002900 0.008600 -2.537602 -2.065502 0.001046 0.000978
0.002900 0.008700 -2.537602 -2.060481 0.001034 0.000966
0.002900 0.008800 -2.537602 -2.055518 0.001022 0.000955
0.002900 0.008900 -2.537602 -2.050610 0.001011 0.000945
0.003000 0.009000 -2.522879 -2.045758 0.001067 0.001000
0.003000 0.009100 -2.522879 -2.040959 0.001056 0.000989
0.003000 0.009200 -2.522879 -2.036213 0.001044 0.000978
0.003000 0.009300 -2.522879 -2.031517 0.001033 0.000968
0.003000 0.009400 -2.522879 -2.026873 0.001022 0.000957
0.003000 0.009500 -2.522879 -2.022277 0.001011 0.000947
0.003000 0.009600 -2.522879 -2.017729 0.001001 0.000937
0.003100 0.009700 -2.508638 -2.013229 0.001055 0.000990
0.003100 0.009800 -2.508638 -2.008774 0.001045 0.000980
0.003100 0.009900 -2.508638 -2.004365 0.001034 0.000970
0.003100 0.010000 -2.508638 -2.000000 0.001024 0.000961
0.003100 0.010100 -2.508638 -1.995679 0.001014 0.000951
0.003100 0.010200 -2.508638 -1.991400 0.001004 0.000942
0.003200 0.010300 -2.494850 -1.987163 0.001057 0.000994
0.003200 0.010400 -2.494850 -1.982967 0.001047 0.000984
0.003200 0.010500 -2.494850 -1.978811 0.001037 0.000975
0.003200 0.010600 -2.494850 -1.974695 0.001027 0.000966
0.003200 0.010700 -2.494850 -1.970617 0.001018 0.000957
0.003200 0.010800 -2.494850 -1.966577 0.001008 0.000948
0.003300 0.010900 -2.481486 -1.962574 0.001060 0.000999
0.003300 0.011000 -2.481486 -1.958608 0.001051 0.000990
0.003300 0.011100 -2.481486 -1.954677 0.001041 0.000981
0.003300 0.011200 -2.481486 -1.950782 0.001032 0.000972
0.003300 0.011300 -2.481486 -1.946922 0.001023 0.000964
0.003300 0.011400 -2.481486 -1.943096 0.001014 0.000955
0.003300 0.011500 -2.481486 -1.939303 0.001005 0.000947
0.003400 0.011600 -2.468521 -1.935542 0.001056 0.000996
0.003400 0.011700 -2.468521 -1.931815 0.001047 0.000988
0.003400 0.011800 -2.468521 -1.928118 0.001038 0.000979
0.003400 0.011900 -2.468521 -1.924454 0.001029 0.000971
0.003400 0.012000 -2.468521 -1.920819 0.001021 0.000963
0.003400 0.012100 -2.468521 -1.917215 0.001012 0.000955
0.003400 0.012200 -2.468521 -1.913641 0.001004 0.000947
0.003500 0.012300 -2.455932 -1.910095 0.001053 0.000996
0.003500 0.012400 -2.455932 -1.906579 0.001045 0.000988
0.003500 0.012500 -2.455932 -1.903090 0.001037 0.000980
0.003500 0.012600 -2.455932 -1.899630 0.001028 0.000972
0.003500 0.012700 -2.455932 -1.896197 0.001020 0.000964
0.003500 0.012800 -2.455932 -1.892791 0.001012 0.000957
0.003500 0.012900 -2.455932 -1.889411 0.001004 0.000949
0.003600 0.013000 -2.443697 -1.886057 0.001053 0.000997
0.003600 0.013100 -2.443697 -1.882729 0.001045 0.000989
0.003600 0.013200 -2.443697 -1.879427 0.001037 0.000982
0.003600 0.013300 -2.443697 -1.876149 0.001029 0.000974
0.003600 0.013400 -2.443697 -1.872896 0.001021 0.000967
0.003600 0.013500 -2.443697 -1.869667 0.001014 0.000960
0.003600 0.013600 -2.443697 -1.866462 0.001006 0.000953
0.003700 0.013700 -2.431798 -1.863280 0.001054 0.000999
0.003700 0.013800 -2.431798 -1.860121 0.001046 0.000992
0.003700 0.013900 -2.431798 -1.856986 0.001039 0.000985
0.003700 0.014000 -2.431798 -1.853872 0.001031 0.000978
0.003700 0.014100 -2.431798 -1.850781 0.001024 0.000971
0.003700 0.014200 -2.431798 -1.847712 0.001017 0.000964
0.003700 0.014300 -2.431798 -1.844664 0.001010 0.000957
0.003700 0.014400 -2.431798 -1.841638 0.001003 0.000951
0.003800 0.014500 -2.420216 -1.838633 0.001049 0.000996
0.003800 0.014600 -2.420216 -1.835648 0.001042 0.000989
0.003800 0.014700 -2.420216 -1.832683 0.001035 0.000982
0.003800 0.014800 -2.420216 -1.829739 0.001028 0.000976
0.003800 0.014900 -2.420216 -1.826814 0.001021 0.000969
0.003800 0.015000 -2.420216 -1.823909 0.001014 0.000963
0.003800 0.015100 -2.420216 -1.821024 0.001007 0.000956
0.003800 0.015200 -2.420216 -1.818157 0.001000 0.000950
0.003900 0.015300 -2.408935 -1.815309 0.001046 0.000994
0.003900 0.015400 -2.408935 -1.812480 0.001039 0.000988
0.003900 0.015500 -2.408935 -1.809669 0.001032 0.000981
0.003900 0.015600 -2.408935 -1.806876 0.001025 0.000975
0.003900 0.015700 -2.408935 -1.804101 0.001019 0.000969
0.003900 0.015800 -2.408935 -1.801343 0.001012 0.000963
0.003900 0.015900 -2.408935 -1.798603 0.001006 0.000956
0.004000 0.016000 -2.397940 -1.795881 0.001050 0.001000
0.004000 0.016100 -2.397940 -1.793175 0.001044 0.000994
0.004000 0.016200 -2.397940 -1.790486 0.001037 0.000988
0.004000 0.016300 -2.397940 -1.787813 0.001031 0.000981
0.004000 0.016400 -2.397940 -1.785157 0.001025 0.000975
0.004000 0.016500 -2.397940 -1.782517 0.001019 0.000970
0.004000 0.016600 -2.397940 -1.779892 0.001012 0.000964
0.004000 0.016700 -2.397940 -1.777284 0.001006 0.000958
0.004000 0.016800 -2.397940 -1.774691 0.001000 0.000952
0.004100 0.016900 -2.387216 -1.772114 0.001044 0.000995
0.004100 0.017000 -2.387216 -1.769552 0.001037 0.000989
0.004100 0.017100 -2.387216 -1.767004 0.001031 0.000983
0.004100 0.017200 -2.387216 -1.764472 0.001025 0.000977
0.004100 0.017300 -2.387216 -1.761954 0.001019 0.000972
0.004100 0.017400 -2.387216 -1.759451 0.001014 0.000966
0.004100 0.017500 -2.387216 -1.756963 0.001008 0.000960
0.004100 0.017600 -2.387216 -1.754488 0.001002 0.000955
0.004200 0.017700 -2.376751 -1.752027 0.001044 0.000996
0.004200 0.017800 -2.376751 -1.749581 0.001039 0.000991
0.004200 0.017900 -2.376751 -1.747148 0.001033 0.000985
0.004200 0.018000 -2.376751 -1.744728 0.001027 0.000980
0.004200 0.018100 -2.376751 -1.742322 0.001021 0.000974
0.004200 0.018200 -2.376751 -1.739929 0.001016 0.000969
0.004200 0.018300 -2.376751 -1.737549 0.001010 0.000964
0.004200 0.018400 -2.376751 -1.735183 0.001005 0.000959
0.004300 0.018500 -2.366532 -1.732829 0.001046 0.000999
0.004300 0.018600 -2.366532 -1.730488 0.001041 0.000994
0.004300 0.018700 -2.366532 -1.728159 0.001035 0.000989
0.004300 0.018800 -2.366532 -1.725843 0.001030 0.000983
0.004300 0.018900 -2.366532 -1.723539 0.001024 0.000978
0.004300 0.019000 -2.366532 -1.721247 0.001019 0.000973
0.004300 0.019100 -2.366532 -1.718967 0.001013 0.000968
0.004300 0.019200 -2.366532 -1.716699 0.001008 0.000963
0.004300 0.019300 -2.366532 -1.714443 0.001003 0.000958
0.004400 0.019400 -2.356547 -1.712199 0.001044 0.000998
0.004400 0.019500 -2.356547 -1.709966 0.001038 0.000993
0.004400 0.019600 -2.356547 -1.707745 0.001033 0.000988
0.004400 0.019700 -2.356547 -1.705534 0.001028 0.000983
0.004400 0.019800 -2.356547 -1.703335 0.001023 0.000978
0.004400 0.019900 -2.356547 -1.701147 0.001017 0.000973
0.004400 0.020000 -2.356547 -1.698971 0.001012 0.000968
0.004400 0.020100 -2.356547 -1.696805 0.001007 0.000963
0.004400 0.020200 -2.356547 -1.694649 0.001002 0.000958
0.004500 0.020300 -2.346788 -1.692505 0.001042 0.000997
0.004500 0.020400 -2.346788 -1.690370 0.001037 0.000993
0.004500 0.020500 -2.346788 -1.688247 0.001032 0.000988
0.004500 0.020600 -2.346788 -1.686133 0.001027 0.000983
0.004500 0.020700 -2.346788 -1.684030 0.001022 0.000978
0.004500 0.020800 -2.346788 -1.681937 0.001017 0.000973
0.004500 0.020900 -2.346788 -1.679854 0.001012 0.000969
0.004500 0.021000 -2.346788 -1.677781 0.001007 0.000964
0.004500 0.021100 -2.346788 -1.675718 0.001003 0.000960
0.004600 0.021200 -2.337242 -1.673665 0.001042 0.000998
0.004600 0.021300 -2.337242 -1.671621 0.001037 0.000993
0.004600 0.021400 -2.337242 -1.669587 0.001032 0.000989
0.004600 0.021500 -2.337242 -1.667562 0.001027 0.000984
0.004600 0.021600 -2.337242 -1.665547 0.001023 0.000980
0.004600 0.021700 -2.337242 -1.663541 0.001018 0.000975
0.004600 0.021800 -2.337242 -1.661544 0.001013 0.000971
0.004600 0.021900 -2.337242 -1.659556 0.001009 0.000966
0.004600 0.022000 -2.337242 -1.657578 0.001004 0.000962
0.004700 0.022100 -2.327902 -1.655608 0.001042 0.000999
0.004700 0.022200 -2.327902 -1.653648 0.001038 0.000995
0.004700 0.022300 -2.327902 -1.651696 0.001033 0.000990
0.004700 0.022400 -2.327902 -1.649753 0.001028 0.000986
0.004700 0.022500 -2.327902 -1.647818 0.001024 0.000982
0.004700 0.022600 -2.327902 -1.645892 0.001019 0.000977
0.004700 0.022700 -2.327902 -1.643975 0.001015 0.000973
0.004700 0.022800 -2.327902 -1.642066 0.001010 0.000969
0.004700 0.022900 -2.327902 -1.640165 0.001006 0.000965
0.004700 0.023000 -2.327902 -1.638273 0.001002 0.000960
0.004800 0.023100 -2.318759 -1.636389 0.001039 0.000997
0.004800 0.023200 -2.318759 -1.634513 0.001035 0.000993
0.004800 0.023300 -2.318759 -1.632645 0.001030 0.000989
0.004800 0.023400 -2.318759 -1.630785 0.001026 0.000985
0.004800 0.023500 -2.318759 -1.628933 0.001022 0.000980
0.004800 0.023600 -2.318759 -1.627089 0.001017 0.000976
0.004800 0.023700 -2.318759 -1.625252 0.001013 0.000972
0.004800 0.023800 -2.318759 -1.623424 0.001009 0.000968
0.004800 0.023900 -2.318759 -1.621603 0.001004 0.000964
0.004800 0.024000 -2.318759 -1.619789 0.001000 0.000960
0.004900 0.024100 -2.309804 -1.617984 0.001037 0.000996
0.004900 0.024200 -2.309804 -1.616185 0.001033 0.000992
0.004900 0.024300 -2.309804 -1.614394 0.001029 0.000988
0.004900 0.024400 -2.309804 -1.612611 0.001024 0.000984
0.004900 0.024500 -2.309804 -1.610835 0.001020 0.000980
0.004900 0.024600 -2.309804 -1.609065 0.001016 0.000976
0.004900 0.024700 -2.309804 -1.607304 0.001012 0.000972
0.004900 0.024800 -2.309804 -1.605549 0.001008 0.000968
0.004900 0.024900 -2.309804 -1.603801 0.001004 0.000964
0.005000 0.025000 -2.301030 -1.602061 0.001040 0.001000
0.005000 0.025100 -2.301030 -1.600327 0.001036 0.000996
0.005000 0.025200 -2.301030 -1.598600 0.001032 0.000992
0.005000 0.025300 -2.301030 -1.596880 0.001028 0.000988
0.005000 0.025400 -2.301030 -1.595167 0.001024 0.000984
0.005000 0.025500 -2.301030 -1.593460 0.001020 0.000980
0.005000 0.025600 -2.301030 -1.591761 0.001016 0.000976
0.005000 0.025700 -2.301030 -1.590067 0.001012 0.000973
0.005000 0.025800 -2.301030 -1.588381 0.001008 0.000969
0.005000 0.025900 -2.301030 -1.586701 0.001004 0.000965
0.005000 0.026000 -2.301030 -1.585027 0.001000 0.000961
0.005100 0.026100 -2.292430 -1.583360 0.001036 0.000996
0.005100 0.026200 -2.292430 -1.581699 0.001032 0.000993
0.005100 0.026300 -2.292430 -1.580045 0.001028 0.000989
0.005100 0.026400 -2.292430 -1.578397 0.001024 0.000985
0.005100 0.026500 -2.292430 -1.576755 0.001020 0.000981
0.005100 0.026600 -2.292430 -1.575119 0.001016 0.000978
0.005100 0.026700 -2.292430 -1.573489 0.001013 0.000974
0.005100 0.026800 -2.292430 -1.571866 0.001009 0.000970
0.005100 0.026900 -2.292430 -1.570248 0.001005 0.000967
0.005100 0.027000 -2.292430 -1.568637 0.001001 0.000963
0.005200 0.027100 -2.283997 -1.567031 0.001036 0.000998
0.005200 0.027200 -2.283997 -1.565432 0.001033 0.000994
0.005200 0.027300 -2.283997 -1.563838 0.001029 0.000990
0.005200 0.027400 -2.283997 -1.562250 0.001025 0.000987
0.005200 0.027500 -2.283997 -1.560668 0.001021 0.000983
0.005200 0.027600 -2.283997 -1.559092 0.001018 0.000980
0.005200 0.027700 -2.283997 -1.557521 0.001014 0.000976
0.005200 0.027800 -2.283997 -1.555956 0.001010 0.000973
0.005200 0.027900 -2.283997 -1.554396 0.001007 0.000969
0.005200 0.028000 -2.283997 -1.552843 0.001003 0.000966
0.005300 0.028100 -2.275724 -1.551294 0.001038 0.001000
0.005300 0.028200 -2.275724 -1.549752 0.001034 0.000996
0.005300 0.028300 -2.275724 -1.548214 0.001030 0.000992
0.005300 0.028400 -2.275724 -1.546682 0.001027 0.000989
0.005300 0.028500 -2.275724 -1.545156 0.001023 0.000986
0.005300 0.028600 -2.275724 -1.543635 0.001019 0.000982
0.005300 0.028700 -2.275724 -1.542119 0.001016 0.000979
0.005300 0.028800 -2.275724 -1.540608 0.001012 0.000975
0.005300 0.028900 -2.275724 -1.539103 0.001009 0.000972
0.005300 0.029000 -2.275724 -1.537603 0.001005 0.000969
0.005300 0.029100 -2.275724 -1.536108 0.001002 0.000965
0.005400 0.029200 -2.267606 -1.534618 0.001036 0.000999
0.005400 0.029300 -2.267606 -1.533133 0.001032 0.000995
0.005400 0.029400 -2.267606 -1.531653 0.001029 0.000992
0.005400 0.029500 -2.267606 -1.530179 0.001025 0.000988
0.005400 0.029600 -2.267606 -1.528709 0.001022 0.000985
0.005400 0.029700 -2.267606 -1.527244 0.001018 0.000982
0.005400 0.029800 -2.267606 -1.525784 0.001015 0.000978
0.005400 0.029900 -2.267606 -1.524329 0.001012 0.000975
0.005400 0.030000 -2.267606 -1.522879 0.001008 0.000972
0.005400 0.030100 -2.267606 -1.521434 0.001005 0.000969
0.005400 0.030200 -2.267606 -1.519994 0.001002 0.000965
0.005500 0.030300 -2.259637 -1.518558 0.001035 0.000998
0.005500 0.030400 -2.259637 -1.517127 0.001031 0.000995
0.005500 0.030500 -2.259637 -1.515701 0.001028 0.000992
0.005500 0.030600 -2.259637 -1.514279 0.001025 0.000988
0.005500 0.030700 -2.259637 -1.512862 0.001021 0.000985
0.005500 0.030800 -2.259637 -1.511450 0.001018 0.000982
0.005500 0.030900 -2.259637 -1.510042 0.001015 0.000979
0.005500 0.031000 -2.259637 -1.508639 0.001012 0.000976
0.005500 0.031100 -2.259637 -1.507240 0.001008 0.000973
0.005500 0.031200 -2.259637 -1.505846 0.001005 0.000969
0.005500 0.031300 -2.259637 -1.504456 0.001002 0.000966
0.005600 0.031400 -2.251812 -1.503071 0.001035 0.000999
0.005600 0.031500 -2.251812 -1.501690 0.001031 0.000995
0.005600 0.031600 -2.251812 -1.500313 0.001028 0.000992
0.005600 0.031700 -2.251812 -1.498941 0.001025 0.000989
0.005600 0.031800 -2.251812 -1.497573 0.001022 0.000986
0.005600 0.031900 -2.251812 -1.496210 0.001018 0.000983
0.005600 0.032000 -2.251812 -1.494850 0.001015 0.000980
0.005600 0.032100 -2.251812 -1.493495 0.001012 0.000977
0.005600 0.032200 -2.251812 -1.492145 0.001009 0.000974
0.005600 0.032300 -2.251812 -1.490798 0.001006 0.000971
0.005600 0.032400 -2.251812 -1.489455 0.001003 0.000968
0.005700 0.032500 -2.244125 -1.488117 0.001035 0.001000
0.005700 0.032600 -2.244125 -1.486783 0.001032 0.000997
0.005700 0.032700 -2.244125 -1.485453 0.001029 0.000994
0.005700 0.032800 -2.244125 -1.484126 0.001026 0.000990
0.005700 0.032900 -2.244125 -1.482804 0.001022 0.000987
0.005700 0.033000 -2.244125 -1.481486 0.001019 0.000984
0.005700 0.033100 -2.244125 -1.480172 0.001016 0.000982
0.005700 0.033200 -2.244125 -1.478862 0.001013 0.000979
0.005700 0.033300 -2.244125 -1.477556 0.001010 0.000976
0.005700 0.033400 -2.244125 -1.476254 0.001007 0.000973
0.005700 0.033500 -2.244125 -1.474955 0.001004 0.000970
0.005700 0.033600 -2.244125 -1.473661 0.001001 0.000967
0.005800 0.033700 -2.236572 -1.472370 0.001033 0.000998
0.005800 0.033800 -2.236572 -1.471083 0.001030 0.000995
0.005800 0.033900 -2.236572 -1.469800 0.001027 0.000992
0.005800 0.034000 -2.236572 -1.468521 0.001024 0.000989
0.005800 0.034100 -2.236572 -1.467246 0.001021 0.000986
0.005800 0.034200 -2.236572 -1.465974 0.001018 0.000984
0.005800 0.034300 -2.236572 -1.464706 0.001015 0.000981
0.005800 0.034400 -2.236572 -1.463441 0.001012 0.000978
0.005800 0.034500 -2.236572 -1.462181 0.001009 0.000975
0.005800 0.034600 -2.236572 -1.460924 0.001006 0.000972
0.005800 0.034700 -2.236572 -1.459670 0.001003 0.000969
0.005800 0.034800 -2.236572 -1.458421 0.001000 0.000967
0.005900 0.034900 -2.229148 -1.457174 0.001031 0.000997
0.005900 0.035000 -2.229148 -1.455932 0.001028 0.000995
0.005900 0.035100 -2.229148 -1.454693 0.001026 0.000992
0.005900 0.035200 -2.229148 -1.453457 0.001023 0.000989
0.005900 0.035300 -2.229148 -1.452225 0.001020 0.000986
0.005900 0.035400 -2.229148 -1.450996 0.001017 0.000983
0.005900 0.035500 -2.229148 -1.449771 0.001014 0.000980
0.005900 0.035600 -2.229148 -1.448550 0.001011 0.000978
0.005900 0.035700 -2.229148 -1.447331 0.001008 0.000975
0.005900 0.035800 -2.229148 -1.446117 0.001006 0.000972
0.005900 0.035900 -2.229148 -1.444905 0.001003 0.000970
0.006000 0.036000 -2.221849 -1.443697 0.001034 0.001000
0.006000 0.036100 -2.221849 -1.442492 0.001031 0.000997
0.006000 0.036200 -2.221849 -1.441291 0.001028 0.000994
0.006000 0.036300 -2.221849 -1.440093 0.001025 0.000992
0.006000 0.036400 -2.221849 -1.438898 0.001022 0.000989
0.006000 0.036500 -2.221849 -1.437707 0.001019 0.000986
0.006000 0.036600 -2.221849 -1.436518 0.001017 0.000984
0.006000 0.036700 -2.221849 -1.435333 0.001014 0.000981
0.006000 0.036800 -2.221849 -1.434152 0.001011 0.000978
0.006000 0.036900 -2.221849 -1.432973 0.001008 0.000976
0.006000 0.037000 -2.221849 -1.431798 0.001006 0.000973
0.006000 0.037100 -2.221849 -1.430625 0.001003 0.000970
0.006000 0.037200 -2.221849 -1.429456 0.001000 0.000968
0.006100 0.037300 -2.214670 -1.428290 0.001030 0.000998
0.006100 0.037400 -2.214670 -1.427128 0.001028 0.000995
0.006100 0.037500 -2.214670 -1.425968 0.001025 0.000992
0.006100 0.037600 -2.214670 -1.424811 0.001022 0.000990
0.006100 0.037700 -2.214670 -1.423658 0.001020 0.000987
0.006100 0.037800 -2.214670 -1.422507 0.001017 0.000984
0.006100 0.037900 -2.214670 -1.421360 0.001014 0.000982
0.006100 0.038000 -2.214670 -1.420216 0.001012 0.000979
0.006100 0.038100 -2.214670 -1.419074 0.001009 0.000977
0.006100 0.038200 -2.214670 -1.417936 0.001006 0.000974
0.006100 0.038300 -2.214670 -1.416800 0.001004 0.000971
0.006100 0.038400 -2.214670 -1.415668 0.001001 0.000969
0.006200 0.038500 -2.207609 -1.414538 0.001031 0.000998
0.006200 0.038600 -2.207609 -1.413412 0.001028 0.000996
0.006200 0.038700 -2.207609 -1.412288 0.001026 0.000993
0.006200 0.038800 -2.207609 -1.411167 0.001023 0.000991
0.006200 0.038900 -2.207609 -1.410049 0.001020 0.000988
0.006200 0.039000 -2.207609 -1.408934 0.001018 0.000986
0.006200 0.039100 -2.207609 -1.407822 0.001015 0.000983
0.006200 0.039200 -2.207609 -1.406713 0.001012 0.000981
0.006200 0.039300 -2.207609 -1.405606 0.001010 0.000978
0.006200 0.039400 -2.207609 -1.404503 0.001007 0.000976
0.006200 0.039500 -2.207609 -1.403402 0.001005 0.000973
0.006200 0.039600 -2.207609 -1.402304 0.001002 0.000971
0.006300 0.039700 -2.200660 -1.401208 0.001032 0.001000
0.006300 0.039800 -2.200660 -1.400116 0.001029 0.000997
0.006300 0.039900 -2.200660 -1.399026 0.001026 0.000995
0.006300 0.040000 -2.200660 -1.397939 0.001024 0.000992
0.006300 0.040100 -2.200660 -1.396854 0.001021 0.000990
0.006300 0.040200 -2.200660 -1.395773 0.001019 0.000987
0.006300 0.040300 -2.200660 -1.394694 0.001016 0.000985
0.006300 0.040400 -2.200660 -1.393617 0.001014 0.000982
0.006300 0.040500 -2.200660 -1.392544 0.001011 0.000980
0.006300 0.040600 -2.200660 -1.391473 0.001009 0.000978
0.006300 0.040700 -2.200660 -1.390404 0.001006 0.000975
0.006300 0.040800 -2.200660 -1.389339 0.001004 0.000973
0.006300 0.040900 -2.200660 -1.388275 0.001001 0.000970
0.006400 0.041000 -2.193820 -1.387215 0.001030 0.000999
0.006400 0.041100 -2.193820 -1.386157 0.001028 0.000997
0.006400 0.041200 -2.193820 -1.385101 0.001025 0.000994
0.006400 0.041300 -2.193820 -1.384049 0.001023 0.000992
0.006400 0.041400 -2.193820 -1.382998 0.001020 0.000989
0.006400 0.041500 -2.193820 -1.381951 0.001018 0.000987
0.006400 0.041600 -2.193820 -1.380905 0.001016 0.000985
0.006400 0.041700 -2.193820 -1.379863 0.001013 0.000982
0.006400 0.041800 -2.193820 -1.378822 0.001011 0.000980
0.006400 0.041900 -2.193820 -1.377785 0.001008 0.000978
0.006400 0.042000 -2.193820 -1.376749 0.001006 0.000975
0.006400 0.042100 -2.193820 -1.375716 0.001003 0.000973
0.006400 0.042200 -2.193820 -1.374686 0.001001 0.000971
0.006500 0.042300 -2.187087 -1.373658 0.001030 0.000999
0.006500 0.042400 -2.187087 -1.372633 0.001027 0.000996
0.006500 0.042500 -2.187087 -1.371610 0.001025 0.000994
0.006500 0.042600 -2.187087 -1.370589 0.001022 0.000992
0.006500 0.042700 -2.187087 -1.369571 0.001020 0.000989
0.006500 0.042800 -2.187087 -1.368555 0.001018 0.000987
0.006500 0.042900 -2.187087 -1.367541 0.001015 0.000985
0.006500 0.043000 -2.187087 -1.366530 0.001013 0.000982
0.006500 0.043100 -2.187087 -1.365521 0.001011 0.000980
0.006500 0.043200 -2.187087 -1.364515 0.001008 0.000978
0.006500 0.043300 -2.187087 -1.363511 0.001006 0.000976
0.006500 0.043400 -2.187087 -1.362509 0.001004 0.000973
0.006500 0.043500 -2.187087 -1.361509 0.001001 0.000971
0.006600 0.043600 -2.180456 -1.360512 0.001030 0.000999
0.006600 0.043700 -2.180456 -1.359517 0.001027 0.000997
0.006600 0.043800 -2.180456 -1.358524 0.001025 0.000994
0.006600 0.043900 -2.180456 -1.357534 0.001022 0.000992
0.006600 0.044000 -2.180456 -1.356546 0.001020 0.000990
0.006600 0.044100 -2.180456 -1.355560 0.001018 0.000988
0.006600 0.044200 -2.180456 -1.354576 0.001016 0.000985
0.006600 0.044300 -2.180456 -1.353595 0.001013 0.000983
0.006600 0.044400 -2.180456 -1.352615 0.001011 0.000981
0.006600 0.044500 -2.180456 -1.351638 0.001009 0.000979
0.006600 0.044600 -2.180456 -1.350663 0.001006 0.000977
0.006600 0.044700 -2.180456 -1.349691 0.001004 0.000974
0.006600 0.044800 -2.180456 -1.348720 0.001002 0.000972
0.006700 0.044900 -2.173925 -1.347752 0.001030 0.001000
0.006700 0.045000 -2.173925 -1.346786 0.001027 0.000997
0.006700 0.045100 -2.173925 -1.345822 0.001025 0.000995
0.006700 0.045200 -2.173925 -1.344860 0.001023 0.000993
0.006700 0.045300 -2.173925 -1.343900 0.001021 0.000991
0.006700 0.045400 -2.173925 -1.342942 0.001018 0.000989
0.006700 0.045500 -2.173925 -1.341987 0.001016 0.000987
0.006700 0.045600 -2.173925 -1.341033 0.001014 0.000984
0.006700 0.045700 -2.173925 -1.340082 0.001012 0.000982
0.006700 0.045800 -2.173925 -1.339133 0.001010 0.000980
0.006700 0.045900 -2.173925 -1.338185 0.001007 0.000978
0.006700 0.046000 -2.173925 -1.337240 0.001005 0.000976
0.006700 0.046100 -2.173925 -1.336297 0.001003 0.000974
0.006700 0.046200 -2.173925 -1.335356 0.001001 0.000972
0.006800 0.046300 -2.167491 -1.334417 0.001028 0.000999
0.006800 0.046400 -2.167491 -1.333480 0.001026 0.000996
0.006800 0.046500 -2.167491 -1.332545 0.001024 0.000994
0.006800 0.046600 -2.167491 -1.331612 0.001022 0.000992
0.006800 0.046700 -2.167491 -1.330681 0.001019 0.000990
0.006800 0.046800 -2.167491 -1.329752 0.001017 0.000988
0.006800 0.046900 -2.167491 -1.328825 0.001015 0.000986
0.006800 0.047000 -2.167491 -1.327900 0.001013 0.000984
0.006800 0.047100 -2.167491 -1.326977 0.001011 0.000982
0.006800 0.047200 -2.167491 -1.326056 0.001009 0.000980
0.006800 0.047300 -2.167491 -1.325137 0.001006 0.000978
0.006800 0.047400 -2.167491 -1.324220 0.001004 0.000975
0.006800 0.047500 -2.167491 -1.323304 0.001002 0.000973
0.006800 0.047600 -2.167491 -1.322391 0.001000 0.000971
0.006900 0.047700 -2.161151 -1.321479 0.001027 0.000998
0.006900 0.047800 -2.161151 -1.320570 0.001025 0.000996
0.006900 0.047900 -2.161151 -1.319662 0.001023 0.000994
0.006900 0.048000 -2.161151 -1.318757 0.001021 0.000992
0.006900 0.048100 -2.161151 -1.317853 0.001019 0.000990
0.006900 0.048200 -2.161151 -1.316951 0.001017 0.000988
0.006900 0.048300 -2.161151 -1.316051 0.001014 0.000986
0.006900 0.048400 -2.161151 -1.315152 0.001012 0.000984
0.006900 0.048500 -2.161151 -1.314256 0.001010 0.000982
0.006900 0.048600 -2.161151 -1.313362 0.001008 0.000980
0.006900 0.048700 -2.161151 -1.312469 0.001006 0.000978
0.006900 0.048800 -2.161151 -1.311578 0.001004 0.000976
0.006900 0.048900 -2.161151 -1.310689 0.001002 0.000974
0.007000 0.049000 -2.154902 -1.309802 0.001029 0.001000
0.007000 0.049100 -2.154902 -1.308916 0.001027 0.000998
0.007000 0.049200 -2.154902 -1.308033 0.001025 0.000996
0.007000 0.049300 -2.154902 -1.307151 0.001022 0.000994
0.007000 0.049400 -2.154902 -1.306271 0.001020 0.000992
0.007000 0.049500 -2.154902 -1.305392 0.001018 0.000990
0.007000 0.049600 -2.154902 -1.304516 0.001016 0.000988
0.007000 0.049700 -2.154902 -1.303641 0.001014 0.000986
0.007000 0.049800 -2.154902 -1.302768 0.001012 0.000984
0.007000 0.049900 -2.154902 -1.301897 0.001010 0.000982
0.007000 0.050000 -2.154902 -1.301028 0.001008 0.000980
0.007000 0.050100 -2.154902 -1.300160 0.001006 0.000978
0.007000 0.050200 -2.154902 -1.299294 0.001004 0.000976
0.007000 0.050300 -2.154902 -1.298430 0.001002 0.000974
0.007000 0.050400 -2.154902 -1.297567 0.001000 0.000972
0.007100 0.050500 -2.148742 -1.296706 0.001026 0.000998
0.007100 0.050600 -2.148742 -1.295847 0.001024 0.000996
0.007100 0.050700 -2.148742 -1.294990 0.001022 0.000994
0.007100 0.050800 -2.148742 -1.294134 0.001020 0.000992
0.007100 0.050900 -2.148742 -1.293280 0.001018 0.000990
0.007100 0.051000 -2.148742 -1.292427 0.001016 0.000988
0.007100 0.051100 -2.148742 -1.291577 0.001014 0.000986
0.007100 0.051200 -2.148742 -1.290728 0.001012 0.000985
0.007100 0.051300 -2.148742 -1.289880 0.001010 0.000983
0.007100 0.051400 -2.148742 -1.289034 0.001009 0.000981
0.007100 0.051500 -2.148742 -1.288190 0.001007 0.000979
0.007100 0.051600 -2.148742 -1.287348 0.001005 0.000977
0.007100 0.051700 -2.148742 -1.286507 0.001003 0.000975
0.007100 0.051800 -2.148742 -1.285668 0.001001 0.000973
0.007200 0.051900 -2.142668 -1.284830 0.001027 0.000999
0.007200 0.052000 -2.142668 -1.283994 0.001025 0.000997
0.007200 0.052100 -2.142668 -1.283160 0.001023 0.000995
0.007200 0.052200 -2.142668 -1.282327 0.001021 0.000993
0.007200 0.052300 -2.142668 -1.281496 0.001019 0.000991
0.007200 0.052400 -2.142668 -1.280666 0.001017 0.000989
0.007200 0.052500 -2.142668 -1.279838 0.001015 0.000987
0.007200 0.052600 -2.142668 -1.279012 0.001013 0.000985
0.007200 0.052700 -2.142668 -1.278187 0.001011 0.000984
0.007200 0.052800 -2.142668 -1.277363 0.001009 0.000982
0.007200 0.052900 -2.142668 -1.276542 0.001007 0.000980
0.007200 0.053000 -2.142668 -1.275721 0.001005 0.000978
0.007200 0.053100 -2.142668 -1.274903 0.001004 0.000976
0.007200 0.053200 -2.142668 -1.274086 0.001002 0.000974
0.007300 0.053300 -2.136677 -1.273270 0.001027 0.001000
0.007300 0.053400 -2.136677 -1.272456 0.001025 0.000998
0.007300 0.053500 -2.136677 -1.271644 0.001023 0.000996
0.007300 0.053600 -2.136677 -1.270833 0.001022 0.000994
0.007300 0.053700 -2.136677 -1.270023 0.001020 0.000992
0.007300 0.053800 -2.136677 -1.269215 0.001018 0.000990
0.007300 0.053900 -2.136677 -1.268409 0.001016 0.000989
0.007300 0.054000 -2.136677 -1.267604 0.001014 0.000987
0.007300 0.054100 -2.136677 -1.266800 0.001012 0.000985
0.007300 0.054200 -2.136677 -1.265998 0.001010 0.000983
0.007300 0.054300 -2.136677 -1.265197 0.001008 0.000981
0.007300 0.054400 -2.136677 -1.264398 0.001007 0.000980
0.007300 0.054500 -2.136677 -1.263601 0.001005 0.000978
0.007300 0.054600 -2.136677 -1.262805 0.001003 0.000976
0.007300 0.054700 -2.136677 -1.262010 0.001001 0.000974
0.007400 0.054800 -2.130769 -1.261217 0.001026 0.000999
0.007400 0.054900 -2.130769 -1.260425 0.001025 0.000997
0.007400 0.055000 -2.130769 -1.259634 0.001023 0.000996
0.007400 0.055100 -2.130769 -1.258846 0.001021 0.000994
0.007400 0.055200 -2.130769 -1.258058 0.001019 0.000992
0.007400 0.055300 -2.130769 -1.257272 0.001017 0.000990
0.007400 0.055400 -2.130769 -1.256487 0.001015 0.000988
0.007400 0.055500 -2.130769 -1.255704 0.001013 0.000987
0.007400 0.055600 -2.130769 -1.254922 0.001012 0.000985
0.007400 0.055700 -2.130769 -1.254142 0.001010 0.000983
0.007400 0.055800 -2.130769 -1.253363 0.001008 0.000981
0.007400 0.055900 -2.130769 -1.252585 0.001006 0.000980
0.007400 0.056000 -2.130769 -1.251809 0.001004 0.000978
0.007400 0.056100 -2.130769 -1.251034 0.001003 0.000976
0.007400 0.056200 -2.130769 -1.250261 0.001001 0.000974
0.007500 0.056300 -2.124939 -1.249489 0.001026 0.000999
0.007500 0.056400 -2.124939 -1.248718 0.001024 0.000997
0.007500 0.056500 -2.124939 -1.247949 0.001022 0.000996
0.007500 0.056600 -2.124939 -1.247181 0.001020 0.000994
0.007500 0.056700 -2.124939 -1.246414 0.001019 0.000992
0.007500 0.056800 -2.124939 -1.245649 0.001017 0.000990
0.007500 0.056900 -2.124939 -1.244885 0.001015 0.000989
0.007500 0.057000 -2.124939 -1.244122 0.001013 0.000987
0.007500 0.057100 -2.124939 -1.243361 0.001012 0.000985
0.007500 0.057200 -2.124939 -1.242601 0.001010 0.000983
0.007500 0.057300 -2.124939 -1.241842 0.001008 0.000982
0.007500 0.057400 -2.124939 -1.241085 0.001006 0.000980
0.007500 0.057500 -2.124939 -1.240329 0.001004 0.000978
0.007500 0.057600 -2.124939 -1.239574 0.001003 0.000977
0.007500 0.057700 -2.124939 -1.238821 0.001001 0.000975
0.007600 0.057800 -2.119187 -1.238069 0.001026 0.000999
0.007600 0.057900 -2.119187 -1.237318 0.001024 0.000998
0.007600 0.058000 -2.119187 -1.236569 0.001022 0.000996
0.007600 0.058100 -2.119187 -1.235821 0.001020 0.000994
0.007600 0.058200 -2.119187 -1.235074 0.001019 0.000992
0.007600 0.058300 -2.119187 -1.234328 0.001017 0.000991
0.007600 0.058400 -2.119187 -1.233584 0.001015 0.000989
0.007600 0.058500 -2.119187 -1.232841 0.001013 0.000987
0.007600 0.058600 -2.119187 -1.232099 0.001012 0.000986
0.007600 0.058700 -2.119187 -1.231359 0.001010 0.000984
0.007600 0.058800 -2.119187 -1.230620 0.001008 0.000982
0.007600 0.058900 -2.119187 -1.229882 0.001007 0.000981
0.007600 0.059000 -2.119187 -1.229145 0.001005 0.000979
0.007600 0.059100 -2.119187 -1.228409 0.001003 0.000977
0.007600 0.059200 -2.119187 -1.227675 0.001001 0.000976
0.007700 0.059300 -2.113510 -1.226942 0.001026 0.001000
0.007700 0.059400 -2.113510 -1.226210 0.001024 0.000998
0.007700 0.059500 -2.113510 -1.225480 0.001022 0.000996
0.007700 0.059600 -2.113510 -1.224751 0.001021 0.000995
0.007700 0.059700 -2.113510 -1.224022 0.001019 0.000993
0.007700 0.059800 -2.113510 -1.223296 0.001017 0.000991
0.007700 0.059900 -2.113510 -1.222570 0.001016 0.000990
0.007700 0.060000 -2.113510 -1.221846 0.001014 0.000988
0.007700 0.060100 -2.113510 -1.221122 0.001012 0.000986
0.007700 0.060200 -2.113510 -1.220400 0.001011 0.000985
0.007700 0.060300 -2.113510 -1.219679 0.001009 0.000983
0.007700 0.060400 -2.113510 -1.218960 0.001007 0.000982
0.007700 0.060500 -2.113510 -1.218241 0.001006 0.000980
0.007700 0.060600 -2.113510 -1.217524 0.001004 0.000978
0.007700 0.060700 -2.113510 -1.216808 0.001002 0.000977
0.007700 0.060800 -2.113510 -1.216093 0.001001 0.000975
0.007800 0.060900 -2.107906 -1.215379 0.001025 0.000999
0.007800 0.061000 -2.107906 -1.214667 0.001023 0.000997
0.007800 0.061100 -2.107906 -1.213956 0.001021 0.000996
0.007800 0.061200 -2.107906 -1.213245 0.001020 0.000994
0.007800 0.061300 -2.107906 -1.212536 0.001018 0.000992
0.007800 0.061400 -2.107906 -1.211828 0.001016 0.000991
0.007800 0.061500 -2.107906 -1.211122 0.001015 0.000989
0.007800 0.061600 -2.107906 -1.210416 0.001013 0.000988
0.007800 0.061700 -2.107906 -1.209712 0.001011 0.000986
0.007800 0.061800 -2.107906 -1.209008 0.001010 0.000984
0.007800 0.061900 -2.107906 -1.208306 0.001008 0.000983
0.007800 0.062000 -2.107906 -1.207605 0.001007 0.000981
0.007800 0.062100 -2.107906 -1.206905 0.001005 0.000980
0.007800 0.062200 -2.107906 -1.206206 0.001003 0.000978
0.007800 0.062300 -2.107906 -1.205509 0.001002 0.000977
0.007800 0.062400 -2.107906 -1.204812 0.001000 0.000975
0.007900 0.062500 -2.102373 -1.204117 0.001024 0.000999
0.007900 0.062600 -2.102373 -1.203422 0.001022 0.000997
0.007900 0.062700 -2.102373 -1.202729 0.001021 0.000995
0.007900 0.062800 -2.102373 -1.202037 0.001019 0.000994
0.007900 0.062900 -2.102373 -1.201346 0.001017 0.000992
0.007900 0.063000 -2.102373 -1.200656 0.001016 0.000991
0.007900 0.063100 -2.102373 -1.199967 0.001014 0.000989
0.007900 0.063200 -2.102373 -1.199280 0.001013 0.000987
0.007900 0.063300 -2.102373 -1.198593 0.001011 0.000986
0.007900 0.063400 -2.102373 -1.197907 0.001009 0.000984
0.007900 0.063501 -2.102373 -1.197223 0.001008 0.000983
0.007900 0.063601 -2.102373 -1.196539 0.001006 0.000981
0.007900 0.063701 -2.102373 -1.195857 0.001005 0.000980
0.007900 0.063801 -2.102373 -1.195176 0.001003 0.000978
0.007900 0.063901 -2.102373 -1.194496 0.001002 0.000977
0.008000 0.064001 -2.096910 -1.193817 0.001025 0.001000
0.008000 0.064101 -2.096910 -1.193139 0.001024 0.000998
0.008000 0.064201 -2.096910 -1.192462 0.001022 0.000997
0.008000 0.064301 -2.096910 -1.191786 0.001020 0.000995
0.008000 0.064401 -2.096910 -1.191111 0.001019 0.000994
0.008000 0.064501 -2.096910 -1.190437 0.001017 0.000992
0.008000 0.064601 -2.096910 -1.189764 0.001016 0.000991
0.008000 0.064701 -2.096910 -1.189092 0.001014 0.000989
0.008000 0.064801 -2.096910 -1.188421 0.001012 0.000988
0.008000 0.064901 -2.096910 -1.187752 0.001011 0.000986
0.008000 0.065001 -2.096910 -1.187083 0.001009 0.000985
0.008000 0.065101 -2.096910 -1.186415 0.001008 0.000983
0.008000 0.065201 -2.096910 -1.185749 0.001006 0.000982
0.008000 0.065301 -2.096910 -1.185083 0.001005 0.000980
0.008000 0.065401 -2.096910 -1.184419 0.001003 0.000979
0.008000 0.065501 -2.096910 -1.183755 0.001002 0.000977
0.008000 0.065601 -2.096910 -1.183093 0.001000 0.000976
0.008100 0.065701 -2.091515 -1.182431 0.001023 0.000999
0.008100 0.065801 -2.091515 -1.181771 0.001022 0.000997
0.008100 0.065901 -2.091515 -1.181111 0.001020 0.000996
0.008100 0.066001 -2.091515 -1.180452 0.001019 0.000994
0.008100 0.066101 -2.091515 -1.179795 0.001017 0.000993
0.008100 0.066201 -2.091515 -1.179138 0.001016 0.000991
0.008100 0.066301 -2.091515 -1.178483 0.001014 0.000990
0.008100 0.066401 -2.091515 -1.177828 0.001013 0.000988
0.008100 0.066501 -2.091515 -1.177175 0.001011 0.000987
0.008100 0.066601 -2.091515 -1.176522 0.001010 0.000985
0.008100 0.066701 -2.091515 -1.175871 0.001008 0.000984
0.008100 0.066801 -2.091515 -1.175220 0.001007 0.000982
0.008100 0.066901 -2.091515 -1.174570 0.001005 0.000981
0.008100 0.067001 -2.091515 -1.173922 0.001004 0.000979
0.008100 0.067101 -2.091515 -1.173274 0.001002 0.000978
0.008100 0.067201 -2.091515 -1.172627 0.001001 0.000976
0.008200 0.067301 -2.086186 -1.171981 0.001024 0.000999
0.008200 0.067401 -2.086186 -1.171336 0.001022 0.000998
0.008200 0.067501 -2.086186 -1.170693 0.001021 0.000996
0.008200 0.067601 -2.086186 -1.170050 0.001019 0.000995
0.008200 0.067701 -2.086186 -1.169408 0.001018 0.000993
0.008200 0.067801 -2.086186 -1.168767 0.001016 0.000992
0.008200 0.067901 -2.086186 -1.168127 0.001015 0.000990
0.008200 0.068001 -2.086186 -1.167487 0.001013 0.000989
0.008200 0.068101 -2.086186 -1.166849 0.001012 0.000987
0.008200 0.068201 -2.086186 -1.166212 0.001010 0.000986
0.008200 0.068301 -2.086186 -1.165576 0.001009 0.000984
0.008200 0.068401 -2.086186 -1.164940 0.001007 0.000983
0.008200 0.068501 -2.086186 -1.164306 0.001006 0.000982
0.008200 0.068601 -2.086186 -1.163672 0.001004 0.000980
0.008200 0.068701 -2.086186 -1.163040 0.001003 0.000979
0.008200 0.068801 -2.086186 -1.162408 0.001001 0.000977
0.008300 0.068901 -2.080922 -1.161777 0.001024 0.001000
0.008300 0.069001 -2.080922 -1.161147 0.001023 0.000998
0.008300 0.069101 -2.080922 -1.160518 0.001021 0.000997
0.008300 0.069201 -2.080922 -1.159890 0.001020 0.000995
0.008300 0.069301 -2.080922 -1.159263 0.001018 0.000994
0.008300 0.069401 -2.080922 -1.158637 0.001017 0.000993
0.008300 0.069501 -2.080922 -1.158011 0.001015 0.000991
0.008300 0.069601 -2.080922 -1.157387 0.001014 0.000990
0.008300 0.069701 -2.080922 -1.156763 0.001012 0.000988
0.008300 0.069801 -2.080922 -1.156141 0.001011 0.000987
0.008300 0.069901 -2.080922 -1.155519 0.001009 0.000986
0.008300 0.070001 -2.080922 -1.154898 0.001008 0.000984
0.008300 0.070101 -2.080922 -1.154278 0.001007 0.000983
0.008300 0.070201 -2.080922 -1.153659 0.001005 0.000981
0.008300 0.070301 -2.080922 -1.153041 0.001004 0.000980
0.008300 0.070401 -2.080922 -1.152424 0.001002 0.000979
0.008300 0.070501 -2.080922 -1.151807 0.001001 0.000977
0.008400 0.070601 -2.075721 -1.151191 0.001023 0.000999
0.008400 0.070701 -2.075721 -1.150577 0.001022 0.000998
0.008400 0.070801 -2.075721 -1.149963 0.001020 0.000997
0.008400 0.070901 -2.075721 -1.149350 0.001019 0.000995
0.008400 0.071001 -2.075721 -1.148738 0.001018 0.000994
0.008400 0.071101 -2.075721 -1.148127 0.001016 0.000992
0.008400 0.071201 -2.075721 -1.147516 0.001015 0.000991
0.008400 0.071301 -2.075721 -1.146907 0.001013 0.000990
0.008400 0.071401 -2.075721 -1.146298 0.001012 0.000988
0.008400 0.071501 -2.075721 -1.145690 0.001010 0.000987
0.008400 0.071601 -2.075721 -1.145083 0.001009 0.000985
0.008400 0.071701 -2.075721 -1.144477 0.001008 0.000984
0.008400 0.071801 -2.075721 -1.143872 0.001006 0.000983
0.008400 0.071901 -2.075721 -1.143267 0.001005 0.000981
0.008400 0.072001 -2.075721 -1.142664 0.001003 0.000980
0.008400 0.072101 -2.075721 -1.142061 0.001002 0.000979
0.008400 0.072201 -2.075721 -1.141459 0.001001 0.000977
0.008500 0.072301 -2.070581 -1.140858 0.001023 0.000999
0.008500 0.072401 -2.070581 -1.140258 0.001021 0.000998
0.008500 0.072501 -2.070581 -1.139658 0.001020 0.000997
0.008500 0.072601 -2.070581 -1.139059 0.001019 0.000995
0.008500 0.072701 -2.070581 -1.138462 0.001017 0.000994
0.008500 0.072801 -2.070581 -1.137865 0.001016 0.000992
0.008500 0.072901 -2.070581 -1.137269 0.001014 0.000991
0.008500 0.073001 -2.070581 -1.136673 0.001013 0.000990
0.008500 0.073101 -2.070581 -1.136079 0.001012 0.000988
0.008500 0.073201 -2.070581 -1.135485 0.001010 0.000987
0.008500 0.073301 -2.070581 -1.134892 0.001009 0.000986
0.008500 0.073401 -2.070581 -1.134300 0.001008 0.000984
0.008500 0.073501 -2.070581 -1.133709 0.001006 0.000983
0.008500 0.073601 -2.070581 -1.133118 0.001005 0.000982
0.008500 0.073701 -2.070581 -1.132529 0.001003 0.000980
0.008500 0.073801 -2.070581 -1.131940 0.001002 0.000979
0.008500 0.073901 -2.070581 -1.131352 0.001001 0.000978
0.008600 0.074001 -2.065502 -1.130764 0.001023 0.000999
0.008600 0.074101 -2.065502 -1.130178 0.001021 0.000998
0.008600 0.074201 -2.065502 -1.129592 0.001020 0.000997
0.008600 0.074301 -2.065502 -1.129007 0.001019 0.000995
0.008600 0.074401 -2.065502 -1.128423 0.001017 0.000994
0.008600 0.074501 -2.065502 -1.127840 0.001016 0.000993
0.008600 0.074601 -2.065502 -1.127257 0.001015 0.000991
0.008600 0.074701 -2.065502 -1.126675 0.001013 0.000990
0.008600 0.074801 -2.065502 -1.126094 0.001012 0.000989
0.008600 0.074901 -2.065502 -1.125514 0.001011 0.000987
0.008600 0.075001 -2.065502 -1.124935 0.001009 0.000986
0.008600 0.075101 -2.065502 -1.124356 0.001008 0.000985
0.008600 0.075201 -2.065502 -1.123778 0.001006 0.000983
0.008600 0.075301 -2.065502 -1.123201 0.001005 0.000982
0.008600 0.075401 -2.065502 -1.122625 0.001004 0.000981
0.008600 0.075501 -2.065502 -1.122049 0.001002 0.000980
0.008600 0.075601 -2.065502 -1.121474 0.001001 0.000978
0.008700 0.075701 -2.060481 -1.120900 0.001023 0.001000
0.008700 0.075801 -2.060481 -1.120327 0.001022 0.000999
0.008700 0.075901 -2.060481 -1.119754 0.001020 0.000997
0.008700 0.076001 -2.060481 -1.119182 0.001019 0.000996
0.008700 0.076101 -2.060481 -1.118611 0.001018 0.000995
0.008700 0.076201 -2.060481 -1.118041 0.001016 0.000993
0.008700 0.076301 -2.060481 -1.117471 0.001015 0.000992
0.008700 0.076401 -2.060481 -1.116903 0.001014 0.000991
0.008700 0.076501 -2.060481 -1.116334 0.001012 0.000989
0.008700 0.076601 -2.060481 -1.115767 0.001011 0.000988
0.008700 0.076701 -2.060481 -1.115201 0.001010 0.000987
0.008700 0.076801 -2.060481 -1.114635 0.001008 0.000986
0.008700 0.076901 -2.060481 -1.114070 0.001007 0.000984
0.008700 0.077001 -2.060481 -1.113505 0.001006 0.000983
0.008700 0.077101 -2.060481 -1.112942 0.001004 0.000982
0.008700 0.077201 -2.060481 -1.112379 0.001003 0.000980
0.008700 0.077301 -2.060481 -1.111816 0.001002 0.000979
0.008700 0.077401 -2.060481 -1.111255 0.001000 0.000978
0.008800 0.077501 -2.055518 -1.110694 0.001022 0.000999
0.008800 0.077601 -2.055518 -1.110134 0.001021 0.000998
0.008800 0.077701 -2.055518 -1.109575 0.001019 0.000997
0.008800 0.077801 -2.055518 -1.109016 0.001018 0.000995
0.008800 0.077901 -2.055518 -1.108458 0.001017 0.000994
0.008800 0.078001 -2.055518 -1.107901 0.001015 0.000993
0.008800 0.078101 -2.055518 -1.107345 0.001014 0.000992
0.008800 0.078201 -2.055518 -1.106789 0.001013 0.000990
0.008800 0.078301 -2.055518 -1.106234 0.001012 0.000989
0.008800 0.078401 -2.055518 -1.105680 0.001010 0.000988
0.008800 0.078501 -2.055518 -1.105126 0.001009 0.000986
0.008800 0.078601 -2.055518 -1.104573 0.001008 0.000985
0.008800 0.078701 -2.055518 -1.104021 0.001006 0.000984
0.008800 0.078801 -2.055518 -1.103470 0.001005 0.000983
0.008800 0.078901 -2.055518 -1.102919 0.001004 0.000981
0.008800 0.079001 -2.055518 -1.102369 0.001003 0.000980
0.008800 0.079101 -2.055518 -1.101819 0.001001 0.000979
0.008800 0.079201 -2.055518 -1.101271 0.001000 0.000978
0.008900 0.079301 -2.050610 -1.100723 0.001021 0.000999
0.008900 0.079401 -2.050610 -1.100175 0.001020 0.000998
0.008900 0.079501 -2.050610 -1.099629 0.001019 0.000996
0.008900 0.079601 -2.050610 -1.099083 0.001018 0.000995
0.008900 0.079701 -2.050610 -1.098537 0.001016 0.000994
0.008900 0.079801 -2.050610 -1.097993 0.001015 0.000993
0.008900 0.079901 -2.050610 -1.097449 0.001014 0.000991
0.008900 0.080001 -2.050610 -1.096906 0.001012 0.000990
0.008900 0.080101 -2.050610 -1.096363 0.001011 0.000989
0.008900 0.080201 -2.050610 -1.095821 0.001010 0.000988
0.008900 0.080301 -2.050610 -1.095280 0.001009 0.000986
0.008900 0.080401 -2.050610 -1.094740 0.001007 0.000985
0.008900 0.080501 -2.050610 -1.094200 0.001006 0.000984
0.008900 0.080601 -2.050610 -1.093661 0.001005 0.000983
0.008900 0.080701 -2.050610 -1.093122 0.001004 0.000981
0.008900 0.080801 -2.050610 -1.092584 0.001002 0.000980
0.008900 0.080901 -2.050610 -1.092047 0.001001 0.000979
0.009000 0.081001 -2.045758 -1.091511 0.001022 0.001000
0.009000 0.081101 -2.045758 -1.090975 0.001021 0.000999
0.009000 0.081201 -2.045758 -1.090440 0.001020 0.000997
0.009000 0.081301 -2.045758 -1.089905 0.001019 0.000996
0.009000 0.081401 -2.045758 -1.089371 0.001017 0.000995
0.009000 0.081501 -2.045758 -1.088838 0.001016 0.000994
0.009000 0.081601 -2.045758 -1.088306 0.001015 0.000993
0.009000 0.081701 -2.045758 -1.087774 0.001014 0.000991
0.009000 0.081801 -2.045758 -1.087242 0.001012 0.000990
0.009000 0.081901 -2.045758 -1.086712 0.001011 0.000989
0.009000 0.082001 -2.045758 -1.086182 0.001010 0.000988
0.009000 0.082101 -2.045758 -1.085653 0.001009 0.000987
0.009000 0.082201 -2.045758 -1.085124 0.001007 0.000985
0.009000 0.082301 -2.045758 -1.084596 0.001006 0.000984
0.009000 0.082401 -2.045758 -1.084068 0.001005 0.000983
0.009000 0.082501 -2.045758 -1.083542 0.001004 0.000982
0.009000 0.082601 -2.045758 -1.083016 0.001003 0.000981
0.009000 0.082701 -2.045758 -1.082490 0.001001 0.000979
0.009000 0.082801 -2.045758 -1.081965 0.001000 0.000978
0.009100 0.082901 -2.040959 -1.081441 0.001021 0.000999
0.009100 0.083001 -2.040959 -1.080918 0.001020 0.000998
0.009100 0.083101 -2.040959 -1.080395 0.001018 0.000996
0.009100 0.083201 -2.040959 -1.079872 0.001017 0.000995
0.009100 0.083301 -2.040959 -1.079351 0.001016 0.000994
0.009100 0.083401 -2.040959 -1.078830 0.001015 0.000993
0.009100 0.083501 -2.040959 -1.078309 0.001014 0.000992
0.009100 0.083601 -2.040959 -1.077789 0.001012 0.000991
0.009100 0.083701 -2.040959 -1.077270 0.001011 0.000989
0.009100 0.083801 -2.040959 -1.076752 0.001010 0.000988
0.009100 0.083901 -2.040959 -1.076234 0.001009 0.000987
0.009100 0.084001 -2.040959 -1.075716 0.001008 0.000986
0.009100 0.084101 -2.040959 -1.075200 0.001006 0.000985
0.009100 0.084201 -2.040959 -1.074684 0.001005 0.000983
0.009100 0.084301 -2.040959 -1.074168 0.001004 0.000982
0.009100 0.084401 -2.040959 -1.073653 0.001003 0.000981
0.009100 0.084501 -2.040959 -1.073139 0.001002 0.000980
0.009100 0.084601 -2.040959 -1.072625 0.001000 0.000979
0.009200 0.084701 -2.036213 -1.072112 0.001021 0.000999
0.009200 0.084801 -2.036213 -1.071600 0.001020 0.000998
0.009200 0.084901 -2.036213 -1.071088 0.001019 0.000997
0.009200 0.085001 -2.036213 -1.070577 0.001017 0.000996
0.009200 0.085101 -2.036213 -1.070066 0.001016 0.000995
0.009200 0.085201 -2.036213 -1.069556 0.001015 0.000993
0.009200 0.085301 -2.036213 -1.069047 0.001014 0.000992
0.009200 0.085401 -2.036213 -1.068538 0.001013 0.000991
0.009200 0.085501 -2.036213 -1.068029 0.001012 0.000990
0.009200 0.085601 -2.036213 -1.067522 0.001010 0.000989
0.009200 0.085701 -2.036213 -1.067015 0.001009 0.000988
0.009200 0.085801 -2.036213 -1.066508 0.001008 0.000986
0.009200 0.085901 -2.036213 -1.066002 0.001007 0.000985
0.009200 0.086001 -2.036213 -1.065497 0.001006 0.000984
0.009200 0.086101 -2.036213 -1.064992 0.001004 0.000983
0.009200 0.086201 -2.036213 -1.064488 0.001003 0.000982
0.009200 0.086301 -2.036213 -1.063985 0.001002 0.000981
0.009200 0.086401 -2.036213 -1.063482 0.001001 0.000980
0.009300 0.086501 -2.031517 -1.062979 0.001021 0.001000
0.009300 0.086601 -2.031517 -1.062478 0.001020 0.000999
0.009300 0.086701 -2.031517 -1.061976 0.001019 0.000998
0.009300 0.086801 -2.031517 -1.061476 0.001018 0.000996
0.009300 0.086901 -2.031517 -1.060976 0.001017 0.000995
0.009300 0.087001 -2.031517 -1.060476 0.001016 0.000994
0.009300 0.087101 -2.031517 -1.059977 0.001014 0.000993
0.009300 0.087201 -2.031517 -1.059479 0.001013 0.000992
0.009300 0.087301 -2.031517 -1.058981 0.001012 0.000991
0.009300 0.087401 -2.031517 -1.058484 0.001011 0.000990
0.009300 0.087501 -2.031517 -1.057987 0.001010 0.000988
0.009300 0.087601 -2.031517 -1.057491 0.001009 0.000987
0.009300 0.087701 -2.031517 -1.056996 0.001007 0.000986
0.009300 0.087801 -2.031517 -1.056501 0.001006 0.000985
0.009300 0.087901 -2.031517 -1.056007 0.001005 0.000984
0.009300 0.088001 -2.031517 -1.055513 0.001004 0.000983
0.009300 0.088101 -2.031517 -1.055020 0.001003 0.000982
0.009300 0.088201 -2.031517 -1.054527 0.001002 0.000981
0.009300 0.088301 -2.031517 -1.054035 0.001001 0.000979
0.009400 0.088401 -2.026873 -1.053543 0.001021 0.001000
0.009400 0.088501 -2.026873 -1.053052 0.001020 0.000998
0.009400 0.088601 -2.026873 -1.052562 0.001019 0.000997
0.009400 0.088701 -2.026873 -1.052072 0.001017 0.000996
0.009400 0.088801 -2.026873 -1.051582 0.001016 0.000995
0.009400 0.088901 -2.026873 -1.051094 0.001015 0.000994
0.009400 0.089001 -2.026873 -1.050605 0.001014 0.000993
0.009400 0.089101 -2.026873 -1.050118 0.001013 0.000992
0.009400 0.089201 -2.026873 -1.049631 0.001012 0.000991
0.009400 0.089301 -2.026873 -1.049144 0.001011 0.000989
0.009400 0.089401 -2.026873 -1.048658 0.001009 0.000988
0.009400 0.089501 -2.026873 -1.048172 0.001008 0.000987
0.009400 0.089601 -2.026873 -1.047687 0.001007 0.000986
0.009400 0.089701 -2.026873 -1.047203 0.001006 0.000985
0.009400 0.089801 -2.026873 -1.046719 0.001005 0.000984
0.009400 0.089901 -2.026873 -1.046236 0.001004 0.000983
0.009400 0.090001 -2.026873 -1.045753 0.001003 0.000982
0.009400 0.090101 -2.026873 -1.045271 0.001002 0.000981
0.009400 0.090201 -2.026873 -1.044789 0.001001 0.000980
0.009500 0.090301 -2.022277 -1.044308 0.001021 0.000999
0.009500 0.090401 -2.022277 -1.043827 0.001019 0.000998
0.009500 0.090501 -2.022277 -1.043347 0.001018 0.000997
0.009500 0.090601 -2.022277 -1.042867 0.001017 0.000996
0.009500 0.090701 -2.022277 -1.042388 0.001016 0.000995
0.009500 0.090801 -2.022277 -1.041910 0.001015 0.000994
0.009500 0.090901 -2.022277 -1.041432 0.001014 0.000993
0.009500 0.091001 -2.022277 -1.040954 0.001013 0.000992
0.009500 0.091101 -2.022277 -1.040477 0.001012 0.000991
0.009500 0.091201 -2.022277 -1.040001 0.001010 0.000990
0.009500 0.091301 -2.022277 -1.039525 0.001009 0.000988
0.009500 0.091401 -2.022277 -1.039049 0.001008 0.000987
0.009500 0.091501 -2.022277 -1.038574 0.001007 0.000986
0.009500 0.091601 -2.022277 -1.038100 0.001006 0.000985
0.009500 0.091701 -2.022277 -1.037626 0.001005 0.000984
0.009500 0.091801 -2.022277 -1.037153 0.001004 0.000983
0.009500 0.091901 -2.022277 -1.036680 0.001003 0.000982
0.009500 0.092001 -2.022277 -1.036208 0.001002 0.000981
0.009500 0.092101 -2.022277 -1.035736 0.001001 0.000980
0.009600 0.092201 -2.017729 -1.035264 0.001020 0.001000
0.009600 0.092301 -2.017729 -1.034794 0.001019 0.000998
0.009600 0.092401 -2.017729 -1.034323 0.001018 0.000997
0.009600 0.092501 -2.017729 -1.033854 0.001017 0.000996
0.009600 0.092601 -2.017729 -1.033384 0.001016 0.000995
0.009600 0.092701 -2.017729 -1.032916 0.001015 0.000994
0.009600 0.092801 -2.017729 -1.032447 0.001014 0.000993
0.009600 0.092901 -2.017729 -1.031980 0.001013 0.000992
0.009600 0.093001 -2.017729 -1.031512 0.001012 0.000991
0.009600 0.093101 -2.017729 -1.031046 0.001011 0.000990
0.009600 0.093201 -2.017729 -1.030579 0.001010 0.000989
0.009600 0.093301 -2.017729 -1.030114 0.001008 0.000988
0.009600 0.093401 -2.017729 -1.029648 0.001007 0.000987
0.009600 0.093501 -2.017729 -1.029184 0.001006 0.000986
0.009600 0.093601 -2.017729 -1.028719 0.001005 0.000985
0.009600 0.093701 -2.017729 -1.028256 0.001004 0.000984
0.009600 0.093801 -2.017729 -1.027792 0.001003 0.000982
0.009600 0.093901 -2.017729 -1.027330 0.001002 0.000981
0.009600 0.094001 -2.017729 -1.026867 0.001001 0.000980
0.009700 0.094101 -2.013229 -1.026406 0.001021 0.001000
0.009700 0.094201 -2.013229 -1.025944 0.001019 0.000999
0.009700 0.094301 -2.013229 -1.025484 0.001018 0.000998
0.009700 0.094401 -2.013229 -1.025023 0.001017 0.000997
0.009700 0.094501 -2.013229 -1.024563 0.001016 0.000996
0.009700 0.094601 -2.013229 -1.024104 0.001015 0.000995
0.009700 0.094701 -2.013229 -1.023645 0.001014 0.000994
0.009700 0.094801 -2.013229 -1.023187 0.001013 0.000992
0.009700 0.094901 -2.013229 -1.022729 0.001012 0.000991
0.009700 0.095001 -2.013229 -1.022272 0.001011 0.000990
0.009700 0.095101 -2.013229 -1.021815 0.001010 0.000989
0.009700 0.095201 -2.013229 -1.021358 0.001009 0.000988
0.009700 0.095301 -2.013229 -1.020902 0.001008 0.000987
0.009700 0.095401 -2.013229 -1.020447 0.001007 0.000986
0.009700 0.095501 -2.013229 -1.019992 0.001006 0.000985
0.009700 0.095601 -2.013229 -1.019537 0.001005 0.000984
0.009700 0.095701 -2.013229 -1.019083 0.001004 0.000983
0.009700 0.095801 -2.013229 -1.018630 0.001002 0.000982
0.009700 0.095901 -2.013229 -1.018177 0.001001 0.000981
0.009700 0.096001 -2.013229 -1.017724 0.001000 0.000980
0.009800 0.096101 -2.008774 -1.017272 0.001020 0.000999
0.009800 0.096201 -2.008774 -1.016820 0.001019 0.000998
0.009800 0.096301 -2.008774 -1.016369 0.001018 0.000997
0.009800 0.096401 -2.008774 -1.015918 0.001017 0.000996
0.009800 0.096501 -2.008774 -1.015468 0.001016 0.000995
0.009800 0.096601 -2.008774 -1.015018 0.001015 0.000994
0.009800 0.096701 -2.008774 -1.014569 0.001014 0.000993
0.009800 0.096801 -2.008774 -1.014120 0.001012 0.000992
0.009800 0.096901 -2.008774 -1.013671 0.001011 0.000991
0.009800 0.097001 -2.008774 -1.013223 0.001010 0.000990
0.009800 0.097101 -2.008774 -1.012776 0.001009 0.000989
0.009800 0.097201 -2.008774 -1.012329 0.001008 0.000988
0.009800 0.097301 -2.008774 -1.011882 0.001007 0.000987
0.009800 0.097401 -2.008774 -1.011436 0.001006 0.000986
0.009800 0.097501 -2.008774 -1.010991 0.001005 0.000985
0.009800 0.097601 -2.008774 -1.010545 0.001004 0.000984
0.009800 0.097701 -2.008774 -1.010101 0.001003 0.000983
0.009800 0.097801 -2.008774 -1.009656 0.001002 0.000982
0.009800 0.097901 -2.008774 -1.009213 0.001001 0.000981
0.009800 0.098001 -2.008774 -1.008769 0.001000 0.000980
0.009900 0.098101 -2.004365 -1.008326 0.001019 0.000999
0.009900 0.098201 -2.004365 -1.007884 0.001018 0.000998
0.009900 0.098301 -2.004365 -1.007442 0.001017 0.000997
0.009900 0.098401 -2.004365 -1.007000 0.001016 0.000996
0.009900 0.098501 -2.004365 -1.006559 0.001015 0.000995
0.009900 0.098601 -2.004365 -1.006118 0.001014 0.000994
0.009900 0.098701 -2.004365 -1.005678 0.001013 0.000993
0.009900 0.098801 -2.004365 -1.005238 0.001012 0.000992
0.009900 0.098901 -2.004365 -1.004799 0.001011 0.000991
0.009900 0.099001 -2.004365 -1.004360 0.001010 0.000990
0.009900 0.099101 -2.004365 -1.003922 0.001009 0.000989
0.009900 0.099201 -2.004365 -1.003483 0.001008 0.000988
0.009900 0.099301 -2.004365 -1.003046 0.001007 0.000987
0.009900 0.099401 -2.004365 -1.002609 0.001006 0.000986
0.009900 0.099501 -2.004365 -1.002172 0.001005 0.000985
0.009900 0.099601 -2.004365 -1.001736 0.001004 0.000984
0.009900 0.099701 -2.004365 -1.001300 0.001003 0.000983
0.009900 0.099801 -2.004365 -1.000865 0.001002 0.000982
0.009900 0.099901 -2.004365 -1.000430 0.001001 0.000981
