#100k
3e-05 0.0
6e-05 0.0
9e-05 0.0
0.00012 0.0
0.00015 0.0
0.00018 0.0
0.00021 0.0
0.00024 0.0
0.00027 0.0
0.0003 0.0
0.00033 0.0
0.00036 0.0
0.00039 0.0
0.00042 0.0
0.00045 0.0
0.00048 0.0
0.00051 0.0
0.00054 0.0
0.00057 0.0
0.0006 0.0
0.00063 0.0
0.00066 0.0
0.00069 0.0
0.00072 0.0
0.00075 0.0
0.00078 0.0
0.00081 0.0
0.00084 0.0
0.00087 0.0
0.0009 0.0
0.00093 0.0
0.00096 0.0
0.00099 0.0
0.00102 0.0
0.00105 1e-05
0.00108 1e-05
0.00111 1e-05
0.00114 1e-05
0.00117 1e-05
0.0012 1e-05
0.00123 1e-05
0.00126 1e-05
0.00129 1e-05
0.00132 1e-05
0.00135 1e-05
0.00138 1e-05
0.00141 2e-05
0.00144 2e-05
0.00147 2e-05
0.0015 2e-05
0.00153 2e-05
0.00156 3e-05
0.00159 3e-05
0.00162 3e-05
0.00165 3e-05
0.00168 4e-05
0.00171 4e-05
0.00174 4e-05
0.00177 5e-05
0.0018 5e-05
0.00183 5e-05
0.00186 5e-05
0.00189 5e-05
0.00192 5e-05
0.00195 5e-05
0.00198 5e-05
0.00201 6e-05
0.00204 6e-05
0.00207 7e-05
0.0021 7e-05
0.00213 0.0001
0.00216 0.00011
0.00219 0.00013
0.00222 0.00019
0.00225 0.00023
0.00228 0.00027
0.00231 0.00037
0.00234 0.00043
0.00237 0.00048
0.0024 0.00053
0.00243 0.00062
0.00246 0.00069
0.00249 0.00076
0.00252 0.00081
0.00255 0.00086
0.00258 0.00089
0.00261 0.00095
0.00264 0.00099
0.00267 0.00101
0.0027 0.00108
0.00273 0.00115
0.00276 0.00134
0.00279 0.00147
0.00282 0.00162
0.00285 0.00179
0.00288 0.00191
0.00291 0.00203
0.00294 0.00213
0.00297 0.0022
0.003 0.00232
0.00303 0.00236
0.00306 0.00243
0.00309 0.00254
0.00312 0.00266
0.00315 0.0028
0.00318 0.00289
0.00321 0.00304
0.00324 0.00315
0.00327 0.00325
0.0033 0.00329
0.00333 0.00331
0.00336 0.00336
0.00339 0.00343
0.00342 0.00347
0.00345 0.00351
0.00348 0.00358
0.00351 0.00361
0.00354 0.00376
0.00357 0.00391
0.0036 0.00406
0.00363 0.00414
0.00366 0.0042
0.00369 0.00428
0.00372 0.00434
0.00375 0.00438
0.00378 0.0044
0.00381 0.00449
0.00384 0.00457
0.00387 0.00462
0.0039 0.00469
0.00393 0.00479
0.00396 0.00494
0.00399 0.00504
0.00402 0.00518
0.00405 0.00526
0.00408 0.00533
0.00411 0.00549
0.00414 0.00566
0.00417 0.0058
0.0042 0.00591
0.00423 0.00605
0.00426 0.00614
0.00429 0.00626
0.00432 0.00632
0.00435 0.00647
0.00438 0.00654
0.00441 0.00671
0.00444 0.00683
0.00447 0.0069
0.0045 0.00701
0.00453 0.00715
0.00456 0.00726
0.00459 0.00741
0.00462 0.00756
0.00465 0.00775
0.00468 0.0079
0.00471 0.008
0.00474 0.00811
0.00477 0.00819
0.0048 0.0083
0.00483 0.0084
0.00486 0.00842
0.00489 0.00858
0.00492 0.00868
0.00495 0.00885
0.00498 0.00896
0.00501 0.00907
0.00504 0.00919
0.00507 0.00938
0.0051 0.00952
0.00513 0.00968
0.00516 0.00982
0.00519 0.00996
0.00522 0.01005
0.00525 0.01017
0.00528 0.01025
0.00531 0.01036
0.00534 0.01042
0.00537 0.01059
0.0054 0.01073
0.00543 0.01088
0.00546 0.01101
0.00549 0.0112
0.00552 0.01133
0.00555 0.01141
0.00558 0.01147
0.00561 0.0116
0.00564 0.01169
0.00567 0.01184
0.0057 0.01198
0.00573 0.0121
0.00576 0.01222
0.00579 0.01232
0.00582 0.01247
0.00585 0.01259
0.00588 0.01273
0.00591 0.01285
0.00594 0.01296
0.00597 0.01308
0.006 0.01319
0.00603 0.01334
0.00606 0.01344
0.00609 0.01354
0.00612 0.01364
0.00615 0.01377
0.00618 0.01388
0.00621 0.01405
0.00624 0.01414
0.00627 0.01429
0.0063 0.01435
0.00633 0.01454
0.00636 0.01465
0.00639 0.01475
0.00642 0.01493
0.00645 0.0151
0.00648 0.01522
0.00651 0.01542
0.00654 0.01552
0.00657 0.01559
0.0066 0.01576
0.00663 0.01592
0.00666 0.01604
0.00669 0.01614
0.00672 0.01624
0.00675 0.01636
0.00678 0.01656
0.00681 0.0167
0.00684 0.01685
0.00687 0.01699
0.0069 0.01712
0.00693 0.01725
0.00696 0.01743
0.00699 0.01761
0.00702 0.01783
0.00705 0.01797
0.00708 0.01811
0.00711 0.01821
0.00714 0.01834
0.00717 0.0185
0.0072 0.01859
0.00723 0.01868
0.00726 0.01882
0.00729 0.01892
0.00732 0.01904
0.00735 0.01924
0.00738 0.0194
0.00741 0.0196
0.00744 0.01965
0.00747 0.0198
0.0075 0.01996
0.00753 0.02009
0.00756 0.02028
0.00759 0.02049
0.00762 0.0206
0.00765 0.0208
0.00768 0.02093
0.00771 0.02108
0.00774 0.02124
0.00777 0.02137
0.0078 0.02151
0.00783 0.02167
0.00786 0.02187
0.00789 0.02202
0.00792 0.02219
0.00795 0.02233
0.00798 0.02246
0.00801 0.02261
0.00804 0.02276
0.00807 0.02297
0.0081 0.02305
0.00813 0.02318
0.00816 0.02337
0.00819 0.02348
0.00822 0.02363
0.00825 0.0238
0.00828 0.02397
0.00831 0.0241
0.00834 0.02421
0.00837 0.02435
0.0084 0.02447
0.00843 0.02467
0.00846 0.02487
0.00849 0.02505
0.00852 0.02521
0.00855 0.02533
0.00858 0.02542
0.00861 0.02557
0.00864 0.02575
0.00867 0.02589
0.0087 0.02608
0.00873 0.02627
0.00876 0.02647
0.00879 0.02658
0.00882 0.02667
0.00885 0.02682
0.00888 0.02698
0.00891 0.0271
0.00894 0.02729
0.00897 0.02744
0.009 0.02758
0.00903 0.02772
0.00906 0.02784
0.00909 0.028
0.00912 0.02824
0.00915 0.02831
0.00918 0.02847
0.00921 0.0286
0.00924 0.02881
0.00927 0.02896
0.0093 0.02917
0.00933 0.02941
0.00936 0.02955
0.00939 0.02968
0.00942 0.02987
0.00945 0.03003
0.00948 0.03019
0.00951 0.0303
0.00954 0.03045
0.00957 0.03052
0.0096 0.03062
0.00963 0.03076
0.00966 0.03093
0.00969 0.03103
0.00972 0.03111
0.00975 0.03133
0.00978 0.03153
0.00981 0.03168
0.00984 0.03179
0.00987 0.03197
0.0099 0.0321
0.00993 0.03225
0.00996 0.03245
0.00999 0.03255
0.01002 0.0327
0.01005 0.03279
0.01008 0.03288
0.01011 0.03302
0.01014 0.03314
0.01017 0.03327
0.0102 0.03334
0.01023 0.03348
0.01026 0.03369
0.01029 0.03394
0.01032 0.03408
0.01035 0.03417
0.01038 0.03435
0.01041 0.03459
0.01044 0.03476
0.01047 0.03489
0.0105 0.03502
0.01053 0.03518
0.01056 0.0354
0.01059 0.03548
0.01062 0.03554
0.01065 0.03567
0.01068 0.03579
0.01071 0.03592
0.01074 0.03602
0.01077 0.03613
0.0108 0.03628
0.01083 0.0364
0.01086 0.03655
0.01089 0.03667
0.01092 0.0368
0.01095 0.0369
0.01098 0.03697
0.01101 0.03705
0.01104 0.0372
0.01107 0.03739
0.0111 0.03746
0.01113 0.03756
0.01116 0.03771
0.01119 0.03783
0.01122 0.03795
0.01125 0.03799
0.01128 0.03814
0.01131 0.03824
0.01134 0.03838
0.01137 0.03849
0.0114 0.0386
0.01143 0.03867
0.01146 0.03873
0.01149 0.03886
0.01152 0.03893
0.01155 0.03904
0.01158 0.03911
0.01161 0.03923
0.01164 0.03931
0.01167 0.03944
0.0117 0.03955
0.01173 0.03966
0.01176 0.0398
0.01179 0.03991
0.01182 0.04
0.01185 0.0401
0.01188 0.04022
0.01191 0.04037
0.01194 0.04048
0.01197 0.04061
0.012 0.04072
0.01203 0.04086
0.01206 0.04097
0.01209 0.04109
0.01212 0.04119
0.01215 0.04129
0.01218 0.04142
0.01221 0.04155
0.01224 0.04166
0.01227 0.04181
0.0123 0.04194
0.01233 0.04209
0.01236 0.04225
0.01239 0.04242
0.01242 0.0425
0.01245 0.04261
0.01248 0.04271
0.01251 0.04278
0.01254 0.04289
0.01257 0.04299
0.0126 0.04307
0.01263 0.04317
0.01266 0.04322
0.01269 0.04331
0.01272 0.04336
0.01275 0.04347
0.01278 0.04356
0.01281 0.04363
0.01284 0.04371
0.01287 0.04377
0.0129 0.04388
0.01293 0.04397
0.01296 0.04405
0.01299 0.04419
0.01302 0.04429
0.01305 0.04437
0.01308 0.04446
0.01311 0.0445
0.01314 0.0446
0.01317 0.04468
0.0132 0.04475
0.01323 0.04488
0.01326 0.04495
0.01329 0.04504
0.01332 0.04506
0.01335 0.0451
0.01338 0.04515
0.01341 0.04521
0.01344 0.04529
0.01347 0.0454
0.0135 0.04551
0.01353 0.04558
0.01356 0.04566
0.01359 0.04574
0.01362 0.04579
0.01365 0.04584
0.01368 0.04596
0.01371 0.046
0.01374 0.04607
0.01377 0.04614
0.0138 0.04623
0.01383 0.04627
0.01386 0.0463
0.01389 0.04639
0.01392 0.04644
0.01395 0.04652
0.01398 0.0466
0.01401 0.04667
0.01404 0.04673
0.01407 0.04676
0.0141 0.04683
0.01413 0.04692
0.01416 0.04699
0.01419 0.04708
0.01422 0.04713
0.01425 0.0472
0.01428 0.04729
0.01431 0.04733
0.01434 0.04736
0.01437 0.04742
0.0144 0.04748
0.01443 0.04753
0.01446 0.04759
0.01449 0.04762
0.01452 0.04768
0.01455 0.04768
0.01458 0.04773
0.01461 0.04782
0.01464 0.04786
0.01467 0.04795
0.0147 0.04801
0.01473 0.0481
0.01476 0.04816
0.01479 0.04819
0.01482 0.04824
0.01485 0.04827
0.01488 0.04832
0.01491 0.04839
0.01494 0.04848
0.01497 0.04855
0.015 0.04861
0.01503 0.04872
0.01506 0.04879
0.01509 0.04888
0.01512 0.04898
0.01515 0.04908
0.01518 0.04922
0.01521 0.04929
0.01524 0.04937
0.01527 0.04946
0.0153 0.04953
0.01533 0.0496
0.01536 0.04972
0.01539 0.04985
0.01542 0.04992
0.01545 0.05008
0.01548 0.05019
0.01551 0.05036
0.01554 0.05048
0.01557 0.05063
0.0156 0.05079
0.01563 0.051
0.01566 0.05122
0.01569 0.05152
0.01572 0.051921
0.01575 0.052161
0.01578 0.052441
0.01581 0.052922
0.01584 0.053413
0.01587 0.053944
0.0159 0.054635
0.01593 0.055386
0.01596 0.056267
0.01599 0.057269
0.01602 0.058311
0.01605 0.059513
0.01608 0.060885
0.01611 0.062538
0.01614 0.064752
0.01617 0.066886
0.0162 0.06927
0.01623 0.072035
0.01626 0.075441
0.01629 0.079037
0.01632 0.082833
0.01635 0.087561
0.01638 0.09272
0.01641 0.098219
0.01644 0.1047
0.01647 0.112242
0.0165 0.120165
0.01653 0.12946
0.01656 0.138835
0.01659 0.149723
0.01662 0.161332
0.01665 0.174514
0.01668 0.188637
0.01671 0.203782
0.01674 0.2206
0.01677 0.238409
0.0168 0.257501
0.01683 0.277895
0.01686 0.29926
0.01689 0.322008
0.01692 0.346609
0.01695 0.370769
0.01698 0.396021
0.01701 0.422805
0.01704 0.449199
0.01707 0.476925
0.0171 0.504711
0.01713 0.532016
0.01716 0.55866
0.01719 0.586256
0.01722 0.613471
0.01725 0.640025
0.01728 0.665597
0.01731 0.690268
0.01734 0.713827
0.01737 0.736935
0.0174 0.75833
0.01743 0.778043
0.01746 0.797735
0.01749 0.816105
0.01752 0.832722
0.01755 0.849129
0.01758 0.863753
0.01761 0.877115
0.01764 0.889946
0.01767 0.901675
0.0177 0.911501
0.01773 0.920696
0.01776 0.9294
0.01779 0.937213
0.01782 0.943864
0.01785 0.950595
0.01788 0.956184
0.01791 0.961212
0.01794 0.96583
0.01797 0.969787
0.018 0.973203
0.01803 0.976649
0.01806 0.979594
0.01809 0.982238
0.01812 0.984422
0.01815 0.986576
0.01818 0.988239
0.01821 0.989721
0.01824 0.991113
0.01827 0.992525
0.0183 0.993687
0.01833 0.994538
0.01836 0.995299
0.01839 0.99594
0.01842 0.996481
0.01845 0.997082
0.01848 0.997643
0.01851 0.997974
0.01854 0.998355
0.01857 0.998766
0.0186 0.998916
0.01863 0.999146
0.01866 0.999316
0.01869 0.999396
0.01872 0.999496
0.01875 0.999556
0.01878 0.999656
0.01881 0.999686
0.01884 0.999756
0.01887 0.999796
0.0189 0.999816
0.01893 0.999846
0.01896 0.999886
0.01899 0.999906
0.01902 0.999906
0.01905 0.999906
0.01908 0.999906
0.01911 0.999906
0.01914 0.999906
0.01917 0.999906
0.0192 0.999906
0.01923 0.999906
0.01926 0.999906
0.01929 0.999906
0.01932 0.999906
0.01935 0.999906
0.01938 0.999906
0.01941 0.999906
0.01944 0.999906
0.01947 0.999906
0.0195 0.999906
0.01953 0.999906
0.01956 0.999906
0.01959 0.999906
0.01962 0.999906
0.01965 0.999906
0.01968 0.999906
0.01971 0.999906
0.01974 0.999906
0.01977 0.999906
0.0198 0.999906
0.01983 0.999906
0.01986 0.999906
0.01989 0.999906
0.01992 0.999906
0.01995 0.999916
0.01998 0.999916
0.02001 0.999916
0.02004 0.999916
0.02007 0.999916
0.0201 0.999916
0.02013 0.999916
0.02016 0.999916
0.02019 0.999916
0.02022 0.999916
0.02025 0.999916
0.02028 0.999916
0.02031 0.999916
0.02034 0.999916
0.02037 0.999916
0.0204 0.999916
0.02043 0.999916
0.02046 0.999916
0.02049 0.999916
0.02052 0.999916
0.02055 0.999916
0.02058 0.999916
0.02061 0.999916
0.02064 0.999916
0.02067 0.999916
0.0207 0.999916
0.02073 0.999916
0.02076 0.999916
0.02079 0.999916
0.02082 0.999916
0.02085 0.999916
0.02088 0.999916
0.02091 0.999916
0.02094 0.999916
0.02097 0.999916
0.021 0.999916
0.02103 0.999916
0.02106 0.999916
0.02109 0.999916
0.02112 0.999916
0.02115 0.999916
0.02118 0.999916
0.02121 0.999916
0.02124 0.999916
0.02127 0.999916
0.0213 0.999916
0.02133 0.999916
0.02136 0.999916
0.02139 0.999916
0.02142 0.999916
0.02145 0.999916
0.02148 0.999916
0.02151 0.999916
0.02154 0.999916
0.02157 0.999916
0.0216 0.999916
0.02163 0.999916
0.02166 0.999916
0.02169 0.999916
0.02172 0.999916
0.02175 0.999916
0.02178 0.999916
0.02181 0.999916
0.02184 0.999916
0.02187 0.999916
0.0219 0.999916
0.02193 0.999916
0.02196 0.999916
0.02199 0.999916
0.02202 0.999916
0.02205 0.999916
0.02208 0.999916
0.02211 0.999916
0.02214 0.999916
0.02217 0.999916
0.0222 0.999916
0.02223 0.999916
0.02226 0.999916
0.02229 0.999916
0.02232 0.999916
0.02235 0.999916
0.02238 0.999916
0.02241 0.999916
0.02244 0.999916
0.02247 0.999916
0.0225 0.999916
0.02253 0.999916
0.02256 0.999916
0.02259 0.999916
0.02262 0.999916
0.02265 0.999916
0.02268 0.999916
0.02271 0.999916
0.02274 0.999916
0.02277 0.999916
0.0228 0.999916
0.02283 0.999916
0.02286 0.999916
0.02289 0.999916
0.02292 0.999916
0.02295 0.999916
0.02298 0.999916
0.02301 0.999916
0.02304 0.999916
0.02307 0.999916
0.0231 0.999916
0.02313 0.999916
0.02316 0.999916
0.02319 0.999916
0.02322 0.999916
0.02325 0.999916
0.02328 0.999916
0.02331 0.999916
0.02334 0.999916
0.02337 0.999916
0.0234 0.999916
0.02343 0.999916
0.02346 0.999916
0.02349 0.999916
0.02352 0.999916
0.02355 0.999916
0.02358 0.999916
0.02361 0.999916
0.02364 0.999916
0.02367 0.999916
0.0237 0.999916
0.02373 0.999916
0.02376 0.999916
0.02379 0.999916
0.02382 0.999916
0.02385 0.999916
0.02388 0.999916
0.02391 0.999916
0.02394 0.999916
0.02397 0.999916
0.024 0.999916
0.02403 0.999916
0.02406 0.999916
0.02409 0.999916
0.02412 0.999916
0.02415 0.999916
0.02418 0.999916
0.02421 0.999916
0.02424 0.999916
0.02427 0.999916
0.0243 0.999916
0.02433 0.999916
0.02436 0.999916
0.02439 0.999916
0.02442 0.999916
0.02445 0.999916
0.02448 0.999916
0.02451 0.999916
0.02454 0.999916
0.02457 0.999916
0.0246 0.999916
0.02463 0.999916
0.02466 0.999916
0.02469 0.999916
0.02472 0.999916
0.02475 0.999916
0.02478 0.999916
0.02481 0.999916
0.02484 0.999916
0.02487 0.999916
0.0249 0.999916
0.02493 0.999916
0.02496 0.999916
0.02499 0.999916
0.02502 0.999916
0.02505 0.999916
0.02508 0.999916
0.02511 0.999916
0.02514 0.999916
0.02517 0.999916
0.0252 0.999916
0.02523 0.999916
0.02526 0.999916
0.02529 0.999916
0.02532 0.999916
0.02535 0.999916
0.02538 0.999916
0.02541 0.999916
0.02544 0.999916
0.02547 0.999916
0.0255 0.999916
0.02553 0.999916
0.02556 0.999916
0.02559 0.999916
0.02562 0.999916
0.02565 0.999916
0.02568 0.999916
0.02571 0.999916
0.02574 0.999916
0.02577 0.999916
0.0258 0.999916
0.02583 0.999916
0.02586 0.999916
0.02589 0.999916
0.02592 0.999916
0.02595 0.999916
0.02598 0.999916
0.02601 0.999916
0.02604 0.999916
0.02607 0.999916
0.0261 0.999916
0.02613 0.999916
0.02616 0.999916
0.02619 0.999916
0.02622 0.999916
0.02625 0.999916
0.02628 0.999916
0.02631 0.999916
0.02634 0.999916
0.02637 0.999916
0.0264 0.999916
0.02643 0.999916
0.02646 0.999916
0.02649 0.999916
0.02652 0.999916
0.02655 0.999916
0.02658 0.999916
0.02661 0.999916
0.02664 0.999916
0.02667 0.999916
0.0267 0.999916
0.02673 0.999916
0.02676 0.999916
0.02679 0.999916
0.02682 0.999916
0.02685 0.999916
0.02688 0.999916
0.02691 0.999916
0.02694 0.999916
0.02697 0.999916
0.027 0.999916
0.02703 0.999916
0.02706 0.999916
0.02709 0.999916
0.02712 0.999916
0.02715 0.999916
0.02718 0.999916
0.02721 0.999916
0.02724 0.999916
0.02727 0.999916
0.0273 0.999916
0.02733 0.999916
0.02736 0.999916
0.02739 0.999916
0.02742 0.999916
0.02745 0.999916
0.02748 0.999916
0.02751 0.999916
0.02754 0.999916
0.02757 0.999916
0.0276 0.999916
0.02763 0.999916
0.02766 0.999916
0.02769 0.999916
0.02772 0.999916
0.02775 0.999916
0.02778 0.999916
0.02781 0.999916
0.02784 0.999916
0.02787 0.999916
0.0279 0.999916
0.02793 0.999916
0.02796 0.999916
0.02799 0.999916
0.02802 0.999916
0.02805 0.999916
0.02808 0.999916
0.02811 0.999916
0.02814 0.999916
0.02817 0.999916
0.0282 0.999916
0.02823 0.999916
0.02826 0.999916
0.02829 0.999916
0.02832 0.999916
0.02835 0.999916
0.02838 0.999916
0.02841 0.999916
0.02844 0.999916
0.02847 0.999916
0.0285 0.999916
0.02853 0.999916
0.02856 0.999916
0.02859 0.999916
0.02862 0.999916
0.02865 0.999916
0.02868 0.999916
0.02871 0.999916
0.02874 0.999916
0.02877 0.999916
0.0288 0.999916
0.02883 0.999916
0.02886 0.999916
0.02889 0.999916
0.02892 0.999916
0.02895 0.999916
0.02898 0.999916
0.02901 0.999916
0.02904 0.999916
0.02907 0.999916
0.0291 0.999916
0.02913 0.999916
0.02916 0.999916
0.02919 0.999916
0.02922 0.999916
0.02925 0.999916
0.02928 0.999916
0.02931 0.999916
0.02934 0.999916
0.02937 0.999916
0.0294 0.999916
0.02943 0.999916
0.02946 0.999916
0.02949 0.999916
0.02952 0.999916
0.02955 0.999916
0.02958 0.999916
0.02961 0.999916
0.02964 0.999916
0.02967 0.999916
0.0297 0.999916
0.02973 0.999916
0.02976 0.999916
0.02979 0.999916
0.02982 0.999916
0.02985 0.999916
0.02988 0.999916
0.02991 0.999916
0.02994 0.999916
0.02997 0.999916
#250k
3e-05 0.0
6e-05 0.0
9e-05 0.0
0.00012 0.0
0.00015 0.0
0.00018 0.0
0.00021 0.0
0.00024 0.0
0.00027 0.0
0.0003 0.0
0.00033 0.0
0.00036 0.0
0.00039 0.0
0.00042 0.0
0.00045 0.0
0.00048 0.0
0.00051 0.0
0.00054 0.0
0.00057 0.0
0.0006 0.0
0.00063 0.0
0.00066 0.0
0.00069 0.0
0.00072 0.0
0.00075 0.0
0.00078 0.0
0.00081 0.0
0.00084 0.0
0.00087 0.0
0.0009 0.0
0.00093 0.0
0.00096 0.0
0.00099 0.0
0.00102 0.0
0.00105 0.0
0.00108 0.0
0.00111 0.0
0.00114 0.0
0.00117 0.0
0.0012 0.0
0.00123 0.0
0.00126 0.0
0.00129 0.0
0.00132 0.0
0.00135 0.0
0.00138 0.0
0.00141 0.0
0.00144 0.0
0.00147 0.0
0.0015 0.0
0.00153 4e-06
0.00156 8e-06
0.00159 8e-06
0.00162 1.2e-05
0.00165 1.2e-05
0.00168 1.2e-05
0.00171 2e-05
0.00174 2.4e-05
0.00177 2.8e-05
0.0018 2.8e-05
0.00183 2.8e-05
0.00186 3.6e-05
0.00189 3.6e-05
0.00192 4.4e-05
0.00195 5.6e-05
0.00198 6.4e-05
0.00201 6.4e-05
0.00204 6.8e-05
0.00207 7.6e-05
0.0021 0.000104
0.00213 0.000124
0.00216 0.000144
0.00219 0.000152
0.00222 0.000172
0.00225 0.000224
0.00228 0.000252
0.00231 0.000268
0.00234 0.000308
0.00237 0.000336
0.0024 0.000356
0.00243 0.000408
0.00246 0.000436
0.00249 0.000472
0.00252 0.000516
0.00255 0.000604
0.00258 0.000668
0.00261 0.000776
0.00264 0.00086
0.00267 0.000932
0.0027 0.000992
0.00273 0.001092
0.00276 0.001152
0.00279 0.00126
0.00282 0.001328
0.00285 0.001424
0.00288 0.00154
0.00291 0.001608
0.00294 0.001648
0.00297 0.00168
0.003 0.001712
0.00303 0.001756
0.00306 0.0018
0.00309 0.001844
0.00312 0.001908
0.00315 0.001996
0.00318 0.002036
0.00321 0.002108
0.00324 0.002152
0.00327 0.002164
0.0033 0.00218
0.00333 0.002208
0.00336 0.002236
0.00339 0.002272
0.00342 0.002324
0.00345 0.002404
0.00348 0.002496
0.00351 0.00256
0.00354 0.002612
0.00357 0.002672
0.0036 0.002736
0.00363 0.002788
0.00366 0.002824
0.00369 0.002916
0.00372 0.002976
0.00375 0.003036
0.00378 0.0031
0.00381 0.003172
0.00384 0.003284
0.00387 0.003348
0.0039 0.003432
0.00393 0.003524
0.00396 0.003608
0.00399 0.00368
0.00402 0.003768
0.00405 0.003892
0.00408 0.003992
0.00411 0.004052
0.00414 0.00414
0.00417 0.00426
0.0042 0.00436
0.00423 0.004436
0.00426 0.0045
0.00429 0.00462
0.00432 0.004736
0.00435 0.004844
0.00438 0.004968
0.00441 0.005036
0.00444 0.00514
0.00447 0.005272
0.0045 0.005352
0.00453 0.00548
0.00456 0.005564
0.00459 0.005652
0.00462 0.005768
0.00465 0.0059
0.00468 0.006008
0.00471 0.006104
0.00474 0.006204
0.00477 0.006332
0.0048 0.00646
0.00483 0.006508
0.00486 0.006576
0.00489 0.006696
0.00492 0.006812
0.00495 0.0069
0.00498 0.00702
0.00501 0.00718
0.00504 0.0073
0.00507 0.007392
0.0051 0.007452
0.00513 0.007576
0.00516 0.007672
0.00519 0.00784
0.00522 0.007924
0.00525 0.00804
0.00528 0.008156
0.00531 0.008252
0.00534 0.008352
0.00537 0.008444
0.0054 0.008568
0.00543 0.008688
0.00546 0.008812
0.00549 0.008936
0.00552 0.009064
0.00555 0.00916
0.00558 0.009264
0.00561 0.00938
0.00564 0.009524
0.00567 0.009636
0.0057 0.009764
0.00573 0.009872
0.00576 0.009944
0.00579 0.010084
0.00582 0.010168
0.00585 0.010312
0.00588 0.01048
0.00591 0.010548
0.00594 0.010652
0.00597 0.010768
0.006 0.01086
0.00603 0.010992
0.00606 0.011136
0.00609 0.011224
0.00612 0.011328
0.00615 0.011428
0.00618 0.01152
0.00621 0.011652
0.00624 0.01176
0.00627 0.01186
0.0063 0.011948
0.00633 0.012112
0.00636 0.012252
0.00639 0.012352
0.00642 0.012472
0.00645 0.012612
0.00648 0.012708
0.00651 0.01282
0.00654 0.01294
0.00657 0.013032
0.0066 0.01316
0.00663 0.01328
0.00666 0.013404
0.00669 0.013544
0.00672 0.01366
0.00675 0.013764
0.00678 0.013868
0.00681 0.013988
0.00684 0.014096
0.00687 0.014204
0.0069 0.01428
0.00693 0.014372
0.00696 0.014484
0.00699 0.01458
0.00702 0.014716
0.00705 0.014868
0.00708 0.014988
0.00711 0.015108
0.00714 0.015224
0.00717 0.015336
0.0072 0.015428
0.00723 0.015508
0.00726 0.015592
0.00729 0.015676
0.00732 0.01578
0.00735 0.0159
0.00738 0.016012
0.00741 0.016116
0.00744 0.016224
0.00747 0.016324
0.0075 0.016428
0.00753 0.016556
0.00756 0.016676
0.00759 0.016776
0.00762 0.016892
0.00765 0.017004
0.00768 0.017128
0.00771 0.01722
0.00774 0.017352
0.00777 0.017436
0.0078 0.01752
0.00783 0.017632
0.00786 0.017724
0.00789 0.017828
0.00792 0.017916
0.00795 0.018008
0.00798 0.018112
0.00801 0.018196
0.00804 0.01832
0.00807 0.018436
0.0081 0.01856
0.00813 0.018656
0.00816 0.01874
0.00819 0.018848
0.00822 0.018972
0.00825 0.019064
0.00828 0.01916
0.00831 0.01928
0.00834 0.019396
0.00837 0.019512
0.0084 0.019612
0.00843 0.019684
0.00846 0.019788
0.00849 0.01986
0.00852 0.02
0.00855 0.020104
0.00858 0.020192
0.00861 0.020292
0.00864 0.020408
0.00867 0.02052
0.0087 0.020628
0.00873 0.0207
0.00876 0.020816
0.00879 0.020924
0.00882 0.021
0.00885 0.021096
0.00888 0.021192
0.00891 0.021336
0.00894 0.021428
0.00897 0.02152
0.009 0.021612
0.00903 0.02174
0.00906 0.021848
0.00909 0.021928
0.00912 0.022016
0.00915 0.0221
0.00918 0.022184
0.00921 0.022248
0.00924 0.022364
0.00927 0.022432
0.0093 0.022528
0.00933 0.022628
0.00936 0.022736
0.00939 0.022848
0.00942 0.02296
0.00945 0.023052
0.00948 0.023152
0.00951 0.023264
0.00954 0.023352
0.00957 0.023444
0.0096 0.023536
0.00963 0.02364
0.00966 0.023708
0.00969 0.023852
0.00972 0.023956
0.00975 0.024064
0.00978 0.024148
0.00981 0.02426
0.00984 0.024376
0.00987 0.02448
0.0099 0.024568
0.00993 0.024648
0.00996 0.024712
0.00999 0.02476
0.01002 0.02484
0.01005 0.024928
0.01008 0.025008
0.01011 0.025076
0.01014 0.025188
0.01017 0.025256
0.0102 0.025352
0.01023 0.025456
0.01026 0.02552
0.01029 0.025588
0.01032 0.025672
0.01035 0.025772
0.01038 0.025876
0.01041 0.025944
0.01044 0.02602
0.01047 0.026088
0.0105 0.02616
0.01053 0.02624
0.01056 0.026344
0.01059 0.02644
0.01062 0.026536
0.01065 0.026624
0.01068 0.026708
0.01071 0.026808
0.01074 0.026908
0.01077 0.026964
0.0108 0.027028
0.01083 0.027108
0.01086 0.027164
0.01089 0.027224
0.01092 0.027296
0.01095 0.027364
0.01098 0.027424
0.01101 0.027476
0.01104 0.027524
0.01107 0.027584
0.0111 0.027652
0.01113 0.027716
0.01116 0.027756
0.01119 0.027788
0.01122 0.027824
0.01125 0.027852
0.01128 0.02792
0.01131 0.02798
0.01134 0.028008
0.01137 0.028064
0.0114 0.028108
0.01143 0.028136
0.01146 0.028172
0.01149 0.028212
0.01152 0.02826
0.01155 0.028316
0.01158 0.028388
0.01161 0.028444
0.01164 0.028476
0.01167 0.028508
0.0117 0.028544
0.01173 0.028576
0.01176 0.028612
0.01179 0.028664
0.01182 0.028716
0.01185 0.02876
0.01188 0.028816
0.01191 0.028852
0.01194 0.0289
0.01197 0.028932
0.012 0.02896
0.01203 0.028996
0.01206 0.029036
0.01209 0.029092
0.01212 0.029136
0.01215 0.029152
0.01218 0.029204
0.01221 0.029256
0.01224 0.029276
0.01227 0.029312
0.0123 0.029344
0.01233 0.029392
0.01236 0.029436
0.01239 0.029464
0.01242 0.029492
0.01245 0.02954
0.01248 0.029564
0.01251 0.029616
0.01254 0.029664
0.01257 0.029732
0.0126 0.029764
0.01263 0.029784
0.01266 0.02982
0.01269 0.029852
0.01272 0.029884
0.01275 0.029908
0.01278 0.029956
0.01281 0.029972
0.01284 0.029996
0.01287 0.030044
0.0129 0.03008
0.01293 0.030104
0.01296 0.030132
0.01299 0.030156
0.01302 0.03018
0.01305 0.030216
0.01308 0.030228
0.01311 0.030264
0.01314 0.03028
0.01317 0.030296
0.0132 0.030304
0.01323 0.030324
0.01326 0.030352
0.01329 0.030368
0.01332 0.030388
0.01335 0.030424
0.01338 0.030444
0.01341 0.030448
0.01344 0.030468
0.01347 0.030496
0.0135 0.030504
0.01353 0.030516
0.01356 0.030532
0.01359 0.030548
0.01362 0.030572
0.01365 0.0306
0.01368 0.030612
0.01371 0.030628
0.01374 0.030648
0.01377 0.030664
0.0138 0.030668
0.01383 0.030692
0.01386 0.030716
0.01389 0.030724
0.01392 0.030736
0.01395 0.03074
0.01398 0.030748
0.01401 0.030756
0.01404 0.03076
0.01407 0.030772
0.0141 0.0308
0.01413 0.030808
0.01416 0.030816
0.01419 0.03082
0.01422 0.030824
0.01425 0.030836
0.01428 0.03084
0.01431 0.03084
0.01434 0.030852
0.01437 0.03086
0.0144 0.030864
0.01443 0.030868
0.01446 0.030872
0.01449 0.030888
0.01452 0.0309
0.01455 0.030904
0.01458 0.030916
0.01461 0.030924
0.01464 0.030936
0.01467 0.03094
0.0147 0.030952
0.01473 0.030968
0.01476 0.030972
0.01479 0.030984
0.01482 0.030992
0.01485 0.030996
0.01488 0.031004
0.01491 0.031024
0.01494 0.031036
0.01497 0.031064
0.015 0.031076
0.01503 0.031092
0.01506 0.031092
0.01509 0.0311
0.01512 0.031132
0.01515 0.031148
0.01518 0.031176
0.01521 0.031244
0.01524 0.031324
0.01527 0.031388
0.0153 0.03146
0.01533 0.031584
0.01536 0.031668
0.01539 0.031788
0.01542 0.031948
0.01545 0.032156
0.01548 0.032428
0.01551 0.032664
0.01554 0.03296
0.01557 0.033396
0.0156 0.033828
0.01563 0.034288
0.01566 0.034888
0.01569 0.035672
0.01572 0.036608
0.01575 0.037648
0.01578 0.038856
0.01581 0.040264
0.01584 0.041873
0.01587 0.043822
0.0159 0.046131
0.01593 0.048772
0.01596 0.051553
0.01599 0.05523
0.01602 0.059063
0.01605 0.063689
0.01608 0.068515
0.01611 0.074793
0.01614 0.081367
0.01617 0.08901
0.0162 0.097325
0.01623 0.10648
0.01626 0.117216
0.01629 0.128688
0.01632 0.141464
0.01635 0.155537
0.01638 0.169942
0.01641 0.186335
0.01644 0.203513
0.01647 0.221443
0.0165 0.241241
0.01653 0.261928
0.01656 0.283683
0.01659 0.307159
0.01662 0.331671
0.01665 0.357483
0.01668 0.384352
0.01671 0.413249
0.01674 0.442575
0.01677 0.472877
0.0168 0.503723
0.01683 0.535405
0.01686 0.567063
0.01689 0.598577
0.01692 0.629195
0.01695 0.659889
0.01698 0.689247
0.01701 0.717992
0.01704 0.745065
0.01707 0.770617
0.0171 0.794141
0.01713 0.816304
0.01716 0.836603
0.01719 0.855105
0.01722 0.871738
0.01725 0.887063
0.01728 0.900587
0.01731 0.912875
0.01734 0.923919
0.01737 0.933482
0.0174 0.942133
0.01743 0.950176
0.01746 0.956774
0.01749 0.96266
0.01752 0.967706
0.01755 0.972476
0.01758 0.976293
0.01761 0.979614
0.01764 0.982455
0.01767 0.985292
0.0177 0.987385
0.01773 0.989358
0.01776 0.991099
0.01779 0.992467
0.01782 0.993643
0.01785 0.994639
0.01788 0.995599
0.01791 0.996283
0.01794 0.996915
0.01797 0.997395
0.018 0.997803
0.01803 0.998139
0.01806 0.998471
0.01809 0.998807
0.01812 0.999027
0.01815 0.999211
0.01818 0.999355
0.01821 0.999483
0.01824 0.999575
0.01827 0.999659
0.0183 0.999727
0.01833 0.999799
0.01836 0.999851
0.01839 0.999887
0.01842 0.999923
0.01845 0.999939
0.01848 0.999943
0.01851 0.999947
0.01854 0.999947
0.01857 0.999955
0.0186 0.999963
0.01863 0.999967
0.01866 0.999967
0.01869 0.999971
0.01872 0.999971
0.01875 0.999975
0.01878 0.999975
0.01881 0.999975
0.01884 0.999975
0.01887 0.999975
0.0189 0.999975
0.01893 0.999975
0.01896 0.999975
0.01899 0.999975
0.01902 0.999975
0.01905 0.999975
0.01908 0.999975
0.01911 0.999975
0.01914 0.999975
0.01917 0.999975
0.0192 0.999975
0.01923 0.999975
0.01926 0.999975
0.01929 0.999975
0.01932 0.999975
0.01935 0.999975
0.01938 0.999975
0.01941 0.999975
0.01944 0.999975
0.01947 0.999975
0.0195 0.999975
0.01953 0.999975
0.01956 0.999975
0.01959 0.999975
0.01962 0.999975
0.01965 0.999975
0.01968 0.999975
0.01971 0.999975
0.01974 0.999975
0.01977 0.999975
0.0198 0.999975
0.01983 0.999975
0.01986 0.999975
0.01989 0.999975
0.01992 0.999975
0.01995 0.999975
0.01998 0.999975
0.02001 0.999975
0.02004 0.999975
0.02007 0.999975
0.0201 0.999975
0.02013 0.999975
0.02016 0.999975
0.02019 0.999975
0.02022 0.999975
0.02025 0.999975
0.02028 0.999975
0.02031 0.999975
0.02034 0.999975
0.02037 0.999975
0.0204 0.999975
0.02043 0.999975
0.02046 0.999975
0.02049 0.999975
0.02052 0.999975
0.02055 0.999975
0.02058 0.999975
0.02061 0.999975
0.02064 0.999975
0.02067 0.999975
0.0207 0.999975
0.02073 0.999975
0.02076 0.999975
0.02079 0.999975
0.02082 0.999975
0.02085 0.999975
0.02088 0.999975
0.02091 0.999975
0.02094 0.999975
0.02097 0.999975
0.021 0.999975
0.02103 0.999975
0.02106 0.999975
0.02109 0.999975
0.02112 0.999975
0.02115 0.999975
0.02118 0.999975
0.02121 0.999975
0.02124 0.999975
0.02127 0.999975
0.0213 0.999975
0.02133 0.999975
0.02136 0.999975
0.02139 0.999975
0.02142 0.999975
0.02145 0.999975
0.02148 0.999975
0.02151 0.999975
0.02154 0.999975
0.02157 0.999975
0.0216 0.999975
0.02163 0.999975
0.02166 0.999975
0.02169 0.999975
0.02172 0.999975
0.02175 0.999975
0.02178 0.999975
0.02181 0.999975
0.02184 0.999975
0.02187 0.999975
0.0219 0.999975
0.02193 0.999975
0.02196 0.999975
0.02199 0.999975
0.02202 0.999975
0.02205 0.999975
0.02208 0.999975
0.02211 0.999975
0.02214 0.999975
0.02217 0.999975
0.0222 0.999975
0.02223 0.999975
0.02226 0.999975
0.02229 0.999975
0.02232 0.999975
0.02235 0.999975
0.02238 0.999975
0.02241 0.999975
0.02244 0.999975
0.02247 0.999975
0.0225 0.999975
0.02253 0.999975
0.02256 0.999975
0.02259 0.999975
0.02262 0.999975
0.02265 0.999975
0.02268 0.999975
0.02271 0.999975
0.02274 0.999975
0.02277 0.999975
0.0228 0.999975
0.02283 0.999975
0.02286 0.999975
0.02289 0.999975
0.02292 0.999975
0.02295 0.999975
0.02298 0.999975
0.02301 0.999975
0.02304 0.999975
0.02307 0.999975
0.0231 0.999975
0.02313 0.999975
0.02316 0.999975
0.02319 0.999975
0.02322 0.999975
0.02325 0.999975
0.02328 0.999975
0.02331 0.999975
0.02334 0.999975
0.02337 0.999975
0.0234 0.999975
0.02343 0.999975
0.02346 0.999975
0.02349 0.999975
0.02352 0.999975
0.02355 0.999975
0.02358 0.999975
0.02361 0.999975
0.02364 0.999975
0.02367 0.999975
0.0237 0.999975
0.02373 0.999975
0.02376 0.999975
0.02379 0.999975
0.02382 0.999975
0.02385 0.999975
0.02388 0.999975
0.02391 0.999975
0.02394 0.999975
0.02397 0.999975
0.024 0.999975
0.02403 0.999975
0.02406 0.999975
0.02409 0.999975
0.02412 0.999975
0.02415 0.999975
0.02418 0.999975
0.02421 0.999975
0.02424 0.999975
0.02427 0.999975
0.0243 0.999975
0.02433 0.999975
0.02436 0.999975
0.02439 0.999975
0.02442 0.999975
0.02445 0.999975
0.02448 0.999975
0.02451 0.999975
0.02454 0.999975
0.02457 0.999975
0.0246 0.999975
0.02463 0.999975
0.02466 0.999975
0.02469 0.999975
0.02472 0.999975
0.02475 0.999975
0.02478 0.999975
0.02481 0.999975
0.02484 0.999975
0.02487 0.999975
0.0249 0.999975
0.02493 0.999975
0.02496 0.999975
0.02499 0.999975
0.02502 0.999975
0.02505 0.999975
0.02508 0.999975
0.02511 0.999975
0.02514 0.999975
0.02517 0.999975
0.0252 0.999975
0.02523 0.999975
0.02526 0.999975
0.02529 0.999975
0.02532 0.999975
0.02535 0.999975
0.02538 0.999975
0.02541 0.999975
0.02544 0.999975
0.02547 0.999975
0.0255 0.999975
0.02553 0.999975
0.02556 0.999975
0.02559 0.999975
0.02562 0.999975
0.02565 0.999975
0.02568 0.999975
0.02571 0.999975
0.02574 0.999975
0.02577 0.999975
0.0258 0.999975
0.02583 0.999975
0.02586 0.999975
0.02589 0.999975
0.02592 0.999975
0.02595 0.999975
0.02598 0.999975
0.02601 0.999975
0.02604 0.999975
0.02607 0.999975
0.0261 0.999975
0.02613 0.999975
0.02616 0.999975
0.02619 0.999975
0.02622 0.999975
0.02625 0.999975
0.02628 0.999975
0.02631 0.999975
0.02634 0.999975
0.02637 0.999975
0.0264 0.999975
0.02643 0.999975
0.02646 0.999975
0.02649 0.999975
0.02652 0.999975
0.02655 0.999975
0.02658 0.999975
0.02661 0.999975
0.02664 0.999975
0.02667 0.999975
0.0267 0.999975
0.02673 0.999975
0.02676 0.999975
0.02679 0.999975
0.02682 0.999975
0.02685 0.999975
0.02688 0.999975
0.02691 0.999975
0.02694 0.999975
0.02697 0.999975
0.027 0.999975
0.02703 0.999975
0.02706 0.999975
0.02709 0.999975
0.02712 0.999975
0.02715 0.999975
0.02718 0.999975
0.02721 0.999975
0.02724 0.999975
0.02727 0.999975
0.0273 0.999975
0.02733 0.999975
0.02736 0.999975
0.02739 0.999975
0.02742 0.999975
0.02745 0.999975
0.02748 0.999975
0.02751 0.999975
0.02754 0.999975
0.02757 0.999975
0.0276 0.999975
0.02763 0.999975
0.02766 0.999975
0.02769 0.999975
0.02772 0.999975
0.02775 0.999975
0.02778 0.999975
0.02781 0.999975
0.02784 0.999975
0.02787 0.999975
0.0279 0.999975
0.02793 0.999975
0.02796 0.999975
0.02799 0.999975
0.02802 0.999975
0.02805 0.999975
0.02808 0.999975
0.02811 0.999975
0.02814 0.999975
0.02817 0.999975
0.0282 0.999975
0.02823 0.999975
0.02826 0.999975
0.02829 0.999975
0.02832 0.999975
0.02835 0.999975
0.02838 0.999975
0.02841 0.999975
0.02844 0.999975
0.02847 0.999975
0.0285 0.999975
0.02853 0.999975
0.02856 0.999975
0.02859 0.999975
0.02862 0.999975
0.02865 0.999975
0.02868 0.999975
0.02871 0.999975
0.02874 0.999975
0.02877 0.999975
0.0288 0.999975
0.02883 0.999975
0.02886 0.999975
0.02889 0.999975
0.02892 0.999975
0.02895 0.999975
0.02898 0.999975
0.02901 0.999975
0.02904 0.999975
0.02907 0.999975
0.0291 0.999975
0.02913 0.999975
0.02916 0.999975
0.02919 0.999975
0.02922 0.999975
0.02925 0.999975
0.02928 0.999975
0.02931 0.999975
0.02934 0.999975
0.02937 0.999975
0.0294 0.999975
0.02943 0.999975
0.02946 0.999975
0.02949 0.999975
0.02952 0.999975
0.02955 0.999975
0.02958 0.999975
0.02961 0.999975
0.02964 0.999975
0.02967 0.999975
0.0297 0.999975
0.02973 0.999975
0.02976 0.999975
0.02979 0.999975
0.02982 0.999975
0.02985 0.999975
0.02988 0.999975
0.02991 0.999975
0.02994 0.999975
0.02997 0.999975
#500k
3e-05 0.0
6e-05 0.0
9e-05 0.0
0.00012 0.0
0.00015 0.0
0.00018 0.0
0.00021 0.0
0.00024 0.0
0.00027 0.0
0.0003 0.0
0.00033 0.0
0.00036 0.0
0.00039 0.0
0.00042 0.0
0.00045 0.0
0.00048 0.0
0.00051 0.0
0.00054 0.0
0.00057 0.0
0.0006 0.0
0.00063 0.0
0.00066 0.0
0.00069 0.0
0.00072 0.0
0.00075 0.0
0.00078 0.0
0.00081 0.0
0.00084 0.0
0.00087 0.0
0.0009 0.0
0.00093 0.0
0.00096 0.0
0.00099 0.0
0.00102 0.0
0.00105 0.0
0.00108 0.0
0.00111 0.0
0.00114 0.0
0.00117 0.0
0.0012 0.0
0.00123 0.0
0.00126 2e-06
0.00129 2e-06
0.00132 4e-06
0.00135 4e-06
0.00138 4e-06
0.00141 4e-06
0.00144 6e-06
0.00147 6e-06
0.0015 6e-06
0.00153 6e-06
0.00156 8e-06
0.00159 8e-06
0.00162 8e-06
0.00165 8e-06
0.00168 1e-05
0.00171 1e-05
0.00174 1e-05
0.00177 1e-05
0.0018 1e-05
0.00183 1.2e-05
0.00186 1.4e-05
0.00189 1.4e-05
0.00192 1.6e-05
0.00195 1.6e-05
0.00198 1.6e-05
0.00201 1.6e-05
0.00204 1.6e-05
0.00207 1.6e-05
0.0021 2e-05
0.00213 2.2e-05
0.00216 2.2e-05
0.00219 2.4e-05
0.00222 2.8e-05
0.00225 3.2e-05
0.00228 3.8e-05
0.00231 4.6e-05
0.00234 4.8e-05
0.00237 5.4e-05
0.0024 5.6e-05
0.00243 5.8e-05
0.00246 5.8e-05
0.00249 6.4e-05
0.00252 6.8e-05
0.00255 7.4e-05
0.00258 7.8e-05
0.00261 8.6e-05
0.00264 9.8e-05
0.00267 0.000116
0.0027 0.00013
0.00273 0.000142
0.00276 0.000182
0.00279 0.000214
0.00282 0.000238
0.00285 0.00025
0.00288 0.000276
0.00291 0.000318
0.00294 0.000346
0.00297 0.000376
0.003 0.000404
0.00303 0.000444
0.00306 0.0005
0.00309 0.000534
0.00312 0.000582
0.00315 0.000632
0.00318 0.00069
0.00321 0.00074
0.00324 0.000794
0.00327 0.000848
0.0033 0.000902
0.00333 0.000958
0.00336 0.00101
0.00339 0.001062
0.00342 0.001114
0.00345 0.00116
0.00348 0.00121
0.00351 0.001252
0.00354 0.001294
0.00357 0.001336
0.0036 0.001394
0.00363 0.001434
0.00366 0.001474
0.00369 0.0015
0.00372 0.001538
0.00375 0.001574
0.00378 0.001612
0.00381 0.001674
0.00384 0.001726
0.00387 0.001778
0.0039 0.001818
0.00393 0.001864
0.00396 0.001922
0.00399 0.001978
0.00402 0.002028
0.00405 0.002086
0.00408 0.002156
0.00411 0.002204
0.00414 0.002272
0.00417 0.002334
0.0042 0.002404
0.00423 0.002474
0.00426 0.00255
0.00429 0.002622
0.00432 0.002682
0.00435 0.002794
0.00438 0.002854
0.00441 0.00293
0.00444 0.002998
0.00447 0.003072
0.0045 0.003162
0.00453 0.003266
0.00456 0.003346
0.00459 0.003438
0.00462 0.003516
0.00465 0.00362
0.00468 0.003728
0.00471 0.003812
0.00474 0.00392
0.00477 0.004
0.0048 0.004106
0.00483 0.004194
0.00486 0.004286
0.00489 0.004414
0.00492 0.004518
0.00495 0.004622
0.00498 0.00472
0.00501 0.004826
0.00504 0.004948
0.00507 0.005066
0.0051 0.005204
0.00513 0.005304
0.00516 0.005408
0.00519 0.005544
0.00522 0.005666
0.00525 0.0058
0.00528 0.005922
0.00531 0.006052
0.00534 0.006168
0.00537 0.006284
0.0054 0.006412
0.00543 0.006534
0.00546 0.006668
0.00549 0.006798
0.00552 0.006954
0.00555 0.007108
0.00558 0.007254
0.00561 0.007384
0.00564 0.007522
0.00567 0.007694
0.0057 0.00779
0.00573 0.007922
0.00576 0.008064
0.00579 0.008204
0.00582 0.008336
0.00585 0.008502
0.00588 0.008658
0.00591 0.008776
0.00594 0.008942
0.00597 0.00908
0.006 0.00923
0.00603 0.009364
0.00606 0.009484
0.00609 0.009648
0.00612 0.00979
0.00615 0.009932
0.00618 0.010054
0.00621 0.010192
0.00624 0.010332
0.00627 0.010492
0.0063 0.010646
0.00633 0.010786
0.00636 0.010906
0.00639 0.011052
0.00642 0.011204
0.00645 0.011306
0.00648 0.01145
0.00651 0.011592
0.00654 0.011718
0.00657 0.011852
0.0066 0.011988
0.00663 0.012132
0.00666 0.012268
0.00669 0.012396
0.00672 0.012516
0.00675 0.012628
0.00678 0.012716
0.00681 0.012842
0.00684 0.012982
0.00687 0.013108
0.0069 0.013246
0.00693 0.013388
0.00696 0.01348
0.00699 0.013604
0.00702 0.013722
0.00705 0.013836
0.00708 0.013954
0.00711 0.01406
0.00714 0.014172
0.00717 0.014266
0.0072 0.01439
0.00723 0.014502
0.00726 0.014598
0.00729 0.01471
0.00732 0.01481
0.00735 0.014888
0.00738 0.015
0.00741 0.015098
0.00744 0.015204
0.00747 0.015314
0.0075 0.0154
0.00753 0.015474
0.00756 0.01558
0.00759 0.015676
0.00762 0.015744
0.00765 0.015834
0.00768 0.015928
0.00771 0.016012
0.00774 0.016086
0.00777 0.016166
0.0078 0.01627
0.00783 0.016336
0.00786 0.016422
0.00789 0.016508
0.00792 0.016582
0.00795 0.016662
0.00798 0.016744
0.00801 0.016816
0.00804 0.016892
0.00807 0.016958
0.0081 0.017022
0.00813 0.0171
0.00816 0.017182
0.00819 0.017254
0.00822 0.017322
0.00825 0.017362
0.00828 0.017424
0.00831 0.017484
0.00834 0.017556
0.00837 0.01765
0.0084 0.017712
0.00843 0.017782
0.00846 0.017836
0.00849 0.017916
0.00852 0.017982
0.00855 0.018036
0.00858 0.01811
0.00861 0.018186
0.00864 0.018254
0.00867 0.018304
0.0087 0.01838
0.00873 0.018436
0.00876 0.018496
0.00879 0.018566
0.00882 0.018646
0.00885 0.018726
0.00888 0.01879
0.00891 0.018836
0.00894 0.018898
0.00897 0.01896
0.009 0.019006
0.00903 0.019094
0.00906 0.019184
0.00909 0.019244
0.00912 0.01933
0.00915 0.019388
0.00918 0.019478
0.00921 0.019554
0.00924 0.019632
0.00927 0.019748
0.0093 0.019842
0.00933 0.019932
0.00936 0.020016
0.00939 0.020104
0.00942 0.020196
0.00945 0.020276
0.00948 0.020354
0.00951 0.020444
0.00954 0.020522
0.00957 0.020604
0.0096 0.020698
0.00963 0.020804
0.00966 0.020878
0.00969 0.020976
0.00972 0.021108
0.00975 0.021226
0.00978 0.021328
0.00981 0.021408
0.00984 0.021496
0.00987 0.021592
0.0099 0.021692
0.00993 0.02181
0.00996 0.021926
0.00999 0.022002
0.01002 0.022088
0.01005 0.022206
0.01008 0.02231
0.01011 0.022414
0.01014 0.022512
0.01017 0.022644
0.0102 0.022736
0.01023 0.02285
0.01026 0.022924
0.01029 0.023022
0.01032 0.02311
0.01035 0.0232
0.01038 0.023298
0.01041 0.023392
0.01044 0.023502
0.01047 0.023588
0.0105 0.023684
0.01053 0.023754
0.01056 0.023842
0.01059 0.023896
0.01062 0.023978
0.01065 0.024058
0.01068 0.024138
0.01071 0.02422
0.01074 0.024332
0.01077 0.0244
0.0108 0.024464
0.01083 0.02456
0.01086 0.02463
0.01089 0.02471
0.01092 0.024778
0.01095 0.024844
0.01098 0.024922
0.01101 0.024988
0.01104 0.025054
0.01107 0.025102
0.0111 0.025166
0.01113 0.025262
0.01116 0.025348
0.01119 0.025402
0.01122 0.025476
0.01125 0.025546
0.01128 0.025628
0.01131 0.02571
0.01134 0.025784
0.01137 0.025862
0.0114 0.025934
0.01143 0.02601
0.01146 0.02608
0.01149 0.026168
0.01152 0.026256
0.01155 0.026328
0.01158 0.026404
0.01161 0.026472
0.01164 0.026554
0.01167 0.02664
0.0117 0.026712
0.01173 0.026782
0.01176 0.026862
0.01179 0.02693
0.01182 0.026996
0.01185 0.02704
0.01188 0.027082
0.01191 0.027132
0.01194 0.02719
0.01197 0.027242
0.012 0.027294
0.01203 0.027334
0.01206 0.02737
0.01209 0.027398
0.01212 0.02745
0.01215 0.027476
0.01218 0.027522
0.01221 0.027566
0.01224 0.027586
0.01227 0.027626
0.0123 0.027644
0.01233 0.027672
0.01236 0.027692
0.01239 0.027726
0.01242 0.027768
0.01245 0.027814
0.01248 0.02784
0.01251 0.027846
0.01254 0.027872
0.01257 0.027902
0.0126 0.027924
0.01263 0.027942
0.01266 0.027964
0.01269 0.027986
0.01272 0.02801
0.01275 0.028026
0.01278 0.028036
0.01281 0.028054
0.01284 0.028072
0.01287 0.028094
0.0129 0.028116
0.01293 0.028146
0.01296 0.028158
0.01299 0.028176
0.01302 0.028192
0.01305 0.028228
0.01308 0.02825
0.01311 0.02827
0.01314 0.028284
0.01317 0.028302
0.0132 0.028324
0.01323 0.028338
0.01326 0.028354
0.01329 0.028364
0.01332 0.028386
0.01335 0.028416
0.01338 0.02843
0.01341 0.028448
0.01344 0.028458
0.01347 0.028466
0.0135 0.028486
0.01353 0.028508
0.01356 0.02851
0.01359 0.028522
0.01362 0.02853
0.01365 0.028538
0.01368 0.028556
0.01371 0.02857
0.01374 0.028574
0.01377 0.028588
0.0138 0.028598
0.01383 0.028616
0.01386 0.028636
0.01389 0.028648
0.01392 0.028656
0.01395 0.028668
0.01398 0.028676
0.01401 0.02869
0.01404 0.028702
0.01407 0.02871
0.0141 0.028714
0.01413 0.028724
0.01416 0.028736
0.01419 0.028736
0.01422 0.028738
0.01425 0.028744
0.01428 0.028752
0.01431 0.028756
0.01434 0.028768
0.01437 0.028768
0.0144 0.028774
0.01443 0.02878
0.01446 0.028788
0.01449 0.02879
0.01452 0.028802
0.01455 0.028812
0.01458 0.028818
0.01461 0.028828
0.01464 0.028836
0.01467 0.02884
0.0147 0.028854
0.01473 0.028862
0.01476 0.028872
0.01479 0.028878
0.01482 0.028884
0.01485 0.028894
0.01488 0.028896
0.01491 0.028896
0.01494 0.028904
0.01497 0.02891
0.015 0.02892
0.01503 0.02893
0.01506 0.028946
0.01509 0.02896
0.01512 0.028988
0.01515 0.029016
0.01518 0.029056
0.01521 0.02909
0.01524 0.02914
0.01527 0.029212
0.0153 0.0293
0.01533 0.029418
0.01536 0.029546
0.01539 0.029714
0.01542 0.02996
0.01545 0.030242
0.01548 0.030552
0.01551 0.030916
0.01554 0.031424
0.01557 0.032038
0.0156 0.032726
0.01563 0.03363
0.01566 0.034668
0.01569 0.035812
0.01572 0.037312
0.01575 0.039089
0.01578 0.041086
0.01581 0.043393
0.01584 0.045952
0.01587 0.048855
0.0159 0.052226
0.01593 0.055891
0.01596 0.060086
0.01599 0.064611
0.01602 0.06954
0.01605 0.074908
0.01608 0.080548
0.01611 0.08668
0.01614 0.093364
0.01617 0.100412
0.0162 0.107906
0.01623 0.116088
0.01626 0.124873
0.01629 0.134604
0.01632 0.145315
0.01635 0.157218
0.01638 0.170748
0.01641 0.185892
0.01644 0.203009
0.01647 0.222373
0.0165 0.243907
0.01653 0.267456
0.01656 0.293093
0.01659 0.321055
0.01662 0.350726
0.01665 0.382585
0.01668 0.41546
0.01671 0.449512
0.01674 0.484036
0.01677 0.518412
0.0168 0.552498
0.01683 0.585664
0.01686 0.617939
0.01689 0.6489
0.01692 0.678336
0.01695 0.705952
0.01698 0.732044
0.01701 0.756579
0.01704 0.779454
0.01707 0.800584
0.0171 0.820362
0.01713 0.838515
0.01716 0.855416
0.01719 0.870702
0.01722 0.885194
0.01725 0.898426
0.01728 0.910547
0.01731 0.921726
0.01734 0.932001
0.01737 0.941642
0.0174 0.950126
0.01743 0.957982
0.01746 0.964948
0.01749 0.97099
0.01752 0.976282
0.01755 0.980635
0.01758 0.984418
0.01761 0.987539
0.01764 0.990062
0.01767 0.992085
0.0177 0.993767
0.01773 0.995113
0.01776 0.996191
0.01779 0.997051
0.01782 0.997777
0.01785 0.998227
0.01788 0.998679
0.01791 0.999007
0.01794 0.999249
0.01797 0.999435
0.018 0.999601
0.01803 0.999707
0.01806 0.999775
0.01809 0.999827
0.01812 0.999859
0.01815 0.999901
0.01818 0.999925
0.01821 0.999941
0.01824 0.999953
0.01827 0.999971
0.0183 0.999977
0.01833 0.999977
0.01836 0.999977
0.01839 0.999977
0.01842 0.999979
0.01845 0.999981
0.01848 0.999983
0.01851 0.999983
0.01854 0.999983
0.01857 0.999983
0.0186 0.999983
0.01863 0.999983
0.01866 0.999983
0.01869 0.999983
0.01872 0.999983
0.01875 0.999983
0.01878 0.999983
0.01881 0.999983
0.01884 0.999983
0.01887 0.999983
0.0189 0.999983
0.01893 0.999983
0.01896 0.999983
0.01899 0.999983
0.01902 0.999983
0.01905 0.999983
0.01908 0.999983
0.01911 0.999983
0.01914 0.999983
0.01917 0.999983
0.0192 0.999983
0.01923 0.999983
0.01926 0.999983
0.01929 0.999983
0.01932 0.999983
0.01935 0.999983
0.01938 0.999983
0.01941 0.999983
0.01944 0.999983
0.01947 0.999983
0.0195 0.999983
0.01953 0.999983
0.01956 0.999983
0.01959 0.999983
0.01962 0.999983
0.01965 0.999983
0.01968 0.999983
0.01971 0.999983
0.01974 0.999983
0.01977 0.999983
0.0198 0.999983
0.01983 0.999983
0.01986 0.999983
0.01989 0.999983
0.01992 0.999983
0.01995 0.999983
0.01998 0.999983
0.02001 0.999983
0.02004 0.999983
0.02007 0.999983
0.0201 0.999983
0.02013 0.999983
0.02016 0.999983
0.02019 0.999983
0.02022 0.999983
0.02025 0.999983
0.02028 0.999983
0.02031 0.999983
0.02034 0.999983
0.02037 0.999983
0.0204 0.999983
0.02043 0.999983
0.02046 0.999983
0.02049 0.999983
0.02052 0.999983
0.02055 0.999983
0.02058 0.999983
0.02061 0.999983
0.02064 0.999983
0.02067 0.999983
0.0207 0.999983
0.02073 0.999983
0.02076 0.999983
0.02079 0.999983
0.02082 0.999983
0.02085 0.999983
0.02088 0.999983
0.02091 0.999983
0.02094 0.999983
0.02097 0.999983
0.021 0.999983
0.02103 0.999983
0.02106 0.999983
0.02109 0.999983
0.02112 0.999983
0.02115 0.999983
0.02118 0.999983
0.02121 0.999983
0.02124 0.999983
0.02127 0.999983
0.0213 0.999983
0.02133 0.999983
0.02136 0.999983
0.02139 0.999983
0.02142 0.999983
0.02145 0.999983
0.02148 0.999983
0.02151 0.999983
0.02154 0.999983
0.02157 0.999983
0.0216 0.999983
0.02163 0.999983
0.02166 0.999983
0.02169 0.999983
0.02172 0.999983
0.02175 0.999983
0.02178 0.999983
0.02181 0.999983
0.02184 0.999983
0.02187 0.999983
0.0219 0.999983
0.02193 0.999983
0.02196 0.999983
0.02199 0.999983
0.02202 0.999983
0.02205 0.999983
0.02208 0.999983
0.02211 0.999983
0.02214 0.999983
0.02217 0.999983
0.0222 0.999983
0.02223 0.999983
0.02226 0.999983
0.02229 0.999983
0.02232 0.999983
0.02235 0.999983
0.02238 0.999983
0.02241 0.999983
0.02244 0.999983
0.02247 0.999983
0.0225 0.999983
0.02253 0.999983
0.02256 0.999983
0.02259 0.999983
0.02262 0.999983
0.02265 0.999983
0.02268 0.999983
0.02271 0.999983
0.02274 0.999983
0.02277 0.999983
0.0228 0.999983
0.02283 0.999983
0.02286 0.999983
0.02289 0.999983
0.02292 0.999983
0.02295 0.999983
0.02298 0.999983
0.02301 0.999983
0.02304 0.999983
0.02307 0.999983
0.0231 0.999983
0.02313 0.999983
0.02316 0.999983
0.02319 0.999983
0.02322 0.999983
0.02325 0.999983
0.02328 0.999983
0.02331 0.999983
0.02334 0.999983
0.02337 0.999983
0.0234 0.999983
0.02343 0.999983
0.02346 0.999983
0.02349 0.999983
0.02352 0.999983
0.02355 0.999983
0.02358 0.999983
0.02361 0.999983
0.02364 0.999983
0.02367 0.999983
0.0237 0.999983
0.02373 0.999983
0.02376 0.999983
0.02379 0.999983
0.02382 0.999983
0.02385 0.999983
0.02388 0.999983
0.02391 0.999983
0.02394 0.999983
0.02397 0.999983
0.024 0.999983
0.02403 0.999983
0.02406 0.999983
0.02409 0.999983
0.02412 0.999983
0.02415 0.999983
0.02418 0.999983
0.02421 0.999983
0.02424 0.999983
0.02427 0.999983
0.0243 0.999983
0.02433 0.999983
0.02436 0.999983
0.02439 0.999983
0.02442 0.999983
0.02445 0.999983
0.02448 0.999983
0.02451 0.999983
0.02454 0.999983
0.02457 0.999983
0.0246 0.999983
0.02463 0.999983
0.02466 0.999983
0.02469 0.999983
0.02472 0.999983
0.02475 0.999983
0.02478 0.999983
0.02481 0.999983
0.02484 0.999983
0.02487 0.999983
0.0249 0.999983
0.02493 0.999983
0.02496 0.999983
0.02499 0.999983
0.02502 0.999983
0.02505 0.999983
0.02508 0.999983
0.02511 0.999983
0.02514 0.999983
0.02517 0.999983
0.0252 0.999983
0.02523 0.999983
0.02526 0.999983
0.02529 0.999983
0.02532 0.999983
0.02535 0.999983
0.02538 0.999983
0.02541 0.999983
0.02544 0.999983
0.02547 0.999983
0.0255 0.999983
0.02553 0.999983
0.02556 0.999983
0.02559 0.999983
0.02562 0.999983
0.02565 0.999983
0.02568 0.999983
0.02571 0.999983
0.02574 0.999983
0.02577 0.999983
0.0258 0.999983
0.02583 0.999983
0.02586 0.999983
0.02589 0.999983
0.02592 0.999983
0.02595 0.999983
0.02598 0.999983
0.02601 0.999983
0.02604 0.999983
0.02607 0.999983
0.0261 0.999983
0.02613 0.999983
0.02616 0.999983
0.02619 0.999983
0.02622 0.999983
0.02625 0.999983
0.02628 0.999983
0.02631 0.999983
0.02634 0.999983
0.02637 0.999983
0.0264 0.999983
0.02643 0.999983
0.02646 0.999983
0.02649 0.999983
0.02652 0.999983
0.02655 0.999983
0.02658 0.999983
0.02661 0.999983
0.02664 0.999983
0.02667 0.999983
0.0267 0.999983
0.02673 0.999983
0.02676 0.999983
0.02679 0.999983
0.02682 0.999983
0.02685 0.999983
0.02688 0.999983
0.02691 0.999983
0.02694 0.999983
0.02697 0.999983
0.027 0.999983
0.02703 0.999983
0.02706 0.999983
0.02709 0.999983
0.02712 0.999983
0.02715 0.999983
0.02718 0.999983
0.02721 0.999983
0.02724 0.999983
0.02727 0.999983
0.0273 0.999983
0.02733 0.999983
0.02736 0.999983
0.02739 0.999983
0.02742 0.999983
0.02745 0.999983
0.02748 0.999983
0.02751 0.999983
0.02754 0.999983
0.02757 0.999983
0.0276 0.999983
0.02763 0.999983
0.02766 0.999983
0.02769 0.999983
0.02772 0.999983
0.02775 0.999983
0.02778 0.999983
0.02781 0.999983
0.02784 0.999983
0.02787 0.999983
0.0279 0.999983
0.02793 0.999983
0.02796 0.999983
0.02799 0.999983
0.02802 0.999983
0.02805 0.999983
0.02808 0.999983
0.02811 0.999983
0.02814 0.999983
0.02817 0.999983
0.0282 0.999983
0.02823 0.999983
0.02826 0.999983
0.02829 0.999983
0.02832 0.999983
0.02835 0.999983
0.02838 0.999983
0.02841 0.999983
0.02844 0.999983
0.02847 0.999983
0.0285 0.999983
0.02853 0.999983
0.02856 0.999983
0.02859 0.999983
0.02862 0.999983
0.02865 0.999983
0.02868 0.999983
0.02871 0.999983
0.02874 0.999983
0.02877 0.999983
0.0288 0.999983
0.02883 0.999983
0.02886 0.999983
0.02889 0.999983
0.02892 0.999983
0.02895 0.999983
0.02898 0.999983
0.02901 0.999983
0.02904 0.999983
0.02907 0.999983
0.0291 0.999983
0.02913 0.999983
0.02916 0.999983
0.02919 0.999983
0.02922 0.999983
0.02925 0.999983
0.02928 0.999983
0.02931 0.999983
0.02934 0.999983
0.02937 0.999983
0.0294 0.999983
0.02943 0.999983
0.02946 0.999983
0.02949 0.999983
0.02952 0.999983
0.02955 0.999983
0.02958 0.999983
0.02961 0.999983
0.02964 0.999983
0.02967 0.999983
0.0297 0.999983
0.02973 0.999983
0.02976 0.999983
0.02979 0.999983
0.02982 0.999983
0.02985 0.999983
0.02988 0.999983
0.02991 0.999983
0.02994 0.999983
0.02997 0.999983
#750k
3e-05 0.0
6e-05 0.0
9e-05 0.0
0.00012 0.0
0.00015 0.0
0.00018 0.0
0.00021 0.0
0.00024 0.0
0.00027 0.0
0.0003 0.0
0.00033 0.0
0.00036 0.0
0.00039 0.0
0.00042 0.0
0.00045 0.0
0.00048 0.0
0.00051 0.0
0.00054 0.0
0.00057 0.0
0.0006 0.0
0.00063 0.0
0.00066 0.0
0.00069 0.0
0.00072 0.0
0.00075 0.0
0.00078 0.0
0.00081 0.0
0.00084 0.0
0.00087 0.0
0.0009 0.0
0.00093 0.0
0.00096 0.0
0.00099 0.0
0.00102 0.0
0.00105 0.0
0.00108 0.0
0.00111 0.0
0.00114 1e-06
0.00117 1e-06
0.0012 1e-06
0.00123 1e-06
0.00126 1e-06
0.00129 1e-06
0.00132 1e-06
0.00135 1e-06
0.00138 1e-06
0.00141 1e-06
0.00144 1e-06
0.00147 1e-06
0.0015 1e-06
0.00153 1e-06
0.00156 1e-06
0.00159 2e-06
0.00162 2e-06
0.00165 3e-06
0.00168 3e-06
0.00171 6e-06
0.00174 6e-06
0.00177 6e-06
0.0018 6e-06
0.00183 6e-06
0.00186 7e-06
0.00189 7e-06
0.00192 7e-06
0.00195 7e-06
0.00198 7e-06
0.00201 8e-06
0.00204 8e-06
0.00207 8e-06
0.0021 8e-06
0.00213 9e-06
0.00216 1e-05
0.00219 1e-05
0.00222 1.1e-05
0.00225 1.1e-05
0.00228 1.2e-05
0.00231 1.3e-05
0.00234 1.3e-05
0.00237 1.4e-05
0.0024 1.7e-05
0.00243 2.2e-05
0.00246 2.2e-05
0.00249 2.7e-05
0.00252 3.1e-05
0.00255 3.2e-05
0.00258 3.5e-05
0.00261 3.6e-05
0.00264 3.9e-05
0.00267 4.2e-05
0.0027 4.6e-05
0.00273 5.3e-05
0.00276 5.3e-05
0.00279 5.7e-05
0.00282 6.4e-05
0.00285 6.9e-05
0.00288 7.6e-05
0.00291 8.7e-05
0.00294 9.8e-05
0.00297 0.000107
0.003 0.000122
0.00303 0.000137
0.00306 0.000154
0.00309 0.000173
0.00312 0.000192
0.00315 0.000209
0.00318 0.000224
0.00321 0.00024
0.00324 0.000256
0.00327 0.000269
0.0033 0.000304
0.00333 0.000329
0.00336 0.000352
0.00339 0.000391
0.00342 0.000423
0.00345 0.000455
0.00348 0.000479
0.00351 0.000515
0.00354 0.000554
0.00357 0.000583
0.0036 0.000611
0.00363 0.000638
0.00366 0.000674
0.00369 0.00071
0.00372 0.00075
0.00375 0.000789
0.00378 0.000817
0.00381 0.000842
0.00384 0.000878
0.00387 0.000906
0.0039 0.00093
0.00393 0.000974
0.00396 0.001001
0.00399 0.001026
0.00402 0.001053
0.00405 0.001097
0.00408 0.001128
0.00411 0.001155
0.00414 0.001198
0.00417 0.001237
0.0042 0.001273
0.00423 0.001318
0.00426 0.001354
0.00429 0.001391
0.00432 0.00145
0.00435 0.001501
0.00438 0.001522
0.00441 0.001581
0.00444 0.00164
0.00447 0.0017
0.0045 0.00176
0.00453 0.001811
0.00456 0.001864
0.00459 0.001924
0.00462 0.001988
0.00465 0.002041
0.00468 0.002086
0.00471 0.00215
0.00474 0.002219
0.00477 0.00231
0.0048 0.002391
0.00483 0.002464
0.00486 0.002531
0.00489 0.002595
0.00492 0.00268
0.00495 0.002757
0.00498 0.002824
0.00501 0.002897
0.00504 0.00298
0.00507 0.003069
0.0051 0.00315
0.00513 0.003241
0.00516 0.003328
0.00519 0.003412
0.00522 0.003515
0.00525 0.003599
0.00528 0.00369
0.00531 0.003778
0.00534 0.003891
0.00537 0.003999
0.0054 0.00409
0.00543 0.004203
0.00546 0.004319
0.00549 0.004428
0.00552 0.004549
0.00555 0.004654
0.00558 0.004739
0.00561 0.004838
0.00564 0.004939
0.00567 0.005059
0.0057 0.005167
0.00573 0.005288
0.00576 0.005397
0.00579 0.005525
0.00582 0.005641
0.00585 0.005756
0.00588 0.005859
0.00591 0.005972
0.00594 0.006088
0.00597 0.006225
0.006 0.006336
0.00603 0.006453
0.00606 0.006549
0.00609 0.006664
0.00612 0.006781
0.00615 0.006886
0.00618 0.006991
0.00621 0.007115
0.00624 0.00723
0.00627 0.007345
0.0063 0.007461
0.00633 0.007552
0.00636 0.007665
0.00639 0.007772
0.00642 0.007885
0.00645 0.008005
0.00648 0.008105
0.00651 0.008193
0.00654 0.008312
0.00657 0.00842
0.0066 0.008551
0.00663 0.008666
0.00666 0.008759
0.00669 0.008864
0.00672 0.008963
0.00675 0.00908
0.00678 0.00918
0.00681 0.009263
0.00684 0.0094
0.00687 0.009505
0.0069 0.009617
0.00693 0.009702
0.00696 0.009806
0.00699 0.009907
0.00702 0.010002
0.00705 0.010111
0.00708 0.010206
0.00711 0.010311
0.00714 0.01042
0.00717 0.010525
0.0072 0.010626
0.00723 0.010717
0.00726 0.010796
0.00729 0.010897
0.00732 0.010992
0.00735 0.011099
0.00738 0.011182
0.00741 0.011269
0.00744 0.011388
0.00747 0.011483
0.0075 0.011587
0.00753 0.011704
0.00756 0.011765
0.00759 0.011853
0.00762 0.011942
0.00765 0.012027
0.00768 0.012136
0.00771 0.012235
0.00774 0.012319
0.00777 0.01242
0.0078 0.012508
0.00783 0.012597
0.00786 0.012686
0.00789 0.012791
0.00792 0.012895
0.00795 0.012976
0.00798 0.013059
0.00801 0.013146
0.00804 0.013226
0.00807 0.013326
0.0081 0.013425
0.00813 0.013498
0.00816 0.013593
0.00819 0.013674
0.00822 0.013767
0.00825 0.013842
0.00828 0.013927
0.00831 0.014038
0.00834 0.014135
0.00837 0.014226
0.0084 0.014313
0.00843 0.01442
0.00846 0.014492
0.00849 0.014571
0.00852 0.014667
0.00855 0.014752
0.00858 0.014831
0.00861 0.01492
0.00864 0.014992
0.00867 0.015079
0.0087 0.015168
0.00873 0.015256
0.00876 0.015351
0.00879 0.015434
0.00882 0.015527
0.00885 0.015635
0.00888 0.015712
0.00891 0.015809
0.00894 0.015892
0.00897 0.015964
0.009 0.016037
0.00903 0.016102
0.00906 0.016197
0.00909 0.016294
0.00912 0.016378
0.00915 0.01647
0.00918 0.016551
0.00921 0.016643
0.00924 0.01671
0.00927 0.016802
0.0093 0.016881
0.00933 0.016945
0.00936 0.017021
0.00939 0.017114
0.00942 0.017203
0.00945 0.017284
0.00948 0.017363
0.00951 0.017455
0.00954 0.017543
0.00957 0.01762
0.0096 0.0177
0.00963 0.017791
0.00966 0.017866
0.00969 0.017927
0.00972 0.018011
0.00975 0.018088
0.00978 0.018187
0.00981 0.01827
0.00984 0.018357
0.00987 0.018432
0.0099 0.018507
0.00993 0.018576
0.00996 0.018648
0.00999 0.018712
0.01002 0.018767
0.01005 0.018852
0.01008 0.018913
0.01011 0.018977
0.01014 0.019032
0.01017 0.01908
0.0102 0.019143
0.01023 0.0192
0.01026 0.019272
0.01029 0.019321
0.01032 0.019372
0.01035 0.019428
0.01038 0.019484
0.01041 0.019535
0.01044 0.019592
0.01047 0.019648
0.0105 0.01968
0.01053 0.019744
0.01056 0.019807
0.01059 0.019863
0.01062 0.019912
0.01065 0.019988
0.01068 0.020037
0.01071 0.020101
0.01074 0.020148
0.01077 0.020196
0.0108 0.020253
0.01083 0.02031
0.01086 0.020373
0.01089 0.020433
0.01092 0.02047
0.01095 0.020515
0.01098 0.020563
0.01101 0.020626
0.01104 0.020685
0.01107 0.020729
0.0111 0.020788
0.01113 0.020836
0.01116 0.020909
0.01119 0.020966
0.01122 0.021011
0.01125 0.021064
0.01128 0.021123
0.01131 0.021163
0.01134 0.021206
0.01137 0.021247
0.0114 0.021291
0.01143 0.021327
0.01146 0.021372
0.01149 0.021401
0.01152 0.021442
0.01155 0.021479
0.01158 0.021522
0.01161 0.021539
0.01164 0.021563
0.01167 0.021583
0.0117 0.021606
0.01173 0.021637
0.01176 0.021653
0.01179 0.021677
0.01182 0.021696
0.01185 0.021717
0.01188 0.021736
0.01191 0.021751
0.01194 0.021763
0.01197 0.021783
0.012 0.021796
0.01203 0.02182
0.01206 0.02184
0.01209 0.021855
0.01212 0.021878
0.01215 0.02189
0.01218 0.021902
0.01221 0.021913
0.01224 0.021924
0.01227 0.021937
0.0123 0.021942
0.01233 0.021954
0.01236 0.021969
0.01239 0.021984
0.01242 0.022003
0.01245 0.022012
0.01248 0.022033
0.01251 0.022054
0.01254 0.022062
0.01257 0.022066
0.0126 0.022075
0.01263 0.022083
0.01266 0.022086
0.01269 0.022095
0.01272 0.022103
0.01275 0.022116
0.01278 0.022127
0.01281 0.022134
0.01284 0.022149
0.01287 0.02216
0.0129 0.022168
0.01293 0.022177
0.01296 0.022184
0.01299 0.022195
0.01302 0.022202
0.01305 0.022214
0.01308 0.022226
0.01311 0.022235
0.01314 0.022243
0.01317 0.022256
0.0132 0.022264
0.01323 0.022271
0.01326 0.022282
0.01329 0.02229
0.01332 0.022298
0.01335 0.022305
0.01338 0.022313
0.01341 0.022314
0.01344 0.022319
0.01347 0.022322
0.0135 0.022327
0.01353 0.022334
0.01356 0.022338
0.01359 0.022341
0.01362 0.022346
0.01365 0.022353
0.01368 0.022354
0.01371 0.022361
0.01374 0.022364
0.01377 0.022368
0.0138 0.022371
0.01383 0.022371
0.01386 0.022372
0.01389 0.022377
0.01392 0.022377
0.01395 0.02238
0.01398 0.022381
0.01401 0.022384
0.01404 0.022389
0.01407 0.022392
0.0141 0.022395
0.01413 0.022398
0.01416 0.022399
0.01419 0.022403
0.01422 0.022407
0.01425 0.022412
0.01428 0.022413
0.01431 0.022418
0.01434 0.022419
0.01437 0.022422
0.0144 0.022423
0.01443 0.022428
0.01446 0.022437
0.01449 0.022442
0.01452 0.022447
0.01455 0.022456
0.01458 0.022459
0.01461 0.022468
0.01464 0.022473
0.01467 0.022488
0.0147 0.022505
0.01473 0.022517
0.01476 0.022525
0.01479 0.022546
0.01482 0.022557
0.01485 0.022577
0.01488 0.022608
0.01491 0.022635
0.01494 0.022659
0.01497 0.022696
0.015 0.022736
0.01503 0.022803
0.01506 0.022878
0.01509 0.022943
0.01512 0.023026
0.01515 0.023103
0.01518 0.023187
0.01521 0.023306
0.01524 0.023455
0.01527 0.023651
0.0153 0.023866
0.01533 0.02415
0.01536 0.024443
0.01539 0.02486
0.01542 0.025335
0.01545 0.025882
0.01548 0.026518
0.01551 0.027377
0.01554 0.028436
0.01557 0.029679
0.0156 0.031259
0.01563 0.03315
0.01566 0.035497
0.01569 0.038318
0.01572 0.041794
0.01575 0.046122
0.01578 0.05123
0.01581 0.057582
0.01584 0.065148
0.01587 0.074142
0.0159 0.084749
0.01593 0.097168
0.01596 0.111321
0.01599 0.127104
0.01602 0.144754
0.01605 0.164041
0.01608 0.184776
0.01611 0.206657
0.01614 0.229799
0.01617 0.253624
0.0162 0.277752
0.01623 0.30167
0.01626 0.325515
0.01629 0.348056
0.01632 0.370039
0.01635 0.390984
0.01638 0.411169
0.01641 0.430402
0.01644 0.448865
0.01647 0.466936
0.0165 0.484325
0.01653 0.501304
0.01656 0.518287
0.01659 0.535462
0.01662 0.552699
0.01665 0.570396
0.01668 0.588653
0.01671 0.60802
0.01674 0.627902
0.01677 0.648699
0.0168 0.670498
0.01683 0.693151
0.01686 0.716387
0.01689 0.740161
0.01692 0.764046
0.01695 0.787831
0.01698 0.811239
0.01701 0.833506
0.01704 0.854123
0.01707 0.873309
0.0171 0.890906
0.01713 0.906707
0.01716 0.920581
0.01719 0.932932
0.01722 0.943628
0.01725 0.952794
0.01728 0.960589
0.01731 0.967289
0.01734 0.972807
0.01737 0.977493
0.0174 0.981338
0.01743 0.984625
0.01746 0.987364
0.01749 0.989535
0.01752 0.991348
0.01755 0.992897
0.01758 0.994186
0.01761 0.995202
0.01764 0.996029
0.01767 0.996769
0.0177 0.99733
0.01773 0.997794
0.01776 0.998182
0.01779 0.998487
0.01782 0.998767
0.01785 0.99895
0.01788 0.999129
0.01791 0.999265
0.01794 0.99937
0.01797 0.999458
0.018 0.999514
0.01803 0.999575
0.01806 0.999636
0.01809 0.999677
0.01812 0.999717
0.01815 0.999746
0.01818 0.999769
0.01821 0.999792
0.01824 0.999797
0.01827 0.999808
0.0183 0.999811
0.01833 0.999818
0.01836 0.999827
0.01839 0.999834
0.01842 0.999835
0.01845 0.999836
0.01848 0.99984
0.01851 0.999844
0.01854 0.999847
0.01857 0.999848
0.0186 0.999849
0.01863 0.999852
0.01866 0.999855
0.01869 0.999858
0.01872 0.999863
0.01875 0.999864
0.01878 0.999868
0.01881 0.999871
0.01884 0.999878
0.01887 0.999881
0.0189 0.999886
0.01893 0.999889
0.01896 0.99989
0.01899 0.999895
0.01902 0.999898
0.01905 0.999902
0.01908 0.999903
0.01911 0.999903
0.01914 0.999904
0.01917 0.999904
0.0192 0.999907
0.01923 0.999908
0.01926 0.999912
0.01929 0.999917
0.01932 0.999918
0.01935 0.999921
0.01938 0.999921
0.01941 0.999924
0.01944 0.999928
0.01947 0.999932
0.0195 0.999933
0.01953 0.999934
0.01956 0.999937
0.01959 0.999938
0.01962 0.999941
0.01965 0.999942
0.01968 0.999943
0.01971 0.999944
0.01974 0.999948
0.01977 0.999949
0.0198 0.999952
0.01983 0.999956
0.01986 0.999956
0.01989 0.999956
0.01992 0.999957
0.01995 0.999964
0.01998 0.999964
0.02001 0.999967
0.02004 0.999968
0.02007 0.999968
0.0201 0.999969
0.02013 0.99997
0.02016 0.99997
0.02019 0.999971
0.02022 0.999971
0.02025 0.999971
0.02028 0.999971
0.02031 0.999972
0.02034 0.999972
0.02037 0.999975
0.0204 0.999976
0.02043 0.999977
0.02046 0.999977
0.02049 0.999977
0.02052 0.999978
0.02055 0.999978
0.02058 0.999979
0.02061 0.99998
0.02064 0.99998
0.02067 0.999981
0.0207 0.999981
0.02073 0.999981
0.02076 0.999981
0.02079 0.999982
0.02082 0.999982
0.02085 0.999982
0.02088 0.999982
0.02091 0.999982
0.02094 0.999982
0.02097 0.999982
0.021 0.999982
0.02103 0.999982
0.02106 0.999982
0.02109 0.999982
0.02112 0.999983
0.02115 0.999984
0.02118 0.999984
0.02121 0.999984
0.02124 0.999985
0.02127 0.999985
0.0213 0.999986
0.02133 0.999986
0.02136 0.999986
0.02139 0.999986
0.02142 0.999986
0.02145 0.999986
0.02148 0.999986
0.02151 0.999986
0.02154 0.999986
0.02157 0.999986
0.0216 0.999986
0.02163 0.999986
0.02166 0.999986
0.02169 0.999986
0.02172 0.999986
0.02175 0.999986
0.02178 0.999986
0.02181 0.999986
0.02184 0.999986
0.02187 0.999986
0.0219 0.999986
0.02193 0.999986
0.02196 0.999986
0.02199 0.999986
0.02202 0.999986
0.02205 0.999986
0.02208 0.999986
0.02211 0.999986
0.02214 0.999986
0.02217 0.999986
0.0222 0.999986
0.02223 0.999986
0.02226 0.999986
0.02229 0.999986
0.02232 0.999986
0.02235 0.999986
0.02238 0.999986
0.02241 0.999986
0.02244 0.999986
0.02247 0.999986
0.0225 0.999986
0.02253 0.999986
0.02256 0.999986
0.02259 0.999986
0.02262 0.999986
0.02265 0.999986
0.02268 0.999986
0.02271 0.999986
0.02274 0.999986
0.02277 0.999986
0.0228 0.999986
0.02283 0.999986
0.02286 0.999986
0.02289 0.999986
0.02292 0.999986
0.02295 0.999986
0.02298 0.999986
0.02301 0.999986
0.02304 0.999986
0.02307 0.999986
0.0231 0.999986
0.02313 0.999986
0.02316 0.999986
0.02319 0.999986
0.02322 0.999986
0.02325 0.999986
0.02328 0.999986
0.02331 0.999986
0.02334 0.999986
0.02337 0.999986
0.0234 0.999986
0.02343 0.999986
0.02346 0.999986
0.02349 0.999986
0.02352 0.999986
0.02355 0.999986
0.02358 0.999986
0.02361 0.999986
0.02364 0.999986
0.02367 0.999986
0.0237 0.999986
0.02373 0.999986
0.02376 0.999986
0.02379 0.999986
0.02382 0.999986
0.02385 0.999986
0.02388 0.999986
0.02391 0.999986
0.02394 0.999986
0.02397 0.999986
0.024 0.999986
0.02403 0.999986
0.02406 0.999986
0.02409 0.999986
0.02412 0.999986
0.02415 0.999986
0.02418 0.999986
0.02421 0.999986
0.02424 0.999986
0.02427 0.999986
0.0243 0.999986
0.02433 0.999986
0.02436 0.999986
0.02439 0.999986
0.02442 0.999986
0.02445 0.999986
0.02448 0.999986
0.02451 0.999986
0.02454 0.999986
0.02457 0.999986
0.0246 0.999986
0.02463 0.999986
0.02466 0.999986
0.02469 0.999986
0.02472 0.999986
0.02475 0.999986
0.02478 0.999986
0.02481 0.999986
0.02484 0.999986
0.02487 0.999986
0.0249 0.999986
0.02493 0.999986
0.02496 0.999986
0.02499 0.999986
0.02502 0.999986
0.02505 0.999986
0.02508 0.999986
0.02511 0.999986
0.02514 0.999986
0.02517 0.999986
0.0252 0.999986
0.02523 0.999986
0.02526 0.999986
0.02529 0.999986
0.02532 0.999986
0.02535 0.999986
0.02538 0.999986
0.02541 0.999986
0.02544 0.999986
0.02547 0.999986
0.0255 0.999986
0.02553 0.999986
0.02556 0.999986
0.02559 0.999986
0.02562 0.999986
0.02565 0.999986
0.02568 0.999986
0.02571 0.999986
0.02574 0.999986
0.02577 0.999986
0.0258 0.999986
0.02583 0.999986
0.02586 0.999986
0.02589 0.999986
0.02592 0.999986
0.02595 0.999986
0.02598 0.999986
0.02601 0.999986
0.02604 0.999986
0.02607 0.999986
0.0261 0.999986
0.02613 0.999986
0.02616 0.999986
0.02619 0.999986
0.02622 0.999986
0.02625 0.999986
0.02628 0.999986
0.02631 0.999986
0.02634 0.999986
0.02637 0.999986
0.0264 0.999986
0.02643 0.999986
0.02646 0.999986
0.02649 0.999986
0.02652 0.999986
0.02655 0.999986
0.02658 0.999986
0.02661 0.999986
0.02664 0.999986
0.02667 0.999986
0.0267 0.999986
0.02673 0.999986
0.02676 0.999986
0.02679 0.999986
0.02682 0.999986
0.02685 0.999986
0.02688 0.999986
0.02691 0.999986
0.02694 0.999986
0.02697 0.999986
0.027 0.999986
0.02703 0.999986
0.02706 0.999986
0.02709 0.999986
0.02712 0.999986
0.02715 0.999986
0.02718 0.999986
0.02721 0.999986
0.02724 0.999986
0.02727 0.999986
0.0273 0.999986
0.02733 0.999986
0.02736 0.999986
0.02739 0.999986
0.02742 0.999986
0.02745 0.999986
0.02748 0.999986
0.02751 0.999986
0.02754 0.999986
0.02757 0.999986
0.0276 0.999986
0.02763 0.999986
0.02766 0.999986
0.02769 0.999986
0.02772 0.999986
0.02775 0.999986
0.02778 0.999986
0.02781 0.999986
0.02784 0.999986
0.02787 0.999986
0.0279 0.999986
0.02793 0.999986
0.02796 0.999986
0.02799 0.999986
0.02802 0.999986
0.02805 0.999986
0.02808 0.999986
0.02811 0.999986
0.02814 0.999986
0.02817 0.999986
0.0282 0.999986
0.02823 0.999986
0.02826 0.999986
0.02829 0.999986
0.02832 0.999986
0.02835 0.999986
0.02838 0.999986
0.02841 0.999986
0.02844 0.999986
0.02847 0.999986
0.0285 0.999986
0.02853 0.999986
0.02856 0.999986
0.02859 0.999986
0.02862 0.999986
0.02865 0.999986
0.02868 0.999986
0.02871 0.999986
0.02874 0.999986
0.02877 0.999986
0.0288 0.999986
0.02883 0.999986
0.02886 0.999986
0.02889 0.999986
0.02892 0.999986
0.02895 0.999986
0.02898 0.999986
0.02901 0.999986
0.02904 0.999986
0.02907 0.999986
0.0291 0.999986
0.02913 0.999986
0.02916 0.999986
0.02919 0.999986
0.02922 0.999986
0.02925 0.999986
0.02928 0.999986
0.02931 0.999986
0.02934 0.999986
0.02937 0.999986
0.0294 0.999986
0.02943 0.999986
0.02946 0.999986
0.02949 0.999986
0.02952 0.999986
0.02955 0.999986
0.02958 0.999986
0.02961 0.999986
0.02964 0.999986
0.02967 0.999986
0.0297 0.999986
0.02973 0.999986
0.02976 0.999986
0.02979 0.999986
0.02982 0.999986
0.02985 0.999986
0.02988 0.999986
0.02991 0.999986
0.02994 0.999986
0.02997 0.999986
#001M
3e-05 0.0
6e-05 0.0
9e-05 0.0
0.00012 0.0
0.00015 0.0
0.00018 0.0
0.00021 0.0
0.00024 0.0
0.00027 0.0
0.0003 0.0
0.00033 0.0
0.00036 0.0
0.00039 0.0
0.00042 0.0
0.00045 0.0
0.00048 0.0
0.00051 0.0
0.00054 0.0
0.00057 0.0
0.0006 0.0
0.00063 0.0
0.00066 0.0
0.00069 0.0
0.00072 0.0
0.00075 0.0
0.00078 0.0
0.00081 0.0
0.00084 0.0
0.00087 0.0
0.0009 0.0
0.00093 0.0
0.00096 0.0
0.00099 0.0
0.00102 0.0
0.00105 0.0
0.00108 0.0
0.00111 0.0
0.00114 0.0
0.00117 0.0
0.0012 1e-06
0.00123 1e-06
0.00126 1e-06
0.00129 1e-06
0.00132 1e-06
0.00135 1e-06
0.00138 1e-06
0.00141 1e-06
0.00144 1e-06
0.00147 1e-06
0.0015 1e-06
0.00153 1e-06
0.00156 1e-06
0.00159 1e-06
0.00162 1e-06
0.00165 2e-06
0.00168 2e-06
0.00171 2e-06
0.00174 2e-06
0.00177 2e-06
0.0018 2e-06
0.00183 2e-06
0.00186 2e-06
0.00189 2e-06
0.00192 2e-06
0.00195 2e-06
0.00198 2e-06
0.00201 3e-06
0.00204 3e-06
0.00207 4e-06
0.0021 4e-06
0.00213 4e-06
0.00216 4e-06
0.00219 4e-06
0.00222 6e-06
0.00225 7e-06
0.00228 8e-06
0.00231 9e-06
0.00234 1e-05
0.00237 1.2e-05
0.0024 1.2e-05
0.00243 1.3e-05
0.00246 1.4e-05
0.00249 1.4e-05
0.00252 1.5e-05
0.00255 1.5e-05
0.00258 1.5e-05
0.00261 1.5e-05
0.00264 1.8e-05
0.00267 1.8e-05
0.0027 1.9e-05
0.00273 1.9e-05
0.00276 1.9e-05
0.00279 2.2e-05
0.00282 2.5e-05
0.00285 2.5e-05
0.00288 2.9e-05
0.00291 3.5e-05
0.00294 3.7e-05
0.00297 4.3e-05
0.003 4.5e-05
0.00303 4.8e-05
0.00306 5.5e-05
0.00309 6.3e-05
0.00312 7.2e-05
0.00315 7.6e-05
0.00318 8e-05
0.00321 8.5e-05
0.00324 9.2e-05
0.00327 9.6e-05
0.0033 0.000107
0.00333 0.000119
0.00336 0.000127
0.00339 0.000133
0.00342 0.00015
0.00345 0.000171
0.00348 0.000186
0.00351 0.000199
0.00354 0.000212
0.00357 0.000226
0.0036 0.00025
0.00363 0.000268
0.00366 0.000288
0.00369 0.000311
0.00372 0.000335
0.00375 0.000358
0.00378 0.000387
0.00381 0.000421
0.00384 0.000447
0.00387 0.000464
0.0039 0.000489
0.00393 0.00052
0.00396 0.000552
0.00399 0.000583
0.00402 0.000606
0.00405 0.000642
0.00408 0.000673
0.00411 0.000701
0.00414 0.000728
0.00417 0.000752
0.0042 0.000773
0.00423 0.000802
0.00426 0.000823
0.00429 0.000858
0.00432 0.000897
0.00435 0.00093
0.00438 0.000957
0.00441 0.000985
0.00444 0.001009
0.00447 0.001048
0.0045 0.001084
0.00453 0.001114
0.00456 0.001152
0.00459 0.001187
0.00462 0.001222
0.00465 0.001255
0.00468 0.001302
0.00471 0.001348
0.00474 0.001397
0.00477 0.001432
0.0048 0.001483
0.00483 0.001528
0.00486 0.001574
0.00489 0.00163
0.00492 0.001677
0.00495 0.00173
0.00498 0.001775
0.00501 0.001824
0.00504 0.001878
0.00507 0.001926
0.0051 0.001985
0.00513 0.002039
0.00516 0.002101
0.00519 0.002147
0.00522 0.002209
0.00525 0.00226
0.00528 0.00232
0.00531 0.002385
0.00534 0.002439
0.00537 0.002514
0.0054 0.002583
0.00543 0.00265
0.00546 0.002721
0.00549 0.002785
0.00552 0.00286
0.00555 0.002925
0.00558 0.00298
0.00561 0.003039
0.00564 0.003108
0.00567 0.003177
0.0057 0.003262
0.00573 0.003346
0.00576 0.003421
0.00579 0.003489
0.00582 0.003549
0.00585 0.003616
0.00588 0.003695
0.00591 0.00378
0.00594 0.003861
0.00597 0.003926
0.006 0.003983
0.00603 0.004058
0.00606 0.004142
0.00609 0.004216
0.00612 0.004292
0.00615 0.004354
0.00618 0.00445
0.00621 0.004538
0.00624 0.004605
0.00627 0.004674
0.0063 0.004757
0.00633 0.004828
0.00636 0.004906
0.00639 0.004984
0.00642 0.005059
0.00645 0.005118
0.00648 0.005187
0.00651 0.005255
0.00654 0.005312
0.00657 0.005383
0.0066 0.00546
0.00663 0.005541
0.00666 0.005606
0.00669 0.005686
0.00672 0.00576
0.00675 0.005823
0.00678 0.005885
0.00681 0.005953
0.00684 0.006012
0.00687 0.006092
0.0069 0.006167
0.00693 0.006232
0.00696 0.006294
0.00699 0.006377
0.00702 0.006443
0.00705 0.006517
0.00708 0.006589
0.00711 0.006659
0.00714 0.006717
0.00717 0.006787
0.0072 0.006853
0.00723 0.006918
0.00726 0.006989
0.00729 0.00705
0.00732 0.007132
0.00735 0.007196
0.00738 0.007254
0.00741 0.007324
0.00744 0.007403
0.00747 0.007474
0.0075 0.007539
0.00753 0.007602
0.00756 0.007674
0.00759 0.007739
0.00762 0.007811
0.00765 0.007886
0.00768 0.007954
0.00771 0.00802
0.00774 0.008098
0.00777 0.008164
0.0078 0.008233
0.00783 0.008304
0.00786 0.008377
0.00789 0.008442
0.00792 0.008505
0.00795 0.008582
0.00798 0.008664
0.00801 0.008747
0.00804 0.008812
0.00807 0.008882
0.0081 0.008958
0.00813 0.009022
0.00816 0.009094
0.00819 0.009158
0.00822 0.009215
0.00825 0.0093
0.00828 0.009363
0.00831 0.009448
0.00834 0.009519
0.00837 0.009585
0.0084 0.009662
0.00843 0.009746
0.00846 0.009822
0.00849 0.009916
0.00852 0.009996
0.00855 0.010073
0.00858 0.010155
0.00861 0.010236
0.00864 0.010305
0.00867 0.010384
0.0087 0.010462
0.00873 0.010548
0.00876 0.010626
0.00879 0.010694
0.00882 0.01079
0.00885 0.010874
0.00888 0.010955
0.00891 0.011055
0.00894 0.01114
0.00897 0.01121
0.009 0.0113
0.00903 0.01136
0.00906 0.011432
0.00909 0.011505
0.00912 0.011581
0.00915 0.011645
0.00918 0.011723
0.00921 0.011792
0.00924 0.011863
0.00927 0.011937
0.0093 0.011985
0.00933 0.012055
0.00936 0.01213
0.00939 0.012203
0.00942 0.012271
0.00945 0.012342
0.00948 0.012406
0.00951 0.012472
0.00954 0.012546
0.00957 0.012621
0.0096 0.012684
0.00963 0.01275
0.00966 0.01281
0.00969 0.012875
0.00972 0.012945
0.00975 0.01302
0.00978 0.01309
0.00981 0.013145
0.00984 0.013231
0.00987 0.013301
0.0099 0.013378
0.00993 0.013433
0.00996 0.013516
0.00999 0.013593
0.01002 0.013676
0.01005 0.01376
0.01008 0.013839
0.01011 0.01393
0.01014 0.013999
0.01017 0.014088
0.0102 0.014176
0.01023 0.014269
0.01026 0.014376
0.01029 0.014478
0.01032 0.014612
0.01035 0.014731
0.01038 0.014826
0.01041 0.014948
0.01044 0.015073
0.01047 0.015196
0.0105 0.015316
0.01053 0.015447
0.01056 0.015562
0.01059 0.0157
0.01062 0.015823
0.01065 0.015961
0.01068 0.016073
0.01071 0.016202
0.01074 0.016324
0.01077 0.016424
0.0108 0.016538
0.01083 0.016638
0.01086 0.016755
0.01089 0.016868
0.01092 0.016972
0.01095 0.017069
0.01098 0.017159
0.01101 0.017247
0.01104 0.017344
0.01107 0.017435
0.0111 0.01752
0.01113 0.017601
0.01116 0.017671
0.01119 0.017738
0.01122 0.017792
0.01125 0.017852
0.01128 0.017902
0.01131 0.017958
0.01134 0.018001
0.01137 0.018052
0.0114 0.018107
0.01143 0.018158
0.01146 0.018207
0.01149 0.018248
0.01152 0.018294
0.01155 0.018331
0.01158 0.018367
0.01161 0.018404
0.01164 0.018447
0.01167 0.018478
0.0117 0.018507
0.01173 0.018527
0.01176 0.01855
0.01179 0.018579
0.01182 0.018611
0.01185 0.018641
0.01188 0.018661
0.01191 0.018685
0.01194 0.018708
0.01197 0.018725
0.012 0.018746
0.01203 0.018767
0.01206 0.018792
0.01209 0.018808
0.01212 0.018826
0.01215 0.018846
0.01218 0.018862
0.01221 0.018881
0.01224 0.018891
0.01227 0.018905
0.0123 0.018915
0.01233 0.018932
0.01236 0.018949
0.01239 0.018964
0.01242 0.018975
0.01245 0.018987
0.01248 0.018999
0.01251 0.019014
0.01254 0.019026
0.01257 0.019034
0.0126 0.019049
0.01263 0.019063
0.01266 0.019079
0.01269 0.019085
0.01272 0.0191
0.01275 0.019109
0.01278 0.019119
0.01281 0.01913
0.01284 0.01914
0.01287 0.019151
0.0129 0.019162
0.01293 0.019174
0.01296 0.019178
0.01299 0.019183
0.01302 0.019196
0.01305 0.019213
0.01308 0.019223
0.01311 0.01923
0.01314 0.019236
0.01317 0.019243
0.0132 0.01925
0.01323 0.019259
0.01326 0.01927
0.01329 0.019283
0.01332 0.019288
0.01335 0.019295
0.01338 0.019303
0.01341 0.019312
0.01344 0.019321
0.01347 0.019328
0.0135 0.019332
0.01353 0.019335
0.01356 0.019337
0.01359 0.01934
0.01362 0.01935
0.01365 0.019354
0.01368 0.019356
0.01371 0.019361
0.01374 0.019363
0.01377 0.019364
0.0138 0.019366
0.01383 0.019373
0.01386 0.019378
0.01389 0.019382
0.01392 0.019389
0.01395 0.019393
0.01398 0.019397
0.01401 0.019399
0.01404 0.019405
0.01407 0.019409
0.0141 0.019411
0.01413 0.019415
0.01416 0.019418
0.01419 0.01942
0.01422 0.019425
0.01425 0.019429
0.01428 0.019435
0.01431 0.019438
0.01434 0.019441
0.01437 0.019447
0.0144 0.019455
0.01443 0.019461
0.01446 0.019473
0.01449 0.019479
0.01452 0.019488
0.01455 0.019494
0.01458 0.019503
0.01461 0.019513
0.01464 0.019524
0.01467 0.019535
0.0147 0.019553
0.01473 0.019564
0.01476 0.019582
0.01479 0.019604
0.01482 0.019622
0.01485 0.019643
0.01488 0.019678
0.01491 0.019713
0.01494 0.019764
0.01497 0.019802
0.015 0.019865
0.01503 0.019946
0.01506 0.020046
0.01509 0.02016
0.01512 0.020343
0.01515 0.020557
0.01518 0.02084
0.01521 0.021192
0.01524 0.021631
0.01527 0.022211
0.0153 0.022954
0.01533 0.02394
0.01536 0.025146
0.01539 0.026631
0.01542 0.028377
0.01545 0.030561
0.01548 0.033101
0.01551 0.036133
0.01554 0.039681
0.01557 0.043796
0.0156 0.04845
0.01563 0.053734
0.01566 0.059827
0.01569 0.066552
0.01572 0.074398
0.01575 0.083116
0.01578 0.092899
0.01581 0.103813
0.01584 0.115919
0.01587 0.129392
0.0159 0.144166
0.01593 0.160437
0.01596 0.177975
0.01599 0.197262
0.01602 0.217925
0.01605 0.240051
0.01608 0.263684
0.01611 0.288403
0.01614 0.314608
0.01617 0.341925
0.0162 0.370166
0.01623 0.398789
0.01626 0.427719
0.01629 0.456623
0.01632 0.485014
0.01635 0.512723
0.01638 0.539847
0.01641 0.566314
0.01644 0.59224
0.01647 0.617542
0.0165 0.642078
0.01653 0.666052
0.01656 0.689446
0.01659 0.711681
0.01662 0.732956
0.01665 0.753046
0.01668 0.771995
0.01671 0.789839
0.01674 0.806455
0.01677 0.822279
0.0168 0.836964
0.01683 0.850672
0.01686 0.863369
0.01689 0.875145
0.01692 0.886074
0.01695 0.895953
0.01698 0.905267
0.01701 0.91379
0.01704 0.921722
0.01707 0.92905
0.0171 0.936095
0.01713 0.942653
0.01716 0.94899
0.01719 0.954916
0.01722 0.960497
0.01725 0.965613
0.01728 0.970306
0.01731 0.97455
0.01734 0.978363
0.01737 0.981603
0.0174 0.984436
0.01743 0.986836
0.01746 0.988958
0.01749 0.990651
0.01752 0.992065
0.01755 0.993305
0.01758 0.994369
0.01761 0.995214
0.01764 0.995941
0.01767 0.996553
0.0177 0.997081
0.01773 0.997512
0.01776 0.997871
0.01779 0.998204
0.01782 0.998486
0.01785 0.998725
0.01788 0.998927
0.01791 0.9991
0.01794 0.999255
0.01797 0.999383
0.018 0.999481
0.01803 0.999564
0.01806 0.999632
0.01809 0.999692
0.01812 0.999752
0.01815 0.999796
0.01818 0.999842
0.01821 0.999872
0.01824 0.999895
0.01827 0.999914
0.0183 0.999937
0.01833 0.999952
0.01836 0.99996
0.01839 0.999966
0.01842 0.999969
0.01845 0.999974
0.01848 0.999976
0.01851 0.999977
0.01854 0.999979
0.01857 0.999982
0.0186 0.999983
0.01863 0.999985
0.01866 0.999987
0.01869 0.999988
0.01872 0.999988
0.01875 0.999989
0.01878 0.99999
0.01881 0.999991
0.01884 0.999991
0.01887 0.999991
0.0189 0.999991
0.01893 0.999991
0.01896 0.999991
0.01899 0.999991
0.01902 0.999991
0.01905 0.999991
0.01908 0.999991
0.01911 0.999991
0.01914 0.999992
0.01917 0.999993
0.0192 0.999993
0.01923 0.999993
0.01926 0.999993
0.01929 0.999993
0.01932 0.999993
0.01935 0.999993
0.01938 0.999993
0.01941 0.999993
0.01944 0.999993
0.01947 0.999993
0.0195 0.999993
0.01953 0.999993
0.01956 0.999993
0.01959 0.999993
0.01962 0.999993
0.01965 0.999993
0.01968 0.999993
0.01971 0.999993
0.01974 0.999993
0.01977 0.999993
0.0198 0.999993
0.01983 0.999993
0.01986 0.999993
0.01989 0.999993
0.01992 0.999993
0.01995 0.999993
0.01998 0.999993
0.02001 0.999993
0.02004 0.999993
0.02007 0.999993
0.0201 0.999993
0.02013 0.999994
0.02016 0.999994
0.02019 0.999994
0.02022 0.999994
0.02025 0.999994
0.02028 0.999994
0.02031 0.999994
0.02034 0.999994
0.02037 0.999994
0.0204 0.999994
0.02043 0.999994
0.02046 0.999994
0.02049 0.999994
0.02052 0.999994
0.02055 0.999995
0.02058 0.999996
0.02061 0.999996
0.02064 0.999996
0.02067 0.999996
0.0207 0.999996
0.02073 0.999996
0.02076 0.999996
0.02079 0.999997
0.02082 0.999997
0.02085 0.999997
0.02088 0.999997
0.02091 0.999997
0.02094 0.999997
0.02097 0.999997
0.021 0.999997
0.02103 0.999997
0.02106 0.999997
0.02109 0.999997
0.02112 0.999997
0.02115 0.999997
0.02118 0.999997
0.02121 0.999997
0.02124 0.999997
0.02127 0.999997
0.0213 0.999997
0.02133 0.999997
0.02136 0.999997
0.02139 0.999997
0.02142 0.999997
0.02145 0.999997
0.02148 0.999997
0.02151 0.999997
0.02154 0.999997
0.02157 0.999997
0.0216 0.999997
0.02163 0.999997
0.02166 0.999997
0.02169 0.999997
0.02172 0.999997
0.02175 0.999998
0.02178 0.999998
0.02181 0.999998
0.02184 0.999998
0.02187 0.999998
0.0219 0.999998
0.02193 0.999998
0.02196 0.999998
0.02199 0.999998
0.02202 0.999998
0.02205 0.999998
0.02208 0.999998
0.02211 0.999998
0.02214 0.999998
0.02217 0.999998
0.0222 0.999999
0.02223 0.999999
0.02226 0.999999
0.02229 0.999999
0.02232 0.999999
0.02235 0.999999
0.02238 0.999999
0.02241 0.999999
0.02244 0.999999
0.02247 0.999999
0.0225 1.0
0.02253 1.0
0.02256 1.0
0.02259 1.0
0.02262 1.0
0.02265 1.0
0.02268 1.0
0.02271 1.0
0.02274 1.0
0.02277 1.0
0.0228 1.0
0.02283 1.0
0.02286 1.0
0.02289 1.0
0.02292 1.0
0.02295 1.0
0.02298 1.0
0.02301 1.0
0.02304 1.0
0.02307 1.0
0.0231 1.0
0.02313 1.000001
0.02316 1.000001
0.02319 1.000001
0.02322 1.000001
0.02325 1.000002
0.02328 1.000002
0.02331 1.000002
0.02334 1.000002
0.02337 1.000002
0.0234 1.000002
0.02343 1.000002
0.02346 1.000002
0.02349 1.000002
0.02352 1.000002
0.02355 1.000002
0.02358 1.000002
0.02361 1.000002
0.02364 1.000002
0.02367 1.000002
0.0237 1.000002
0.02373 1.000002
0.02376 1.000002
0.02379 1.000002
0.02382 1.000002
0.02385 1.000002
0.02388 1.000002
0.02391 1.000002
0.02394 1.000002
0.02397 1.000002
0.024 1.000002
0.02403 1.000002
0.02406 1.000002
0.02409 1.000002
0.02412 1.000002
0.02415 1.000002
0.02418 1.000002
0.02421 1.000002
0.02424 1.000002
0.02427 1.000002
0.0243 1.000002
0.02433 1.000002
0.02436 1.000002
0.02439 1.000002
0.02442 1.000002
0.02445 1.000002
0.02448 1.000002
0.02451 1.000002
0.02454 1.000002
0.02457 1.000002
0.0246 1.000002
0.02463 1.000002
0.02466 1.000002
0.02469 1.000002
0.02472 1.000002
0.02475 1.000002
0.02478 1.000002
0.02481 1.000002
0.02484 1.000002
0.02487 1.000002
0.0249 1.000002
0.02493 1.000002
0.02496 1.000002
0.02499 1.000002
0.02502 1.000002
0.02505 1.000002
0.02508 1.000002
0.02511 1.000002
0.02514 1.000002
0.02517 1.000002
0.0252 1.000002
0.02523 1.000002
0.02526 1.000002
0.02529 1.000002
0.02532 1.000002
0.02535 1.000002
0.02538 1.000002
0.02541 1.000002
0.02544 1.000002
0.02547 1.000002
0.0255 1.000002
0.02553 1.000002
0.02556 1.000002
0.02559 1.000002
0.02562 1.000002
0.02565 1.000002
0.02568 1.000002
0.02571 1.000002
0.02574 1.000002
0.02577 1.000002
0.0258 1.000002
0.02583 1.000002
0.02586 1.000002
0.02589 1.000002
0.02592 1.000002
0.02595 1.000002
0.02598 1.000002
0.02601 1.000002
0.02604 1.000002
0.02607 1.000002
0.0261 1.000002
0.02613 1.000002
0.02616 1.000002
0.02619 1.000002
0.02622 1.000002
0.02625 1.000002
0.02628 1.000002
0.02631 1.000002
0.02634 1.000002
0.02637 1.000002
0.0264 1.000002
0.02643 1.000002
0.02646 1.000002
0.02649 1.000002
0.02652 1.000002
0.02655 1.000002
0.02658 1.000002
0.02661 1.000002
0.02664 1.000002
0.02667 1.000002
0.0267 1.000002
0.02673 1.000002
0.02676 1.000002
0.02679 1.000002
0.02682 1.000002
0.02685 1.000002
0.02688 1.000002
0.02691 1.000002
0.02694 1.000002
0.02697 1.000002
0.027 1.000002
0.02703 1.000002
0.02706 1.000002
0.02709 1.000002
0.02712 1.000002
0.02715 1.000002
0.02718 1.000002
0.02721 1.000002
0.02724 1.000002
0.02727 1.000002
0.0273 1.000002
0.02733 1.000002
0.02736 1.000002
0.02739 1.000002
0.02742 1.000002
0.02745 1.000002
0.02748 1.000002
0.02751 1.000002
0.02754 1.000002
0.02757 1.000002
0.0276 1.000002
0.02763 1.000002
0.02766 1.000002
0.02769 1.000002
0.02772 1.000002
0.02775 1.000002
0.02778 1.000002
0.02781 1.000002
0.02784 1.000002
0.02787 1.000002
0.0279 1.000002
0.02793 1.000002
0.02796 1.000002
0.02799 1.000002
0.02802 1.000002
0.02805 1.000002
0.02808 1.000002
0.02811 1.000002
0.02814 1.000002
0.02817 1.000002
0.0282 1.000002
0.02823 1.000002
0.02826 1.000002
0.02829 1.000002
0.02832 1.000002
0.02835 1.000002
0.02838 1.000002
0.02841 1.000002
0.02844 1.000002
0.02847 1.000002
0.0285 1.000002
0.02853 1.000002
0.02856 1.000002
0.02859 1.000002
0.02862 1.000002
0.02865 1.000002
0.02868 1.000002
0.02871 1.000002
0.02874 1.000002
0.02877 1.000002
0.0288 1.000002
0.02883 1.000002
0.02886 1.000002
0.02889 1.000002
0.02892 1.000002
0.02895 1.000002
0.02898 1.000002
0.02901 1.000002
0.02904 1.000002
0.02907 1.000002
0.0291 1.000002
0.02913 1.000002
0.02916 1.000002
0.02919 1.000002
0.02922 1.000002
0.02925 1.000002
0.02928 1.000002
0.02931 1.000002
0.02934 1.000002
0.02937 1.000002
0.0294 1.000002
0.02943 1.000002
0.02946 1.000002
0.02949 1.000002
0.02952 1.000002
0.02955 1.000002
0.02958 1.000002
0.02961 1.000002
0.02964 1.000002
0.02967 1.000002
0.0297 1.000002
0.02973 1.000002
0.02976 1.000002
0.02979 1.000002
0.02982 1.000002
0.02985 1.000002
0.02988 1.000002
0.02991 1.000002
0.02994 1.000002
0.02997 1.000002
Figure saved to M_inside_r_all_res.png
