#rbin[i] Nr[i] lbin[i] Nl[i]
 0.000000 0.000000 0.000000 0.000031 
 0.000030 0.000000 0.000030 0.000108 
 0.000060 0.000000 0.000060 0.000181 
 0.000090 0.000000 0.000090 0.000214 
 0.000120 0.000000 0.000120 0.000277 
 0.000150 0.000000 0.000150 0.000337 
 0.000180 0.000000 0.000180 0.000396 
 0.000210 0.000000 0.000210 0.000455 
 0.000240 0.000000 0.000240 0.000467 
 0.000270 0.000000 0.000270 0.000560 
 0.000300 0.000000 0.000300 0.000586 
 0.000330 0.000000 0.000330 0.000652 
 0.000360 0.000000 0.000360 0.000662 
 0.000390 0.000000 0.000390 0.000753 
 0.000420 0.000000 0.000420 0.000795 
 0.000450 0.000000 0.000450 0.000834 
 0.000480 0.000000 0.000480 0.000854 
 0.000510 0.000000 0.000510 0.000907 
 0.000540 0.000000 0.000540 0.000930 
 0.000570 0.000000 0.000570 0.000994 
 0.000600 0.000000 0.000600 0.000976 
 0.000630 0.000000 0.000630 0.001053 
 0.000660 0.000000 0.000660 0.001097 
 0.000690 0.000000 0.000690 0.001087 
 0.000720 0.000000 0.000720 0.001183 
 0.000750 0.000000 0.000750 0.001180 
 0.000780 0.000000 0.000780 0.001170 
 0.000810 0.000000 0.000810 0.001275 
 0.000840 0.000000 0.000840 0.001329 
 0.000870 0.000000 0.000870 0.001245 
 0.000900 0.000000 0.000900 0.001352 
 0.000930 0.000000 0.000930 0.001389 
 0.000960 0.000000 0.000960 0.001397 
 0.000990 0.000000 0.000990 0.001407 
 0.001020 0.000000 0.001020 0.001398 
 0.001050 0.000000 0.001050 0.001449 
 0.001080 0.000000 0.001080 0.001424 
 0.001110 0.000000 0.001110 0.001482 
 0.001140 0.000000 0.001140 0.001472 
 0.001170 0.000000 0.001170 0.001454 
 0.001200 0.000001 0.001200 0.001497 
 0.001230 0.000000 0.001230 0.001446 
 0.001260 0.000000 0.001260 0.001510 
 0.001290 0.000000 0.001290 0.001469 
 0.001320 0.000000 0.001320 0.001445 
 0.001350 0.000000 0.001350 0.001488 
 0.001380 0.000000 0.001380 0.001407 
 0.001410 0.000000 0.001410 0.001454 
 0.001440 0.000000 0.001440 0.001459 
 0.001470 0.000000 0.001470 0.001341 
 0.001500 0.000000 0.001500 0.001400 
 0.001530 0.000000 0.001530 0.001325 
 0.001560 0.000000 0.001560 0.001340 
 0.001590 0.000000 0.001590 0.001352 
 0.001620 0.000000 0.001620 0.001312 
 0.001650 0.000001 0.001650 0.001284 
 0.001680 0.000000 0.001680 0.001192 
 0.001710 0.000000 0.001710 0.001221 
 0.001740 0.000000 0.001740 0.001190 
 0.001770 0.000000 0.001770 0.001137 
 0.001800 0.000000 0.001800 0.001114 
 0.001830 0.000000 0.001830 0.001111 
 0.001860 0.000000 0.001860 0.001085 
 0.001890 0.000000 0.001890 0.001076 
 0.001920 0.000000 0.001920 0.001058 
 0.001950 0.000000 0.001950 0.001015 
 0.001980 0.000000 0.001980 0.001004 
 0.002010 0.000001 0.002010 0.000994 
 0.002040 0.000000 0.002040 0.000990 
 0.002070 0.000001 0.002070 0.000948 
 0.002100 0.000000 0.002100 0.000986 
 0.002130 0.000000 0.002130 0.000994 
 0.002160 0.000000 0.002160 0.000994 
 0.002190 0.000000 0.002190 0.000959 
 0.002220 0.000002 0.002220 0.001040 
 0.002250 0.000001 0.002250 0.000980 
 0.002280 0.000001 0.002280 0.001025 
 0.002310 0.000001 0.002310 0.000991 
 0.002340 0.000001 0.002340 0.001086 
 0.002370 0.000002 0.002370 0.001107 
 0.002400 0.000000 0.002400 0.001100 
 0.002430 0.000001 0.002430 0.001163 
 0.002460 0.000001 0.002460 0.001191 
 0.002490 0.000000 0.002490 0.001220 
 0.002520 0.000001 0.002520 0.001255 
 0.002550 0.000000 0.002550 0.001320 
 0.002580 0.000000 0.002580 0.001359 
 0.002610 0.000000 0.002610 0.001373 
 0.002640 0.000003 0.002640 0.001482 
 0.002670 0.000000 0.002670 0.001493 
 0.002700 0.000001 0.002700 0.001522 
 0.002730 0.000000 0.002730 0.001591 
 0.002760 0.000000 0.002760 0.001662 
 0.002790 0.000003 0.002790 0.001728 
 0.002820 0.000003 0.002820 0.001754 
 0.002850 0.000000 0.002850 0.001803 
 0.002880 0.000004 0.002880 0.001865 
 0.002910 0.000006 0.002910 0.001940 
 0.002940 0.000002 0.002940 0.002018 
 0.002970 0.000006 0.002970 0.002050 
 0.003000 0.000002 0.003000 0.002084 
 0.003030 0.000003 0.003030 0.002129 
 0.003060 0.000007 0.003060 0.002189 
 0.003090 0.000008 0.003090 0.002230 
 0.003120 0.000009 0.003120 0.002274 
 0.003150 0.000004 0.003150 0.002308 
 0.003180 0.000004 0.003180 0.002388 
 0.003210 0.000005 0.003210 0.002367 
 0.003240 0.000007 0.003240 0.002454 
 0.003270 0.000004 0.003270 0.002435 
 0.003300 0.000011 0.003300 0.002461 
 0.003330 0.000012 0.003330 0.002446 
 0.003360 0.000008 0.003360 0.002521 
 0.003390 0.000006 0.003390 0.002495 
 0.003420 0.000017 0.003420 0.002534 
 0.003450 0.000021 0.003450 0.002544 
 0.003480 0.000015 0.003480 0.002513 
 0.003510 0.000013 0.003510 0.002550 
 0.003540 0.000013 0.003540 0.002550 
 0.003570 0.000014 0.003570 0.002585 
 0.003600 0.000024 0.003600 0.002551 
 0.003630 0.000018 0.003630 0.002608 
 0.003660 0.000020 0.003660 0.002592 
 0.003690 0.000023 0.003690 0.002591 
 0.003720 0.000024 0.003720 0.002575 
 0.003750 0.000023 0.003750 0.002656 
 0.003780 0.000029 0.003780 0.002622 
 0.003810 0.000034 0.003810 0.002666 
 0.003840 0.000026 0.003840 0.002655 
 0.003870 0.000017 0.003870 0.002729 
 0.003900 0.000025 0.003900 0.002701 
 0.003930 0.000031 0.003930 0.002773 
 0.003960 0.000032 0.003960 0.002772 
 0.003990 0.000031 0.003990 0.002747 
 0.004020 0.000023 0.004020 0.002848 
 0.004050 0.000036 0.004050 0.002786 
 0.004080 0.000031 0.004080 0.002875 
 0.004110 0.000028 0.004110 0.002845 
 0.004140 0.000027 0.004140 0.002872 
 0.004170 0.000024 0.004170 0.002804 
 0.004200 0.000021 0.004200 0.002833 
 0.004230 0.000029 0.004230 0.002848 
 0.004260 0.000021 0.004260 0.002806 
 0.004290 0.000035 0.004290 0.002815 
 0.004320 0.000039 0.004320 0.002739 
 0.004350 0.000033 0.004350 0.002714 
 0.004380 0.000027 0.004380 0.002663 
 0.004410 0.000028 0.004410 0.002629 
 0.004440 0.000024 0.004440 0.002574 
 0.004470 0.000039 0.004470 0.002540 
 0.004500 0.000036 0.004500 0.002477 
 0.004530 0.000030 0.004530 0.002418 
 0.004560 0.000038 0.004560 0.002348 
 0.004590 0.000035 0.004590 0.002251 
 0.004620 0.000035 0.004620 0.002201 
 0.004650 0.000033 0.004650 0.002117 
 0.004680 0.000047 0.004680 0.002006 
 0.004710 0.000046 0.004710 0.001973 
 0.004740 0.000049 0.004740 0.001829 
 0.004770 0.000035 0.004770 0.001783 
 0.004800 0.000051 0.004800 0.001697 
 0.004830 0.000045 0.004830 0.001604 
 0.004860 0.000046 0.004860 0.001508 
 0.004890 0.000056 0.004890 0.001468 
 0.004920 0.000047 0.004920 0.001351 
 0.004950 0.000053 0.004950 0.001315 
 0.004980 0.000045 0.004980 0.001202 
 0.005010 0.000049 0.005010 0.001183 
 0.005040 0.000054 0.005040 0.001086 
 0.005070 0.000048 0.005070 0.001078 
 0.005100 0.000059 0.005100 0.000985 
 0.005130 0.000054 0.005130 0.000935 
 0.005160 0.000062 0.005160 0.000860 
 0.005190 0.000046 0.005190 0.000870 
 0.005220 0.000062 0.005220 0.000806 
 0.005250 0.000051 0.005250 0.000743 
 0.005280 0.000060 0.005280 0.000728 
 0.005310 0.000065 0.005310 0.000682 
 0.005340 0.000054 0.005340 0.000722 
 0.005370 0.000075 0.005370 0.000638 
 0.005400 0.000069 0.005400 0.000607 
 0.005430 0.000067 0.005430 0.000604 
 0.005460 0.000071 0.005460 0.000584 
 0.005490 0.000064 0.005490 0.000584 
 0.005520 0.000075 0.005520 0.000520 
 0.005550 0.000065 0.005550 0.000520 
 0.005580 0.000055 0.005580 0.000509 
 0.005610 0.000059 0.005610 0.000457 
 0.005640 0.000069 0.005640 0.000511 
 0.005670 0.000069 0.005670 0.000482 
 0.005700 0.000085 0.005700 0.000439 
 0.005730 0.000084 0.005730 0.000469 
 0.005760 0.000075 0.005760 0.000412 
 0.005790 0.000068 0.005790 0.000434 
 0.005820 0.000060 0.005820 0.000406 
 0.005850 0.000067 0.005850 0.000422 
 0.005880 0.000079 0.005880 0.000399 
 0.005910 0.000085 0.005910 0.000398 
 0.005940 0.000081 0.005940 0.000390 
 0.005970 0.000065 0.005970 0.000379 
 0.006000 0.000057 0.006000 0.000375 
 0.006030 0.000075 0.006030 0.000375 
 0.006060 0.000084 0.006060 0.000364 
 0.006090 0.000074 0.006090 0.000376 
 0.006120 0.000076 0.006120 0.000341 
 0.006150 0.000062 0.006150 0.000366 
 0.006180 0.000096 0.006180 0.000346 
 0.006210 0.000088 0.006210 0.000360 
 0.006240 0.000067 0.006240 0.000360 
 0.006270 0.000069 0.006270 0.000331 
 0.006300 0.000083 0.006300 0.000326 
 0.006330 0.000071 0.006330 0.000368 
 0.006360 0.000078 0.006360 0.000343 
 0.006390 0.000078 0.006390 0.000324 
 0.006420 0.000075 0.006420 0.000344 
 0.006450 0.000059 0.006450 0.000337 
 0.006480 0.000069 0.006480 0.000347 
 0.006510 0.000068 0.006510 0.000335 
 0.006540 0.000057 0.006540 0.000336 
 0.006570 0.000071 0.006570 0.000357 
 0.006600 0.000077 0.006600 0.000330 
 0.006630 0.000081 0.006630 0.000358 
 0.006660 0.000065 0.006660 0.000344 
 0.006690 0.000080 0.006690 0.000360 
 0.006720 0.000074 0.006720 0.000381 
 0.006750 0.000063 0.006750 0.000395 
 0.006780 0.000062 0.006780 0.000351 
 0.006810 0.000068 0.006810 0.000368 
 0.006840 0.000059 0.006840 0.000394 
 0.006870 0.000080 0.006870 0.000441 
 0.006900 0.000075 0.006900 0.000404 
 0.006930 0.000065 0.006930 0.000436 
 0.006960 0.000062 0.006960 0.000445 
 0.006990 0.000083 0.006990 0.000447 
 0.007020 0.000066 0.007020 0.000498 
 0.007050 0.000074 0.007050 0.000470 
 0.007080 0.000072 0.007080 0.000485 
 0.007110 0.000070 0.007110 0.000516 
 0.007140 0.000058 0.007140 0.000525 
 0.007170 0.000070 0.007170 0.000563 
 0.007200 0.000066 0.007200 0.000558 
 0.007230 0.000065 0.007230 0.000598 
 0.007260 0.000071 0.007260 0.000546 
 0.007290 0.000061 0.007290 0.000662 
 0.007320 0.000082 0.007320 0.000598 
 0.007350 0.000064 0.007350 0.000643 
 0.007380 0.000058 0.007380 0.000657 
 0.007410 0.000070 0.007410 0.000631 
 0.007440 0.000079 0.007440 0.000700 
 0.007470 0.000071 0.007470 0.000676 
 0.007500 0.000065 0.007500 0.000693 
 0.007530 0.000063 0.007530 0.000737 
 0.007560 0.000072 0.007560 0.000725 
 0.007590 0.000065 0.007590 0.000720 
 0.007620 0.000072 0.007620 0.000747 
 0.007650 0.000075 0.007650 0.000744 
 0.007680 0.000068 0.007680 0.000786 
 0.007710 0.000066 0.007710 0.000774 
 0.007740 0.000078 0.007740 0.000779 
 0.007770 0.000066 0.007770 0.000744 
 0.007800 0.000069 0.007800 0.000786 
 0.007830 0.000071 0.007830 0.000789 
 0.007860 0.000073 0.007860 0.000786 
 0.007890 0.000065 0.007890 0.000804 
 0.007920 0.000063 0.007920 0.000775 
 0.007950 0.000077 0.007950 0.000799 
 0.007980 0.000082 0.007980 0.000797 
 0.008010 0.000083 0.008010 0.000790 
 0.008040 0.000065 0.008040 0.000787 
 0.008070 0.000070 0.008070 0.000771 
 0.008100 0.000076 0.008100 0.000813 
 0.008130 0.000064 0.008130 0.000745 
 0.008160 0.000072 0.008160 0.000785 
 0.008190 0.000064 0.008190 0.000769 
 0.008220 0.000057 0.008220 0.000740 
 0.008250 0.000085 0.008250 0.000769 
 0.008280 0.000063 0.008280 0.000739 
 0.008310 0.000085 0.008310 0.000747 
 0.008340 0.000071 0.008340 0.000720 
 0.008370 0.000066 0.008370 0.000694 
 0.008400 0.000077 0.008400 0.000734 
 0.008430 0.000084 0.008430 0.000689 
 0.008460 0.000076 0.008460 0.000656 
 0.008490 0.000094 0.008490 0.000688 
 0.008520 0.000080 0.008520 0.000686 
 0.008550 0.000077 0.008550 0.000653 
 0.008580 0.000082 0.008580 0.000660 
 0.008610 0.000081 0.008610 0.000666 
 0.008640 0.000069 0.008640 0.000628 
 0.008670 0.000079 0.008670 0.000619 
 0.008700 0.000078 0.008700 0.000611 
 0.008730 0.000086 0.008730 0.000616 
 0.008760 0.000078 0.008760 0.000598 
 0.008790 0.000068 0.008790 0.000600 
 0.008820 0.000096 0.008820 0.000602 
 0.008850 0.000084 0.008850 0.000563 
 0.008880 0.000081 0.008880 0.000572 
 0.008910 0.000100 0.008910 0.000574 
 0.008940 0.000085 0.008940 0.000562 
 0.008970 0.000070 0.008970 0.000557 
 0.009000 0.000090 0.009000 0.000590 
 0.009030 0.000060 0.009030 0.000514 
 0.009060 0.000072 0.009060 0.000546 
 0.009090 0.000073 0.009090 0.000548 
 0.009120 0.000076 0.009120 0.000524 
 0.009150 0.000064 0.009150 0.000557 
 0.009180 0.000078 0.009180 0.000544 
 0.009210 0.000069 0.009210 0.000519 
 0.009240 0.000071 0.009240 0.000523 
 0.009270 0.000074 0.009270 0.000514 
 0.009300 0.000048 0.009300 0.000551 
 0.009330 0.000070 0.009330 0.000520 
 0.009360 0.000075 0.009360 0.000519 
 0.009390 0.000073 0.009390 0.000537 
 0.009420 0.000068 0.009420 0.000528 
 0.009450 0.000071 0.009450 0.000511 
 0.009480 0.000064 0.009480 0.000532 
 0.009510 0.000066 0.009510 0.000541 
 0.009540 0.000074 0.009540 0.000524 
 0.009570 0.000075 0.009570 0.000581 
 0.009600 0.000063 0.009600 0.000519 
 0.009630 0.000066 0.009630 0.000604 
 0.009660 0.000060 0.009660 0.000571 
 0.009690 0.000065 0.009690 0.000572 
 0.009720 0.000070 0.009720 0.000611 
 0.009750 0.000075 0.009750 0.000597 
 0.009780 0.000070 0.009780 0.000634 
 0.009810 0.000055 0.009810 0.000652 
 0.009840 0.000086 0.009840 0.000656 
 0.009870 0.000070 0.009870 0.000644 
 0.009900 0.000077 0.009900 0.000740 
 0.009930 0.000055 0.009930 0.000743 
 0.009960 0.000083 0.009960 0.000755 
 0.009990 0.000077 0.009990 0.000847 
 0.010020 0.000083 0.010020 0.000822 
 0.010050 0.000084 0.010050 0.000901 
 0.010080 0.000079 0.010080 0.000946 
 0.010110 0.000091 0.010110 0.000971 
 0.010140 0.000069 0.010140 0.000996 
 0.010170 0.000089 0.010170 0.001080 
 0.010200 0.000088 0.010200 0.001085 
 0.010230 0.000093 0.010230 0.001197 
 0.010260 0.000107 0.010260 0.001243 
 0.010290 0.000102 0.010290 0.001247 
 0.010320 0.000134 0.010320 0.001324 
 0.010350 0.000119 0.010350 0.001402 
 0.010380 0.000095 0.010380 0.001505 
 0.010410 0.000122 0.010410 0.001543 
 0.010440 0.000125 0.010440 0.001617 
 0.010470 0.000123 0.010470 0.001695 
 0.010500 0.000120 0.010500 0.001806 
 0.010530 0.000131 0.010530 0.001857 
 0.010560 0.000115 0.010560 0.001927 
 0.010590 0.000138 0.010590 0.001962 
 0.010620 0.000123 0.010620 0.002046 
 0.010650 0.000138 0.010650 0.002195 
 0.010680 0.000112 0.010680 0.002211 
 0.010710 0.000129 0.010710 0.002295 
 0.010740 0.000122 0.010740 0.002327 
 0.010770 0.000100 0.010770 0.002397 
 0.010800 0.000114 0.010800 0.002393 
 0.010830 0.000100 0.010830 0.002530 
 0.010860 0.000117 0.010860 0.002504 
 0.010890 0.000113 0.010890 0.002495 
 0.010920 0.000104 0.010920 0.002549 
 0.010950 0.000097 0.010950 0.002498 
 0.010980 0.000090 0.010980 0.002519 
 0.011010 0.000088 0.011010 0.002473 
 0.011040 0.000097 0.011040 0.002462 
 0.011070 0.000091 0.011070 0.002473 
 0.011100 0.000085 0.011100 0.002382 
 0.011130 0.000081 0.011130 0.002340 
 0.011160 0.000070 0.011160 0.002336 
 0.011190 0.000067 0.011190 0.002215 
 0.011220 0.000054 0.011220 0.002221 
 0.011250 0.000060 0.011250 0.002158 
 0.011280 0.000050 0.011280 0.002147 
 0.011310 0.000056 0.011310 0.002067 
 0.011340 0.000043 0.011340 0.001999 
 0.011370 0.000051 0.011370 0.001929 
 0.011400 0.000055 0.011400 0.001905 
 0.011430 0.000051 0.011430 0.001824 
 0.011460 0.000049 0.011460 0.001802 
 0.011490 0.000041 0.011490 0.001775 
 0.011520 0.000046 0.011520 0.001662 
 0.011550 0.000037 0.011550 0.001697 
 0.011580 0.000036 0.011580 0.001641 
 0.011610 0.000037 0.011610 0.001507 
 0.011640 0.000043 0.011640 0.001570 
 0.011670 0.000031 0.011670 0.001474 
 0.011700 0.000029 0.011700 0.001465 
 0.011730 0.000020 0.011730 0.001410 
 0.011760 0.000023 0.011760 0.001354 
 0.011790 0.000029 0.011790 0.001366 
 0.011820 0.000032 0.011820 0.001345 
 0.011850 0.000030 0.011850 0.001277 
 0.011880 0.000020 0.011880 0.001290 
 0.011910 0.000024 0.011910 0.001234 
 0.011940 0.000023 0.011940 0.001252 
 0.011970 0.000017 0.011970 0.001252 
 0.012000 0.000021 0.012000 0.001218 
 0.012030 0.000021 0.012030 0.001205 
 0.012060 0.000025 0.012060 0.001170 
 0.012090 0.000016 0.012090 0.001171 
 0.012120 0.000018 0.012120 0.001172 
 0.012150 0.000020 0.012150 0.001161 
 0.012180 0.000016 0.012180 0.001135 
 0.012210 0.000019 0.012210 0.001144 
 0.012240 0.000010 0.012240 0.001094 
 0.012270 0.000014 0.012270 0.001100 
 0.012300 0.000010 0.012300 0.001142 
 0.012330 0.000017 0.012330 0.001110 
 0.012360 0.000017 0.012360 0.001075 
 0.012390 0.000015 0.012390 0.001093 
 0.012420 0.000011 0.012420 0.001106 
 0.012450 0.000012 0.012450 0.001080 
 0.012480 0.000012 0.012480 0.001114 
 0.012510 0.000015 0.012510 0.001109 
 0.012540 0.000012 0.012540 0.001124 
 0.012570 0.000008 0.012570 0.001162 
 0.012600 0.000015 0.012600 0.001137 
 0.012630 0.000014 0.012630 0.001158 
 0.012660 0.000016 0.012660 0.001216 
 0.012690 0.000006 0.012690 0.001153 
 0.012720 0.000015 0.012720 0.001225 
 0.012750 0.000009 0.012750 0.001262 
 0.012780 0.000010 0.012780 0.001262 
 0.012810 0.000011 0.012810 0.001327 
 0.012840 0.000010 0.012840 0.001356 
 0.012870 0.000011 0.012870 0.001409 
 0.012900 0.000011 0.012900 0.001443 
 0.012930 0.000012 0.012930 0.001493 
 0.012960 0.000004 0.012960 0.001485 
 0.012990 0.000005 0.012990 0.001590 
 0.013020 0.000013 0.013020 0.001677 
 0.013050 0.000017 0.013050 0.001736 
 0.013080 0.000010 0.013080 0.001843 
 0.013110 0.000007 0.013110 0.001878 
 0.013140 0.000006 0.013140 0.001988 
 0.013170 0.000007 0.013170 0.002070 
 0.013200 0.000007 0.013200 0.002251 
 0.013230 0.000009 0.013230 0.002322 
 0.013260 0.000011 0.013260 0.002497 
 0.013290 0.000013 0.013290 0.002549 
 0.013320 0.000005 0.013320 0.002749 
 0.013350 0.000007 0.013350 0.002880 
 0.013380 0.000008 0.013380 0.003011 
 0.013410 0.000009 0.013410 0.003229 
 0.013440 0.000009 0.013440 0.003411 
 0.013470 0.000007 0.013470 0.003634 
 0.013500 0.000004 0.013500 0.003846 
 0.013530 0.000003 0.013530 0.004036 
 0.013560 0.000002 0.013560 0.004310 
 0.013590 0.000003 0.013590 0.004512 
 0.013620 0.000010 0.013620 0.004774 
 0.013650 0.000004 0.013650 0.004941 
 0.013680 0.000002 0.013680 0.005075 
 0.013710 0.000005 0.013710 0.005328 
 0.013740 0.000002 0.013740 0.005383 
 0.013770 0.000001 0.013770 0.005451 
 0.013800 0.000002 0.013800 0.005438 
 0.013830 0.000007 0.013830 0.005612 
 0.013860 0.000005 0.013860 0.005525 
 0.013890 0.000004 0.013890 0.005537 
 0.013920 0.000007 0.013920 0.005483 
 0.013950 0.000004 0.013950 0.005439 
 0.013980 0.000004 0.013980 0.005385 
 0.014010 0.000002 0.014010 0.005268 
 0.014040 0.000006 0.014040 0.005291 
 0.014070 0.000004 0.014070 0.005090 
 0.014100 0.000002 0.014100 0.005177 
 0.014130 0.000004 0.014130 0.005068 
 0.014160 0.000003 0.014160 0.004894 
 0.014190 0.000002 0.014190 0.004727 
 0.014220 0.000005 0.014220 0.004629 
 0.014250 0.000004 0.014250 0.004419 
 0.014280 0.000006 0.014280 0.004263 
 0.014310 0.000003 0.014310 0.004014 
 0.014340 0.000003 0.014340 0.003705 
 0.014370 0.000006 0.014370 0.003463 
 0.014400 0.000008 0.014400 0.003210 
 0.014430 0.000006 0.014430 0.003072 
 0.014460 0.000012 0.014460 0.002838 
 0.014490 0.000006 0.014490 0.002590 
 0.014520 0.000009 0.014520 0.002501 
 0.014550 0.000006 0.014550 0.002379 
 0.014580 0.000009 0.014580 0.002173 
 0.014610 0.000010 0.014610 0.002102 
 0.014640 0.000011 0.014640 0.001982 
 0.014670 0.000011 0.014670 0.002007 
 0.014700 0.000018 0.014700 0.001968 
 0.014730 0.000011 0.014730 0.001866 
 0.014760 0.000018 0.014760 0.001852 
 0.014790 0.000022 0.014790 0.001865 
 0.014820 0.000018 0.014820 0.001919 
 0.014850 0.000021 0.014850 0.001982 
 0.014880 0.000035 0.014880 0.002126 
 0.014910 0.000035 0.014910 0.002110 
 0.014940 0.000051 0.014940 0.002280 
 0.014970 0.000038 0.014970 0.002413 
 0.015000 0.000063 0.015000 0.002522 
 0.015030 0.000081 0.015030 0.002686 
 0.015060 0.000100 0.015060 0.002833 
 0.015090 0.000114 0.015090 0.002918 
 0.015120 0.000183 0.015120 0.003082 
 0.015150 0.000214 0.015150 0.003263 
 0.015180 0.000283 0.015180 0.003426 
 0.015210 0.000352 0.015210 0.003550 
 0.015240 0.000439 0.015240 0.003677 
 0.015270 0.000580 0.015270 0.003732 
 0.015300 0.000743 0.015300 0.003853 
 0.015330 0.000986 0.015330 0.003951 
 0.015360 0.001206 0.015360 0.004057 
 0.015390 0.001485 0.015390 0.004167 
 0.015420 0.001746 0.015420 0.004356 
 0.015450 0.002184 0.015450 0.004564 
 0.015480 0.002540 0.015480 0.004754 
 0.015510 0.003032 0.015510 0.004814 
 0.015540 0.003548 0.015540 0.004857 
 0.015570 0.004115 0.015570 0.004871 
 0.015600 0.004654 0.015600 0.004890 
 0.015630 0.005284 0.015630 0.004658 
 0.015660 0.006093 0.015660 0.004627 
 0.015690 0.006725 0.015690 0.004410 
 0.015720 0.007846 0.015720 0.004393 
 0.015750 0.008718 0.015750 0.004138 
 0.015780 0.009783 0.015780 0.004072 
 0.015810 0.010914 0.015810 0.003892 
 0.015840 0.012106 0.015840 0.003853 
 0.015870 0.013473 0.015870 0.003702 
 0.015900 0.014774 0.015900 0.003655 
 0.015930 0.016271 0.015930 0.003541 
 0.015960 0.017538 0.015960 0.003471 
 0.015990 0.019287 0.015990 0.003362 
 0.016020 0.020663 0.016020 0.003362 
 0.016050 0.022126 0.016050 0.003331 
 0.016080 0.023633 0.016080 0.003376 
 0.016110 0.024719 0.016110 0.003308 
 0.016140 0.026205 0.016140 0.003278 
 0.016170 0.027317 0.016170 0.003310 
 0.016200 0.028241 0.016200 0.003299 
 0.016230 0.028623 0.016230 0.003386 
 0.016260 0.028930 0.016260 0.003427 
 0.016290 0.028904 0.016290 0.003526 
 0.016320 0.028391 0.016320 0.003510 
 0.016350 0.027709 0.016350 0.003616 
 0.016380 0.027124 0.016380 0.003727 
 0.016410 0.026467 0.016410 0.003667 
 0.016440 0.025926 0.016440 0.003695 
 0.016470 0.025302 0.016470 0.003729 
 0.016500 0.024536 0.016500 0.003620 
 0.016530 0.023974 0.016530 0.003485 
 0.016560 0.023394 0.016560 0.003395 
 0.016590 0.022235 0.016590 0.003295 
 0.016620 0.021275 0.016620 0.003169 
 0.016650 0.020090 0.016650 0.003124 
 0.016680 0.018949 0.016680 0.003112 
 0.016710 0.017844 0.016710 0.003047 
 0.016740 0.016616 0.016740 0.002997 
 0.016770 0.015824 0.016770 0.002767 
 0.016800 0.014685 0.016800 0.002666 
 0.016830 0.013708 0.016830 0.002325 
 0.016860 0.012697 0.016860 0.002052 
 0.016890 0.011776 0.016890 0.001734 
 0.016920 0.010929 0.016920 0.001483 
 0.016950 0.009879 0.016950 0.001177 
 0.016980 0.009314 0.016980 0.000935 
 0.017010 0.008523 0.017010 0.000733 
 0.017040 0.007932 0.017040 0.000610 
 0.017070 0.007328 0.017070 0.000464 
 0.017100 0.007045 0.017100 0.000347 
 0.017130 0.006558 0.017130 0.000299 
 0.017160 0.006337 0.017160 0.000222 
 0.017190 0.005926 0.017190 0.000180 
 0.017220 0.005581 0.017220 0.000133 
 0.017250 0.005116 0.017250 0.000108 
 0.017280 0.004693 0.017280 0.000092 
 0.017310 0.004244 0.017310 0.000057 
 0.017340 0.003813 0.017340 0.000045 
 0.017370 0.003240 0.017370 0.000047 
 0.017400 0.002833 0.017400 0.000032 
 0.017430 0.002400 0.017430 0.000021 
 0.017460 0.002122 0.017460 0.000015 
 0.017490 0.001693 0.017490 0.000011 
 0.017520 0.001414 0.017520 0.000013 
 0.017550 0.001240 0.017550 0.000010 
 0.017580 0.001064 0.017580 0.000006 
 0.017610 0.000845 0.017610 0.000005 
 0.017640 0.000727 0.017640 0.000003 
 0.017670 0.000612 0.017670 0.000001 
 0.017700 0.000528 0.017700 0.000001 
 0.017730 0.000431 0.017730 0.000001 
 0.017760 0.000359 0.017760 0.000000 
 0.017790 0.000333 0.017790 0.000001 
 0.017820 0.000282 0.017820 0.000000 
 0.017850 0.000239 0.017850 0.000000 
 0.017880 0.000202 0.017880 0.000000 
 0.017910 0.000173 0.017910 0.000000 
 0.017940 0.000155 0.017940 0.000000 
 0.017970 0.000128 0.017970 0.000001 
 0.018000 0.000098 0.018000 0.000000 
 0.018030 0.000083 0.018030 0.000000 
 0.018060 0.000068 0.018060 0.000000 
 0.018090 0.000060 0.018090 0.000000 
 0.018120 0.000060 0.018120 0.000000 
 0.018150 0.000044 0.018150 0.000000 
 0.018180 0.000046 0.018180 0.000000 
 0.018210 0.000030 0.018210 0.000000 
 0.018240 0.000023 0.018240 0.000000 
 0.018270 0.000019 0.018270 0.000000 
 0.018300 0.000023 0.018300 0.000000 
 0.018330 0.000015 0.018330 0.000000 
 0.018360 0.000008 0.018360 0.000001 
 0.018390 0.000006 0.018390 0.000000 
 0.018420 0.000003 0.018420 0.000001 
 0.018450 0.000005 0.018450 0.000000 
 0.018480 0.000002 0.018480 0.000000 
 0.018510 0.000001 0.018510 0.000000 
 0.018540 0.000002 0.018540 0.000000 
 0.018570 0.000003 0.018570 0.000000 
 0.018600 0.000001 0.018600 0.000000 
 0.018630 0.000002 0.018630 0.000000 
 0.018660 0.000002 0.018660 0.000000 
 0.018690 0.000001 0.018690 0.000000 
 0.018720 0.000000 0.018720 0.000000 
 0.018750 0.000001 0.018750 0.000000 
 0.018780 0.000001 0.018780 0.000000 
 0.018810 0.000001 0.018810 0.000000 
 0.018840 0.000000 0.018840 0.000000 
 0.018870 0.000000 0.018870 0.000000 
 0.018900 0.000000 0.018900 0.000000 
 0.018930 0.000000 0.018930 0.000000 
 0.018960 0.000000 0.018960 0.000000 
 0.018990 0.000000 0.018990 0.000000 
 0.019020 0.000000 0.019020 0.000000 
 0.019050 0.000000 0.019050 0.000000 
 0.019080 0.000000 0.019080 0.000000 
 0.019110 0.000000 0.019110 0.000000 
 0.019140 0.000001 0.019140 0.000000 
 0.019170 0.000001 0.019170 0.000000 
 0.019200 0.000000 0.019200 0.000000 
 0.019230 0.000000 0.019230 0.000000 
 0.019260 0.000000 0.019260 0.000000 
 0.019290 0.000000 0.019290 0.000000 
 0.019320 0.000000 0.019320 0.000000 
 0.019350 0.000000 0.019350 0.000000 
 0.019380 0.000000 0.019380 0.000000 
 0.019410 0.000000 0.019410 0.000000 
 0.019440 0.000000 0.019440 0.000000 
 0.019470 0.000000 0.019470 0.000000 
 0.019500 0.000000 0.019500 0.000000 
 0.019530 0.000000 0.019530 0.000000 
 0.019560 0.000000 0.019560 0.000000 
 0.019590 0.000000 0.019590 0.000000 
 0.019620 0.000000 0.019620 0.000000 
 0.019650 0.000000 0.019650 0.000000 
 0.019680 0.000000 0.019680 0.000000 
 0.019710 0.000000 0.019710 0.000000 
 0.019740 0.000000 0.019740 0.000000 
 0.019770 0.000000 0.019770 0.000000 
 0.019800 0.000000 0.019800 0.000000 
 0.019830 0.000000 0.019830 0.000000 
 0.019860 0.000000 0.019860 0.000000 
 0.019890 0.000000 0.019890 0.000000 
 0.019920 0.000000 0.019920 0.000000 
 0.019950 0.000000 0.019950 0.000000 
 0.019980 0.000000 0.019980 0.000000 
 0.020010 0.000000 0.020010 0.000000 
 0.020040 0.000000 0.020040 0.000000 
 0.020070 0.000000 0.020070 0.000000 
 0.020100 0.000000 0.020100 0.000000 
 0.020130 0.000001 0.020130 0.000000 
 0.020160 0.000000 0.020160 0.000000 
 0.020190 0.000000 0.020190 0.000000 
 0.020220 0.000000 0.020220 0.000000 
 0.020250 0.000000 0.020250 0.000000 
 0.020280 0.000000 0.020280 0.000000 
 0.020310 0.000000 0.020310 0.000000 
 0.020340 0.000000 0.020340 0.000000 
 0.020370 0.000000 0.020370 0.000000 
 0.020400 0.000000 0.020400 0.000000 
 0.020430 0.000000 0.020430 0.000000 
 0.020460 0.000000 0.020460 0.000000 
 0.020490 0.000000 0.020490 0.000000 
 0.020520 0.000000 0.020520 0.000000 
 0.020550 0.000001 0.020550 0.000000 
 0.020580 0.000001 0.020580 0.000000 
 0.020610 0.000000 0.020610 0.000000 
 0.020640 0.000000 0.020640 0.000000 
 0.020670 0.000000 0.020670 0.000000 
 0.020700 0.000000 0.020700 0.000000 
 0.020730 0.000000 0.020730 0.000000 
 0.020760 0.000000 0.020760 0.000000 
 0.020790 0.000001 0.020790 0.000000 
 0.020820 0.000000 0.020820 0.000000 
 0.020850 0.000000 0.020850 0.000000 
 0.020880 0.000000 0.020880 0.000000 
 0.020910 0.000000 0.020910 0.000000 
 0.020940 0.000000 0.020940 0.000001 
 0.020970 0.000000 0.020970 0.000000 
 0.021000 0.000000 0.021000 0.000000 
 0.021030 0.000000 0.021030 0.000001 
 0.021060 0.000000 0.021060 0.000000 
 0.021090 0.000000 0.021090 0.000000 
 0.021120 0.000000 0.021120 0.000000 
 0.021150 0.000000 0.021150 0.000000 
 0.021180 0.000000 0.021180 0.000000 
 0.021210 0.000000 0.021210 0.000000 
 0.021240 0.000000 0.021240 0.000000 
 0.021270 0.000000 0.021270 0.000000 
 0.021300 0.000000 0.021300 0.000000 
 0.021330 0.000000 0.021330 0.000000 
 0.021360 0.000000 0.021360 0.000000 
 0.021390 0.000000 0.021390 0.000000 
 0.021420 0.000000 0.021420 0.000000 
 0.021450 0.000000 0.021450 0.000000 
 0.021480 0.000000 0.021480 0.000000 
 0.021510 0.000000 0.021510 0.000000 
 0.021540 0.000000 0.021540 0.000000 
 0.021570 0.000000 0.021570 0.000000 
 0.021600 0.000000 0.021600 0.000000 
 0.021630 0.000000 0.021630 0.000000 
 0.021660 0.000000 0.021660 0.000000 
 0.021690 0.000000 0.021690 0.000000 
 0.021720 0.000000 0.021720 0.000000 
 0.021750 0.000001 0.021750 0.000000 
 0.021780 0.000000 0.021780 0.000000 
 0.021810 0.000000 0.021810 0.000000 
 0.021840 0.000000 0.021840 0.000000 
 0.021870 0.000000 0.021870 0.000000 
 0.021900 0.000000 0.021900 0.000000 
 0.021930 0.000000 0.021930 0.000000 
 0.021960 0.000000 0.021960 0.000000 
 0.021990 0.000000 0.021990 0.000000 
 0.022020 0.000000 0.022020 0.000000 
 0.022050 0.000000 0.022050 0.000000 
 0.022080 0.000000 0.022080 0.000000 
 0.022110 0.000000 0.022110 0.000000 
 0.022140 0.000000 0.022140 0.000000 
 0.022170 0.000000 0.022170 0.000000 
 0.022200 0.000001 0.022200 0.000000 
 0.022230 0.000000 0.022230 0.000000 
 0.022260 0.000000 0.022260 0.000001 
 0.022290 0.000000 0.022290 0.000000 
 0.022320 0.000000 0.022320 0.000000 
 0.022350 0.000000 0.022350 0.000000 
 0.022380 0.000000 0.022380 0.000000 
 0.022410 0.000000 0.022410 0.000000 
 0.022440 0.000000 0.022440 0.000000 
 0.022470 0.000000 0.022470 0.000000 
 0.022500 0.000001 0.022500 0.000000 
 0.022530 0.000000 0.022530 0.000000 
 0.022560 0.000000 0.022560 0.000000 
 0.022590 0.000000 0.022590 0.000000 
 0.022620 0.000000 0.022620 0.000000 
 0.022650 0.000000 0.022650 0.000000 
 0.022680 0.000000 0.022680 0.000000 
 0.022710 0.000000 0.022710 0.000000 
 0.022740 0.000000 0.022740 0.000000 
 0.022770 0.000000 0.022770 0.000000 
 0.022800 0.000000 0.022800 0.000000 
 0.022830 0.000000 0.022830 0.000000 
 0.022860 0.000000 0.022860 0.000001 
 0.022890 0.000000 0.022890 0.000000 
 0.022920 0.000000 0.022920 0.000000 
 0.022950 0.000000 0.022950 0.000000 
 0.022980 0.000000 0.022980 0.000000 
 0.023010 0.000000 0.023010 0.000000 
 0.023040 0.000000 0.023040 0.000000 
 0.023070 0.000000 0.023070 0.000000 
 0.023100 0.000000 0.023100 0.000000 
 0.023130 0.000001 0.023130 0.000000 
 0.023160 0.000000 0.023160 0.000000 
 0.023190 0.000000 0.023190 0.000000 
 0.023220 0.000000 0.023220 0.000000 
 0.023250 0.000001 0.023250 0.000000 
 0.023280 0.000000 0.023280 0.000000 
 0.023310 0.000000 0.023310 0.000000 
 0.023340 0.000000 0.023340 0.000000 
 0.023370 0.000000 0.023370 0.000000 
 0.023400 0.000000 0.023400 0.000000 
 0.023430 0.000000 0.023430 0.000000 
 0.023460 0.000000 0.023460 0.000000 
 0.023490 0.000000 0.023490 0.000000 
 0.023520 0.000000 0.023520 0.000000 
 0.023550 0.000000 0.023550 0.000000 
 0.023580 0.000000 0.023580 0.000000 
 0.023610 0.000000 0.023610 0.000000 
 0.023640 0.000000 0.023640 0.000000 
 0.023670 0.000000 0.023670 0.000000 
 0.023700 0.000000 0.023700 0.000000 
 0.023730 0.000000 0.023730 0.000000 
 0.023760 0.000000 0.023760 0.000000 
 0.023790 0.000000 0.023790 0.000000 
 0.023820 0.000000 0.023820 0.000000 
 0.023850 0.000000 0.023850 0.000000 
 0.023880 0.000000 0.023880 0.000000 
 0.023910 0.000000 0.023910 0.000000 
 0.023940 0.000000 0.023940 0.000000 
 0.023970 0.000000 0.023970 0.000000 
 0.024000 0.000000 0.024000 0.000000 
 0.024030 0.000000 0.024030 0.000000 
 0.024060 0.000000 0.024060 0.000000 
 0.024090 0.000000 0.024090 0.000000 
 0.024120 0.000000 0.024120 0.000000 
 0.024150 0.000000 0.024150 0.000000 
 0.024180 0.000000 0.024180 0.000000 
 0.024210 0.000000 0.024210 0.000000 
 0.024240 0.000000 0.024240 0.000000 
 0.024270 0.000000 0.024270 0.000000 
 0.024300 0.000000 0.024300 0.000000 
 0.024330 0.000000 0.024330 0.000000 
 0.024360 0.000000 0.024360 0.000000 
 0.024390 0.000000 0.024390 0.000000 
 0.024420 0.000000 0.024420 0.000000 
 0.024450 0.000000 0.024450 0.000000 
 0.024480 0.000000 0.024480 0.000000 
 0.024510 0.000000 0.024510 0.000000 
 0.024540 0.000000 0.024540 0.000000 
 0.024570 0.000000 0.024570 0.000000 
 0.024600 0.000000 0.024600 0.000000 
 0.024630 0.000000 0.024630 0.000000 
 0.024660 0.000000 0.024660 0.000000 
 0.024690 0.000000 0.024690 0.000000 
 0.024720 0.000000 0.024720 0.000000 
 0.024750 0.000000 0.024750 0.000000 
 0.024780 0.000000 0.024780 0.000000 
 0.024810 0.000000 0.024810 0.000000 
 0.024840 0.000000 0.024840 0.000000 
 0.024870 0.000000 0.024870 0.000000 
 0.024900 0.000000 0.024900 0.000000 
 0.024930 0.000000 0.024930 0.000000 
 0.024960 0.000000 0.024960 0.000000 
 0.024990 0.000000 0.024990 0.000000 
 0.025020 0.000000 0.025020 0.000000 
 0.025050 0.000000 0.025050 0.000000 
 0.025080 0.000000 0.025080 0.000000 
 0.025110 0.000000 0.025110 0.000000 
 0.025140 0.000000 0.025140 0.000000 
 0.025170 0.000000 0.025170 0.000000 
 0.025200 0.000000 0.025200 0.000000 
 0.025230 0.000000 0.025230 0.000000 
 0.025260 0.000000 0.025260 0.000000 
 0.025290 0.000000 0.025290 0.000000 
 0.025320 0.000000 0.025320 0.000000 
 0.025350 0.000000 0.025350 0.000000 
 0.025380 0.000000 0.025380 0.000000 
 0.025410 0.000000 0.025410 0.000000 
 0.025440 0.000000 0.025440 0.000000 
 0.025470 0.000000 0.025470 0.000000 
 0.025500 0.000000 0.025500 0.000000 
 0.025530 0.000000 0.025530 0.000000 
 0.025560 0.000000 0.025560 0.000000 
 0.025590 0.000000 0.025590 0.000000 
 0.025620 0.000000 0.025620 0.000000 
 0.025650 0.000000 0.025650 0.000000 
 0.025680 0.000000 0.025680 0.000000 
 0.025710 0.000000 0.025710 0.000000 
 0.025740 0.000000 0.025740 0.000000 
 0.025770 0.000000 0.025770 0.000000 
 0.025800 0.000000 0.025800 0.000000 
 0.025830 0.000000 0.025830 0.000000 
 0.025860 0.000000 0.025860 0.000000 
 0.025890 0.000000 0.025890 0.000000 
 0.025920 0.000000 0.025920 0.000000 
 0.025950 0.000000 0.025950 0.000000 
 0.025980 0.000000 0.025980 0.000000 
 0.026010 0.000000 0.026010 0.000000 
 0.026040 0.000000 0.026040 0.000000 
 0.026070 0.000000 0.026070 0.000000 
 0.026100 0.000000 0.026100 0.000000 
 0.026130 0.000000 0.026130 0.000000 
 0.026160 0.000000 0.026160 0.000000 
 0.026190 0.000000 0.026190 0.000000 
 0.026220 0.000000 0.026220 0.000000 
 0.026250 0.000000 0.026250 0.000000 
 0.026280 0.000000 0.026280 0.000000 
 0.026310 0.000000 0.026310 0.000000 
 0.026340 0.000000 0.026340 0.000000 
 0.026370 0.000000 0.026370 0.000000 
 0.026400 0.000000 0.026400 0.000000 
 0.026430 0.000000 0.026430 0.000000 
 0.026460 0.000000 0.026460 0.000000 
 0.026490 0.000000 0.026490 0.000000 
 0.026520 0.000000 0.026520 0.000000 
 0.026550 0.000000 0.026550 0.000000 
 0.026580 0.000000 0.026580 0.000000 
 0.026610 0.000000 0.026610 0.000000 
 0.026640 0.000000 0.026640 0.000000 
 0.026670 0.000000 0.026670 0.000000 
 0.026700 0.000000 0.026700 0.000000 
 0.026730 0.000000 0.026730 0.000000 
 0.026760 0.000000 0.026760 0.000000 
 0.026790 0.000000 0.026790 0.000000 
 0.026820 0.000000 0.026820 0.000000 
 0.026850 0.000000 0.026850 0.000000 
 0.026880 0.000000 0.026880 0.000000 
 0.026910 0.000000 0.026910 0.000000 
 0.026940 0.000000 0.026940 0.000000 
 0.026970 0.000000 0.026970 0.000000 
 0.027000 0.000000 0.027000 0.000000 
 0.027030 0.000000 0.027030 0.000000 
 0.027060 0.000000 0.027060 0.000000 
 0.027090 0.000000 0.027090 0.000000 
 0.027120 0.000000 0.027120 0.000000 
 0.027150 0.000000 0.027150 0.000000 
 0.027180 0.000000 0.027180 0.000000 
 0.027210 0.000000 0.027210 0.000000 
 0.027240 0.000000 0.027240 0.000000 
 0.027270 0.000000 0.027270 0.000000 
 0.027300 0.000000 0.027300 0.000000 
 0.027330 0.000000 0.027330 0.000000 
 0.027360 0.000000 0.027360 0.000000 
 0.027390 0.000000 0.027390 0.000000 
 0.027420 0.000000 0.027420 0.000000 
 0.027450 0.000000 0.027450 0.000000 
 0.027480 0.000000 0.027480 0.000000 
 0.027510 0.000000 0.027510 0.000000 
 0.027540 0.000000 0.027540 0.000000 
 0.027570 0.000000 0.027570 0.000000 
 0.027600 0.000000 0.027600 0.000000 
 0.027630 0.000000 0.027630 0.000000 
 0.027660 0.000000 0.027660 0.000000 
 0.027690 0.000000 0.027690 0.000000 
 0.027720 0.000000 0.027720 0.000000 
 0.027750 0.000000 0.027750 0.000000 
 0.027780 0.000000 0.027780 0.000000 
 0.027810 0.000000 0.027810 0.000000 
 0.027840 0.000000 0.027840 0.000000 
 0.027870 0.000000 0.027870 0.000000 
 0.027900 0.000000 0.027900 0.000000 
 0.027930 0.000000 0.027930 0.000000 
 0.027960 0.000000 0.027960 0.000000 
 0.027990 0.000000 0.027990 0.000000 
 0.028020 0.000000 0.028020 0.000000 
 0.028050 0.000000 0.028050 0.000000 
 0.028080 0.000000 0.028080 0.000000 
 0.028110 0.000000 0.028110 0.000000 
 0.028140 0.000000 0.028140 0.000000 
 0.028170 0.000000 0.028170 0.000000 
 0.028200 0.000000 0.028200 0.000000 
 0.028230 0.000000 0.028230 0.000000 
 0.028260 0.000000 0.028260 0.000000 
 0.028290 0.000000 0.028290 0.000000 
 0.028320 0.000000 0.028320 0.000000 
 0.028350 0.000000 0.028350 0.000000 
 0.028380 0.000000 0.028380 0.000000 
 0.028410 0.000000 0.028410 0.000000 
 0.028440 0.000000 0.028440 0.000000 
 0.028470 0.000000 0.028470 0.000000 
 0.028500 0.000000 0.028500 0.000000 
 0.028530 0.000000 0.028530 0.000000 
 0.028560 0.000000 0.028560 0.000000 
 0.028590 0.000000 0.028590 0.000000 
 0.028620 0.000000 0.028620 0.000000 
 0.028650 0.000000 0.028650 0.000000 
 0.028680 0.000000 0.028680 0.000000 
 0.028710 0.000000 0.028710 0.000000 
 0.028740 0.000000 0.028740 0.000000 
 0.028770 0.000000 0.028770 0.000000 
 0.028800 0.000000 0.028800 0.000000 
 0.028830 0.000000 0.028830 0.000000 
 0.028860 0.000000 0.028860 0.000000 
 0.028890 0.000000 0.028890 0.000000 
 0.028920 0.000000 0.028920 0.000000 
 0.028950 0.000000 0.028950 0.000000 
 0.028980 0.000000 0.028980 0.000000 
 0.029010 0.000000 0.029010 0.000000 
 0.029040 0.000000 0.029040 0.000000 
 0.029070 0.000000 0.029070 0.000000 
 0.029100 0.000000 0.029100 0.000000 
 0.029130 0.000000 0.029130 0.000000 
 0.029160 0.000000 0.029160 0.000000 
 0.029190 0.000000 0.029190 0.000000 
 0.029220 0.000000 0.029220 0.000000 
 0.029250 0.000000 0.029250 0.000000 
 0.029280 0.000000 0.029280 0.000000 
 0.029310 0.000000 0.029310 0.000000 
 0.029340 0.000000 0.029340 0.000000 
 0.029370 0.000000 0.029370 0.000000 
 0.029400 0.000000 0.029400 0.000000 
 0.029430 0.000000 0.029430 0.000000 
 0.029460 0.000000 0.029460 0.000000 
 0.029490 0.000000 0.029490 0.000000 
 0.029520 0.000000 0.029520 0.000000 
 0.029550 0.000000 0.029550 0.000000 
 0.029580 0.000000 0.029580 0.000000 
 0.029610 0.000000 0.029610 0.000000 
 0.029640 0.000000 0.029640 0.000000 
 0.029670 0.000000 0.029670 0.000000 
 0.029700 0.000000 0.029700 0.000000 
 0.029730 0.000000 0.029730 0.000000 
 0.029760 0.000000 0.029760 0.000000 
 0.029790 0.000000 0.029790 0.000000 
 0.029820 0.000000 0.029820 0.000000 
 0.029850 0.000000 0.029850 0.000000 
 0.029880 0.000000 0.029880 0.000000 
 0.029910 0.000000 0.029910 0.000000 
 0.029940 0.000000 0.029940 0.000000 
 0.029970 0.000000 0.029970 0.000000 
