#rbin[i] Nr[i] lbin[i] Nl[i]
 0.000000 0.000000 0.000000 0.000015 
 0.000030 0.000000 0.000030 0.000041 
 0.000060 0.000000 0.000060 0.000045 
 0.000090 0.000000 0.000090 0.000073 
 0.000120 0.000000 0.000120 0.000080 
 0.000150 0.000000 0.000150 0.000092 
 0.000180 0.000000 0.000180 0.000113 
 0.000210 0.000000 0.000210 0.000104 
 0.000240 0.000000 0.000240 0.000143 
 0.000270 0.000000 0.000270 0.000081 
 0.000300 0.000000 0.000300 0.000120 
 0.000330 0.000000 0.000330 0.000140 
 0.000360 0.000000 0.000360 0.000117 
 0.000390 0.000000 0.000390 0.000116 
 0.000420 0.000000 0.000420 0.000152 
 0.000450 0.000000 0.000450 0.000143 
 0.000480 0.000000 0.000480 0.000127 
 0.000510 0.000000 0.000510 0.000132 
 0.000540 0.000000 0.000540 0.000125 
 0.000570 0.000000 0.000570 0.000181 
 0.000600 0.000000 0.000600 0.000151 
 0.000630 0.000000 0.000630 0.000128 
 0.000660 0.000000 0.000660 0.000137 
 0.000690 0.000000 0.000690 0.000144 
 0.000720 0.000000 0.000720 0.000145 
 0.000750 0.000000 0.000750 0.000160 
 0.000780 0.000000 0.000780 0.000147 
 0.000810 0.000000 0.000810 0.000152 
 0.000840 0.000000 0.000840 0.000143 
 0.000870 0.000000 0.000870 0.000151 
 0.000900 0.000000 0.000900 0.000132 
 0.000930 0.000000 0.000930 0.000159 
 0.000960 0.000000 0.000960 0.000141 
 0.000990 0.000000 0.000990 0.000173 
 0.001020 0.000000 0.001020 0.000188 
 0.001050 0.000000 0.001050 0.000153 
 0.001080 0.000000 0.001080 0.000177 
 0.001110 0.000000 0.001110 0.000147 
 0.001140 0.000001 0.001140 0.000157 
 0.001170 0.000000 0.001170 0.000121 
 0.001200 0.000000 0.001200 0.000161 
 0.001230 0.000000 0.001230 0.000180 
 0.001260 0.000000 0.001260 0.000196 
 0.001290 0.000000 0.001290 0.000175 
 0.001320 0.000000 0.001320 0.000168 
 0.001350 0.000000 0.001350 0.000189 
 0.001380 0.000000 0.001380 0.000149 
 0.001410 0.000000 0.001410 0.000189 
 0.001440 0.000000 0.001440 0.000184 
 0.001470 0.000000 0.001470 0.000155 
 0.001500 0.000000 0.001500 0.000204 
 0.001530 0.000000 0.001530 0.000169 
 0.001560 0.000000 0.001560 0.000188 
 0.001590 0.000001 0.001590 0.000188 
 0.001620 0.000000 0.001620 0.000181 
 0.001650 0.000001 0.001650 0.000175 
 0.001680 0.000000 0.001680 0.000187 
 0.001710 0.000003 0.001710 0.000196 
 0.001740 0.000000 0.001740 0.000188 
 0.001770 0.000000 0.001770 0.000204 
 0.001800 0.000000 0.001800 0.000192 
 0.001830 0.000000 0.001830 0.000175 
 0.001860 0.000001 0.001860 0.000201 
 0.001890 0.000000 0.001890 0.000204 
 0.001920 0.000000 0.001920 0.000211 
 0.001950 0.000000 0.001950 0.000196 
 0.001980 0.000000 0.001980 0.000213 
 0.002010 0.000001 0.002010 0.000227 
 0.002040 0.000000 0.002040 0.000233 
 0.002070 0.000000 0.002070 0.000216 
 0.002100 0.000000 0.002100 0.000217 
 0.002130 0.000001 0.002130 0.000219 
 0.002160 0.000001 0.002160 0.000228 
 0.002190 0.000000 0.002190 0.000212 
 0.002220 0.000001 0.002220 0.000237 
 0.002250 0.000000 0.002250 0.000252 
 0.002280 0.000001 0.002280 0.000225 
 0.002310 0.000001 0.002310 0.000240 
 0.002340 0.000000 0.002340 0.000231 
 0.002370 0.000001 0.002370 0.000223 
 0.002400 0.000003 0.002400 0.000272 
 0.002430 0.000005 0.002430 0.000249 
 0.002460 0.000000 0.002460 0.000271 
 0.002490 0.000005 0.002490 0.000240 
 0.002520 0.000004 0.002520 0.000243 
 0.002550 0.000001 0.002550 0.000296 
 0.002580 0.000003 0.002580 0.000260 
 0.002610 0.000001 0.002610 0.000268 
 0.002640 0.000003 0.002640 0.000265 
 0.002670 0.000003 0.002670 0.000251 
 0.002700 0.000004 0.002700 0.000264 
 0.002730 0.000007 0.002730 0.000289 
 0.002760 0.000000 0.002760 0.000289 
 0.002790 0.000004 0.002790 0.000283 
 0.002820 0.000007 0.002820 0.000268 
 0.002850 0.000005 0.002850 0.000271 
 0.002880 0.000007 0.002880 0.000255 
 0.002910 0.000011 0.002910 0.000293 
 0.002940 0.000011 0.002940 0.000273 
 0.002970 0.000009 0.002970 0.000291 
 0.003000 0.000015 0.003000 0.000251 
 0.003030 0.000015 0.003030 0.000272 
 0.003060 0.000017 0.003060 0.000285 
 0.003090 0.000019 0.003090 0.000288 
 0.003120 0.000019 0.003120 0.000296 
 0.003150 0.000017 0.003150 0.000320 
 0.003180 0.000015 0.003180 0.000308 
 0.003210 0.000016 0.003210 0.000255 
 0.003240 0.000016 0.003240 0.000292 
 0.003270 0.000013 0.003270 0.000277 
 0.003300 0.000035 0.003300 0.000311 
 0.003330 0.000025 0.003330 0.000251 
 0.003360 0.000023 0.003360 0.000275 
 0.003390 0.000039 0.003390 0.000331 
 0.003420 0.000032 0.003420 0.000273 
 0.003450 0.000032 0.003450 0.000309 
 0.003480 0.000024 0.003480 0.000276 
 0.003510 0.000036 0.003510 0.000329 
 0.003540 0.000039 0.003540 0.000295 
 0.003570 0.000029 0.003570 0.000291 
 0.003600 0.000028 0.003600 0.000309 
 0.003630 0.000027 0.003630 0.000340 
 0.003660 0.000036 0.003660 0.000305 
 0.003690 0.000036 0.003690 0.000359 
 0.003720 0.000040 0.003720 0.000333 
 0.003750 0.000039 0.003750 0.000315 
 0.003780 0.000028 0.003780 0.000341 
 0.003810 0.000025 0.003810 0.000331 
 0.003840 0.000036 0.003840 0.000355 
 0.003870 0.000028 0.003870 0.000337 
 0.003900 0.000024 0.003900 0.000360 
 0.003930 0.000044 0.003930 0.000353 
 0.003960 0.000027 0.003960 0.000351 
 0.003990 0.000025 0.003990 0.000395 
 0.004020 0.000027 0.004020 0.000379 
 0.004050 0.000044 0.004050 0.000401 
 0.004080 0.000031 0.004080 0.000404 
 0.004110 0.000027 0.004110 0.000435 
 0.004140 0.000043 0.004140 0.000428 
 0.004170 0.000039 0.004170 0.000443 
 0.004200 0.000036 0.004200 0.000464 
 0.004230 0.000045 0.004230 0.000508 
 0.004260 0.000036 0.004260 0.000440 
 0.004290 0.000037 0.004290 0.000488 
 0.004320 0.000059 0.004320 0.000507 
 0.004350 0.000051 0.004350 0.000504 
 0.004380 0.000021 0.004380 0.000548 
 0.004410 0.000059 0.004410 0.000611 
 0.004440 0.000059 0.004440 0.000549 
 0.004470 0.000060 0.004470 0.000585 
 0.004500 0.000060 0.004500 0.000616 
 0.004530 0.000051 0.004530 0.000656 
 0.004560 0.000053 0.004560 0.000685 
 0.004590 0.000060 0.004590 0.000664 
 0.004620 0.000064 0.004620 0.000709 
 0.004650 0.000053 0.004650 0.000717 
 0.004680 0.000045 0.004680 0.000725 
 0.004710 0.000064 0.004710 0.000799 
 0.004740 0.000069 0.004740 0.000787 
 0.004770 0.000091 0.004770 0.000840 
 0.004800 0.000081 0.004800 0.000851 
 0.004830 0.000073 0.004830 0.000900 
 0.004860 0.000067 0.004860 0.000904 
 0.004890 0.000064 0.004890 0.000977 
 0.004920 0.000085 0.004920 0.000945 
 0.004950 0.000077 0.004950 0.000975 
 0.004980 0.000067 0.004980 0.001021 
 0.005010 0.000073 0.005010 0.001072 
 0.005040 0.000083 0.005040 0.001101 
 0.005070 0.000089 0.005070 0.001097 
 0.005100 0.000081 0.005100 0.001111 
 0.005130 0.000091 0.005130 0.001184 
 0.005160 0.000087 0.005160 0.001149 
 0.005190 0.000084 0.005190 0.001263 
 0.005220 0.000103 0.005220 0.001237 
 0.005250 0.000084 0.005250 0.001289 
 0.005280 0.000091 0.005280 0.001311 
 0.005310 0.000088 0.005310 0.001337 
 0.005340 0.000113 0.005340 0.001327 
 0.005370 0.000108 0.005370 0.001375 
 0.005400 0.000091 0.005400 0.001412 
 0.005430 0.000113 0.005430 0.001452 
 0.005460 0.000116 0.005460 0.001436 
 0.005490 0.000109 0.005490 0.001508 
 0.005520 0.000121 0.005520 0.001495 
 0.005550 0.000105 0.005550 0.001587 
 0.005580 0.000085 0.005580 0.001532 
 0.005610 0.000099 0.005610 0.001623 
 0.005640 0.000101 0.005640 0.001596 
 0.005670 0.000120 0.005670 0.001693 
 0.005700 0.000108 0.005700 0.001705 
 0.005730 0.000121 0.005730 0.001676 
 0.005760 0.000109 0.005760 0.001787 
 0.005790 0.000128 0.005790 0.001793 
 0.005820 0.000116 0.005820 0.001840 
 0.005850 0.000115 0.005850 0.001853 
 0.005880 0.000103 0.005880 0.001864 
 0.005910 0.000113 0.005910 0.001935 
 0.005940 0.000116 0.005940 0.001961 
 0.005970 0.000137 0.005970 0.001991 
 0.006000 0.000111 0.006000 0.002005 
 0.006030 0.000117 0.006030 0.002085 
 0.006060 0.000096 0.006060 0.002097 
 0.006090 0.000115 0.006090 0.002073 
 0.006120 0.000117 0.006120 0.002188 
 0.006150 0.000105 0.006150 0.002233 
 0.006180 0.000105 0.006180 0.002259 
 0.006210 0.000124 0.006210 0.002228 
 0.006240 0.000115 0.006240 0.002336 
 0.006270 0.000115 0.006270 0.002393 
 0.006300 0.000116 0.006300 0.002355 
 0.006330 0.000091 0.006330 0.002413 
 0.006360 0.000113 0.006360 0.002425 
 0.006390 0.000107 0.006390 0.002549 
 0.006420 0.000113 0.006420 0.002579 
 0.006450 0.000120 0.006450 0.002601 
 0.006480 0.000100 0.006480 0.002680 
 0.006510 0.000088 0.006510 0.002672 
 0.006540 0.000119 0.006540 0.002772 
 0.006570 0.000108 0.006570 0.002849 
 0.006600 0.000131 0.006600 0.002859 
 0.006630 0.000115 0.006630 0.002943 
 0.006660 0.000093 0.006660 0.003029 
 0.006690 0.000105 0.006690 0.003089 
 0.006720 0.000099 0.006720 0.003124 
 0.006750 0.000117 0.006750 0.003199 
 0.006780 0.000100 0.006780 0.003236 
 0.006810 0.000083 0.006810 0.003369 
 0.006840 0.000137 0.006840 0.003405 
 0.006870 0.000105 0.006870 0.003429 
 0.006900 0.000112 0.006900 0.003497 
 0.006930 0.000085 0.006930 0.003604 
 0.006960 0.000104 0.006960 0.003649 
 0.006990 0.000101 0.006990 0.003697 
 0.007020 0.000095 0.007020 0.003743 
 0.007050 0.000109 0.007050 0.003663 
 0.007080 0.000095 0.007080 0.003876 
 0.007110 0.000105 0.007110 0.003787 
 0.007140 0.000109 0.007140 0.003804 
 0.007170 0.000105 0.007170 0.003944 
 0.007200 0.000101 0.007200 0.003853 
 0.007230 0.000091 0.007230 0.003808 
 0.007260 0.000079 0.007260 0.003923 
 0.007290 0.000101 0.007290 0.003891 
 0.007320 0.000095 0.007320 0.003881 
 0.007350 0.000107 0.007350 0.003853 
 0.007380 0.000083 0.007380 0.003923 
 0.007410 0.000087 0.007410 0.003840 
 0.007440 0.000119 0.007440 0.003821 
 0.007470 0.000095 0.007470 0.003892 
 0.007500 0.000104 0.007500 0.003769 
 0.007530 0.000117 0.007530 0.003783 
 0.007560 0.000061 0.007560 0.003735 
 0.007590 0.000088 0.007590 0.003715 
 0.007620 0.000089 0.007620 0.003648 
 0.007650 0.000085 0.007650 0.003685 
 0.007680 0.000109 0.007680 0.003611 
 0.007710 0.000099 0.007710 0.003612 
 0.007740 0.000084 0.007740 0.003673 
 0.007770 0.000101 0.007770 0.003535 
 0.007800 0.000088 0.007800 0.003573 
 0.007830 0.000089 0.007830 0.003635 
 0.007860 0.000089 0.007860 0.003556 
 0.007890 0.000105 0.007890 0.003556 
 0.007920 0.000104 0.007920 0.003573 
 0.007950 0.000081 0.007950 0.003605 
 0.007980 0.000083 0.007980 0.003564 
 0.008010 0.000087 0.008010 0.003592 
 0.008040 0.000080 0.008040 0.003559 
 0.008070 0.000100 0.008070 0.003661 
 0.008100 0.000099 0.008100 0.003589 
 0.008130 0.000073 0.008130 0.003573 
 0.008160 0.000095 0.008160 0.003532 
 0.008190 0.000081 0.008190 0.003612 
 0.008220 0.000093 0.008220 0.003564 
 0.008250 0.000075 0.008250 0.003513 
 0.008280 0.000085 0.008280 0.003616 
 0.008310 0.000111 0.008310 0.003456 
 0.008340 0.000097 0.008340 0.003365 
 0.008370 0.000091 0.008370 0.003461 
 0.008400 0.000087 0.008400 0.003419 
 0.008430 0.000107 0.008430 0.003335 
 0.008460 0.000072 0.008460 0.003280 
 0.008490 0.000079 0.008490 0.003212 
 0.008520 0.000096 0.008520 0.003217 
 0.008550 0.000085 0.008550 0.003173 
 0.008580 0.000079 0.008580 0.003121 
 0.008610 0.000089 0.008610 0.003020 
 0.008640 0.000072 0.008640 0.002996 
 0.008670 0.000087 0.008670 0.002928 
 0.008700 0.000089 0.008700 0.002799 
 0.008730 0.000088 0.008730 0.002703 
 0.008760 0.000095 0.008760 0.002712 
 0.008790 0.000083 0.008790 0.002627 
 0.008820 0.000093 0.008820 0.002467 
 0.008850 0.000108 0.008850 0.002464 
 0.008880 0.000077 0.008880 0.002415 
 0.008910 0.000097 0.008910 0.002236 
 0.008940 0.000083 0.008940 0.002292 
 0.008970 0.000072 0.008970 0.002172 
 0.009000 0.000073 0.009000 0.002013 
 0.009030 0.000065 0.009030 0.002028 
 0.009060 0.000095 0.009060 0.001947 
 0.009090 0.000097 0.009090 0.001861 
 0.009120 0.000084 0.009120 0.001823 
 0.009150 0.000092 0.009150 0.001748 
 0.009180 0.000081 0.009180 0.001667 
 0.009210 0.000092 0.009210 0.001648 
 0.009240 0.000067 0.009240 0.001616 
 0.009270 0.000092 0.009270 0.001547 
 0.009300 0.000079 0.009300 0.001561 
 0.009330 0.000064 0.009330 0.001487 
 0.009360 0.000076 0.009360 0.001444 
 0.009390 0.000093 0.009390 0.001457 
 0.009420 0.000089 0.009420 0.001349 
 0.009450 0.000081 0.009450 0.001413 
 0.009480 0.000079 0.009480 0.001373 
 0.009510 0.000092 0.009510 0.001327 
 0.009540 0.000088 0.009540 0.001289 
 0.009570 0.000077 0.009570 0.001361 
 0.009600 0.000080 0.009600 0.001300 
 0.009630 0.000091 0.009630 0.001336 
 0.009660 0.000075 0.009660 0.001308 
 0.009690 0.000061 0.009690 0.001331 
 0.009720 0.000084 0.009720 0.001308 
 0.009750 0.000077 0.009750 0.001296 
 0.009780 0.000099 0.009780 0.001347 
 0.009810 0.000083 0.009810 0.001328 
 0.009840 0.000087 0.009840 0.001385 
 0.009870 0.000075 0.009870 0.001360 
 0.009900 0.000075 0.009900 0.001351 
 0.009930 0.000069 0.009930 0.001339 
 0.009960 0.000072 0.009960 0.001384 
 0.009990 0.000064 0.009990 0.001407 
 0.010020 0.000055 0.010020 0.001451 
 0.010050 0.000085 0.010050 0.001456 
 0.010080 0.000061 0.010080 0.001425 
 0.010110 0.000064 0.010110 0.001565 
 0.010140 0.000055 0.010140 0.001464 
 0.010170 0.000048 0.010170 0.001499 
 0.010200 0.000063 0.010200 0.001580 
 0.010230 0.000057 0.010230 0.001519 
 0.010260 0.000072 0.010260 0.001585 
 0.010290 0.000049 0.010290 0.001643 
 0.010320 0.000051 0.010320 0.001605 
 0.010350 0.000056 0.010350 0.001688 
 0.010380 0.000056 0.010380 0.001719 
 0.010410 0.000051 0.010410 0.001749 
 0.010440 0.000057 0.010440 0.001827 
 0.010470 0.000056 0.010470 0.001789 
 0.010500 0.000032 0.010500 0.001835 
 0.010530 0.000064 0.010530 0.001876 
 0.010560 0.000063 0.010560 0.001932 
 0.010590 0.000056 0.010590 0.001944 
 0.010620 0.000049 0.010620 0.001961 
 0.010650 0.000076 0.010650 0.002020 
 0.010680 0.000049 0.010680 0.002039 
 0.010710 0.000064 0.010710 0.002023 
 0.010740 0.000047 0.010740 0.002072 
 0.010770 0.000048 0.010770 0.002075 
 0.010800 0.000057 0.010800 0.002100 
 0.010830 0.000057 0.010830 0.002141 
 0.010860 0.000063 0.010860 0.002105 
 0.010890 0.000060 0.010890 0.002132 
 0.010920 0.000037 0.010920 0.002164 
 0.010950 0.000045 0.010950 0.002079 
 0.010980 0.000048 0.010980 0.002119 
 0.011010 0.000063 0.011010 0.002089 
 0.011040 0.000059 0.011040 0.002113 
 0.011070 0.000044 0.011070 0.002039 
 0.011100 0.000059 0.011100 0.001975 
 0.011130 0.000048 0.011130 0.001997 
 0.011160 0.000073 0.011160 0.001979 
 0.011190 0.000057 0.011190 0.001927 
 0.011220 0.000045 0.011220 0.001848 
 0.011250 0.000053 0.011250 0.001849 
 0.011280 0.000059 0.011280 0.001747 
 0.011310 0.000040 0.011310 0.001695 
 0.011340 0.000043 0.011340 0.001652 
 0.011370 0.000041 0.011370 0.001601 
 0.011400 0.000044 0.011400 0.001493 
 0.011430 0.000036 0.011430 0.001500 
 0.011460 0.000045 0.011460 0.001392 
 0.011490 0.000029 0.011490 0.001309 
 0.011520 0.000041 0.011520 0.001269 
 0.011550 0.000037 0.011550 0.001243 
 0.011580 0.000043 0.011580 0.001157 
 0.011610 0.000017 0.011610 0.001077 
 0.011640 0.000024 0.011640 0.001031 
 0.011670 0.000020 0.011670 0.000979 
 0.011700 0.000023 0.011700 0.000980 
 0.011730 0.000031 0.011730 0.000873 
 0.011760 0.000016 0.011760 0.000849 
 0.011790 0.000024 0.011790 0.000781 
 0.011820 0.000019 0.011820 0.000760 
 0.011850 0.000021 0.011850 0.000743 
 0.011880 0.000019 0.011880 0.000685 
 0.011910 0.000015 0.011910 0.000693 
 0.011940 0.000012 0.011940 0.000692 
 0.011970 0.000020 0.011970 0.000644 
 0.012000 0.000013 0.012000 0.000655 
 0.012030 0.000024 0.012030 0.000656 
 0.012060 0.000020 0.012060 0.000665 
 0.012090 0.000015 0.012090 0.000636 
 0.012120 0.000023 0.012120 0.000641 
 0.012150 0.000012 0.012150 0.000668 
 0.012180 0.000012 0.012180 0.000680 
 0.012210 0.000011 0.012210 0.000767 
 0.012240 0.000011 0.012240 0.000752 
 0.012270 0.000013 0.012270 0.000804 
 0.012300 0.000005 0.012300 0.000776 
 0.012330 0.000012 0.012330 0.000888 
 0.012360 0.000015 0.012360 0.000921 
 0.012390 0.000015 0.012390 0.000993 
 0.012420 0.000019 0.012420 0.001012 
 0.012450 0.000009 0.012450 0.001131 
 0.012480 0.000021 0.012480 0.001108 
 0.012510 0.000021 0.012510 0.001219 
 0.012540 0.000008 0.012540 0.001327 
 0.012570 0.000004 0.012570 0.001371 
 0.012600 0.000009 0.012600 0.001448 
 0.012630 0.000008 0.012630 0.001535 
 0.012660 0.000003 0.012660 0.001592 
 0.012690 0.000009 0.012690 0.001591 
 0.012720 0.000008 0.012720 0.001767 
 0.012750 0.000013 0.012750 0.001813 
 0.012780 0.000011 0.012780 0.001831 
 0.012810 0.000007 0.012810 0.001860 
 0.012840 0.000015 0.012840 0.001927 
 0.012870 0.000011 0.012870 0.001949 
 0.012900 0.000008 0.012900 0.001932 
 0.012930 0.000009 0.012930 0.001951 
 0.012960 0.000007 0.012960 0.002012 
 0.012990 0.000011 0.012990 0.001997 
 0.013020 0.000007 0.013020 0.001961 
 0.013050 0.000012 0.013050 0.001935 
 0.013080 0.000012 0.013080 0.001927 
 0.013110 0.000009 0.013110 0.001876 
 0.013140 0.000008 0.013140 0.001844 
 0.013170 0.000013 0.013170 0.001823 
 0.013200 0.000008 0.013200 0.001781 
 0.013230 0.000007 0.013230 0.001688 
 0.013260 0.000011 0.013260 0.001560 
 0.013290 0.000008 0.013290 0.001575 
 0.013320 0.000008 0.013320 0.001484 
 0.013350 0.000007 0.013350 0.001401 
 0.013380 0.000008 0.013380 0.001276 
 0.013410 0.000001 0.013410 0.001295 
 0.013440 0.000005 0.013440 0.001149 
 0.013470 0.000003 0.013470 0.001092 
 0.013500 0.000005 0.013500 0.001099 
 0.013530 0.000007 0.013530 0.000979 
 0.013560 0.000004 0.013560 0.000939 
 0.013590 0.000003 0.013590 0.000875 
 0.013620 0.000005 0.013620 0.000787 
 0.013650 0.000007 0.013650 0.000803 
 0.013680 0.000001 0.013680 0.000727 
 0.013710 0.000007 0.013710 0.000685 
 0.013740 0.000003 0.013740 0.000649 
 0.013770 0.000004 0.013770 0.000629 
 0.013800 0.000003 0.013800 0.000629 
 0.013830 0.000000 0.013830 0.000593 
 0.013860 0.000001 0.013860 0.000552 
 0.013890 0.000005 0.013890 0.000564 
 0.013920 0.000000 0.013920 0.000551 
 0.013950 0.000003 0.013950 0.000503 
 0.013980 0.000001 0.013980 0.000560 
 0.014010 0.000003 0.014010 0.000520 
 0.014040 0.000005 0.014040 0.000489 
 0.014070 0.000003 0.014070 0.000535 
 0.014100 0.000003 0.014100 0.000567 
 0.014130 0.000003 0.014130 0.000549 
 0.014160 0.000001 0.014160 0.000571 
 0.014190 0.000004 0.014190 0.000609 
 0.014220 0.000004 0.014220 0.000629 
 0.014250 0.000005 0.014250 0.000659 
 0.014280 0.000001 0.014280 0.000669 
 0.014310 0.000005 0.014310 0.000707 
 0.014340 0.000001 0.014340 0.000729 
 0.014370 0.000003 0.014370 0.000767 
 0.014400 0.000001 0.014400 0.000744 
 0.014430 0.000005 0.014430 0.000892 
 0.014460 0.000009 0.014460 0.000879 
 0.014490 0.000005 0.014490 0.000951 
 0.014520 0.000005 0.014520 0.000972 
 0.014550 0.000009 0.014550 0.001035 
 0.014580 0.000003 0.014580 0.001061 
 0.014610 0.000009 0.014610 0.001201 
 0.014640 0.000005 0.014640 0.001329 
 0.014670 0.000015 0.014670 0.001299 
 0.014700 0.000017 0.014700 0.001415 
 0.014730 0.000012 0.014730 0.001563 
 0.014760 0.000008 0.014760 0.001649 
 0.014790 0.000021 0.014790 0.001768 
 0.014820 0.000011 0.014820 0.001881 
 0.014850 0.000020 0.014850 0.002088 
 0.014880 0.000031 0.014880 0.002175 
 0.014910 0.000027 0.014910 0.002312 
 0.014940 0.000024 0.014940 0.002503 
 0.014970 0.000037 0.014970 0.002721 
 0.015000 0.000040 0.015000 0.002795 
 0.015030 0.000067 0.015030 0.003100 
 0.015060 0.000075 0.015060 0.003344 
 0.015090 0.000065 0.015090 0.003624 
 0.015120 0.000083 0.015120 0.003777 
 0.015150 0.000077 0.015150 0.004244 
 0.015180 0.000084 0.015180 0.004380 
 0.015210 0.000119 0.015210 0.004728 
 0.015240 0.000149 0.015240 0.005111 
 0.015270 0.000196 0.015270 0.005334 
 0.015300 0.000215 0.015300 0.005735 
 0.015330 0.000284 0.015330 0.005782 
 0.015360 0.000293 0.015360 0.006031 
 0.015390 0.000417 0.015390 0.006351 
 0.015420 0.000475 0.015420 0.006322 
 0.015450 0.000547 0.015450 0.006796 
 0.015480 0.000636 0.015480 0.006808 
 0.015510 0.000859 0.015510 0.007002 
 0.015540 0.001059 0.015540 0.007251 
 0.015570 0.001243 0.015570 0.007318 
 0.015600 0.001580 0.015600 0.007607 
 0.015630 0.001891 0.015630 0.007646 
 0.015660 0.002347 0.015660 0.007938 
 0.015690 0.002821 0.015690 0.007950 
 0.015720 0.003476 0.015720 0.008066 
 0.015750 0.004328 0.015750 0.008076 
 0.015780 0.005108 0.015780 0.007988 
 0.015810 0.006352 0.015810 0.007686 
 0.015840 0.007566 0.015840 0.007495 
 0.015870 0.008994 0.015870 0.007134 
 0.015900 0.010607 0.015900 0.006883 
 0.015930 0.012419 0.015930 0.006610 
 0.015960 0.014153 0.015960 0.006287 
 0.015990 0.015783 0.015990 0.006083 
 0.016020 0.017650 0.016020 0.005778 
 0.016050 0.019287 0.016050 0.005703 
 0.016080 0.020735 0.016080 0.005307 
 0.016110 0.021881 0.016110 0.005076 
 0.016140 0.023142 0.016140 0.004906 
 0.016170 0.023825 0.016170 0.004514 
 0.016200 0.024128 0.016200 0.004369 
 0.016230 0.023918 0.016230 0.004133 
 0.016260 0.023845 0.016260 0.003992 
 0.016290 0.022541 0.016290 0.003759 
 0.016320 0.021983 0.016320 0.003583 
 0.016350 0.020945 0.016350 0.003308 
 0.016380 0.020185 0.016380 0.003047 
 0.016410 0.019233 0.016410 0.002763 
 0.016440 0.018463 0.016440 0.002724 
 0.016470 0.018071 0.016470 0.002496 
 0.016500 0.017389 0.016500 0.002259 
 0.016530 0.016979 0.016530 0.002049 
 0.016560 0.016983 0.016560 0.001912 
 0.016590 0.017175 0.016590 0.001743 
 0.016620 0.017237 0.016620 0.001620 
 0.016650 0.017697 0.016650 0.001489 
 0.016680 0.018257 0.016680 0.001427 
 0.016710 0.019367 0.016710 0.001283 
 0.016740 0.019882 0.016740 0.001180 
 0.016770 0.020797 0.016770 0.001187 
 0.016800 0.021799 0.016800 0.001092 
 0.016830 0.022653 0.016830 0.000959 
 0.016860 0.023236 0.016860 0.000907 
 0.016890 0.023774 0.016890 0.000897 
 0.016920 0.023885 0.016920 0.000793 
 0.016950 0.023785 0.016950 0.000796 
 0.016980 0.023408 0.016980 0.000695 
 0.017010 0.022267 0.017010 0.000668 
 0.017040 0.020617 0.017040 0.000635 
 0.017070 0.019186 0.017070 0.000583 
 0.017100 0.017597 0.017100 0.000527 
 0.017130 0.015801 0.017130 0.000537 
 0.017160 0.013874 0.017160 0.000445 
 0.017190 0.012351 0.017190 0.000428 
 0.017220 0.010696 0.017220 0.000417 
 0.017250 0.009166 0.017250 0.000393 
 0.017280 0.007795 0.017280 0.000372 
 0.017310 0.006700 0.017310 0.000313 
 0.017340 0.005518 0.017340 0.000293 
 0.017370 0.004686 0.017370 0.000289 
 0.017400 0.003845 0.017400 0.000261 
 0.017430 0.003287 0.017430 0.000237 
 0.017460 0.002739 0.017460 0.000201 
 0.017490 0.002171 0.017490 0.000199 
 0.017520 0.001813 0.017520 0.000177 
 0.017550 0.001549 0.017550 0.000171 
 0.017580 0.001289 0.017580 0.000124 
 0.017610 0.001016 0.017610 0.000111 
 0.017640 0.000827 0.017640 0.000111 
 0.017670 0.000740 0.017670 0.000108 
 0.017700 0.000561 0.017700 0.000075 
 0.017730 0.000464 0.017730 0.000085 
 0.017760 0.000388 0.017760 0.000064 
 0.017790 0.000305 0.017790 0.000053 
 0.017820 0.000280 0.017820 0.000053 
 0.017850 0.000183 0.017850 0.000037 
 0.017880 0.000179 0.017880 0.000032 
 0.017910 0.000136 0.017910 0.000024 
 0.017940 0.000105 0.017940 0.000021 
 0.017970 0.000088 0.017970 0.000025 
 0.018000 0.000056 0.018000 0.000013 
 0.018030 0.000061 0.018030 0.000016 
 0.018060 0.000061 0.018060 0.000015 
 0.018090 0.000041 0.018090 0.000012 
 0.018120 0.000040 0.018120 0.000012 
 0.018150 0.000029 0.018150 0.000007 
 0.018180 0.000023 0.018180 0.000011 
 0.018210 0.000023 0.018210 0.000007 
 0.018240 0.000005 0.018240 0.000003 
 0.018270 0.000011 0.018270 0.000005 
 0.018300 0.000003 0.018300 0.000004 
 0.018330 0.000007 0.018330 0.000000 
 0.018360 0.000009 0.018360 0.000001 
 0.018390 0.000007 0.018390 0.000001 
 0.018420 0.000001 0.018420 0.000000 
 0.018450 0.000001 0.018450 0.000000 
 0.018480 0.000004 0.018480 0.000000 
 0.018510 0.000004 0.018510 0.000001 
 0.018540 0.000003 0.018540 0.000000 
 0.018570 0.000001 0.018570 0.000000 
 0.018600 0.000001 0.018600 0.000000 
 0.018630 0.000003 0.018630 0.000000 
 0.018660 0.000003 0.018660 0.000000 
 0.018690 0.000003 0.018690 0.000000 
 0.018720 0.000005 0.018720 0.000000 
 0.018750 0.000001 0.018750 0.000000 
 0.018780 0.000004 0.018780 0.000000 
 0.018810 0.000003 0.018810 0.000000 
 0.018840 0.000007 0.018840 0.000000 
 0.018870 0.000003 0.018870 0.000000 
 0.018900 0.000005 0.018900 0.000000 
 0.018930 0.000003 0.018930 0.000000 
 0.018960 0.000001 0.018960 0.000000 
 0.018990 0.000005 0.018990 0.000000 
 0.019020 0.000003 0.019020 0.000000 
 0.019050 0.000004 0.019050 0.000000 
 0.019080 0.000001 0.019080 0.000000 
 0.019110 0.000000 0.019110 0.000000 
 0.019140 0.000001 0.019140 0.000000 
 0.019170 0.000000 0.019170 0.000000 
 0.019200 0.000003 0.019200 0.000000 
 0.019230 0.000001 0.019230 0.000000 
 0.019260 0.000004 0.019260 0.000000 
 0.019290 0.000005 0.019290 0.000000 
 0.019320 0.000001 0.019320 0.000000 
 0.019350 0.000003 0.019350 0.000000 
 0.019380 0.000000 0.019380 0.000001 
 0.019410 0.000003 0.019410 0.000001 
 0.019440 0.000004 0.019440 0.000000 
 0.019470 0.000004 0.019470 0.000000 
 0.019500 0.000001 0.019500 0.000000 
 0.019530 0.000001 0.019530 0.000000 
 0.019560 0.000003 0.019560 0.000000 
 0.019590 0.000001 0.019590 0.000000 
 0.019620 0.000003 0.019620 0.000000 
 0.019650 0.000001 0.019650 0.000000 
 0.019680 0.000001 0.019680 0.000001 
 0.019710 0.000001 0.019710 0.000000 
 0.019740 0.000004 0.019740 0.000000 
 0.019770 0.000001 0.019770 0.000000 
 0.019800 0.000003 0.019800 0.000000 
 0.019830 0.000004 0.019830 0.000000 
 0.019860 0.000000 0.019860 0.000000 
 0.019890 0.000000 0.019890 0.000000 
 0.019920 0.000001 0.019920 0.000000 
 0.019950 0.000007 0.019950 0.000000 
 0.019980 0.000000 0.019980 0.000000 
 0.020010 0.000003 0.020010 0.000000 
 0.020040 0.000001 0.020040 0.000000 
 0.020070 0.000000 0.020070 0.000000 
 0.020100 0.000001 0.020100 0.000000 
 0.020130 0.000001 0.020130 0.000000 
 0.020160 0.000000 0.020160 0.000000 
 0.020190 0.000001 0.020190 0.000000 
 0.020220 0.000000 0.020220 0.000000 
 0.020250 0.000000 0.020250 0.000000 
 0.020280 0.000000 0.020280 0.000000 
 0.020310 0.000001 0.020310 0.000000 
 0.020340 0.000000 0.020340 0.000000 
 0.020370 0.000003 0.020370 0.000000 
 0.020400 0.000001 0.020400 0.000000 
 0.020430 0.000001 0.020430 0.000000 
 0.020460 0.000000 0.020460 0.000000 
 0.020490 0.000000 0.020490 0.000000 
 0.020520 0.000001 0.020520 0.000000 
 0.020550 0.000000 0.020550 0.000000 
 0.020580 0.000001 0.020580 0.000000 
 0.020610 0.000001 0.020610 0.000000 
 0.020640 0.000000 0.020640 0.000000 
 0.020670 0.000001 0.020670 0.000000 
 0.020700 0.000000 0.020700 0.000000 
 0.020730 0.000000 0.020730 0.000000 
 0.020760 0.000000 0.020760 0.000000 
 0.020790 0.000001 0.020790 0.000000 
 0.020820 0.000000 0.020820 0.000000 
 0.020850 0.000000 0.020850 0.000000 
 0.020880 0.000000 0.020880 0.000000 
 0.020910 0.000000 0.020910 0.000000 
 0.020940 0.000000 0.020940 0.000000 
 0.020970 0.000000 0.020970 0.000000 
 0.021000 0.000000 0.021000 0.000000 
 0.021030 0.000000 0.021030 0.000000 
 0.021060 0.000000 0.021060 0.000000 
 0.021090 0.000000 0.021090 0.000000 
 0.021120 0.000001 0.021120 0.000000 
 0.021150 0.000001 0.021150 0.000000 
 0.021180 0.000000 0.021180 0.000000 
 0.021210 0.000000 0.021210 0.000000 
 0.021240 0.000001 0.021240 0.000000 
 0.021270 0.000000 0.021270 0.000000 
 0.021300 0.000001 0.021300 0.000000 
 0.021330 0.000000 0.021330 0.000000 
 0.021360 0.000000 0.021360 0.000000 
 0.021390 0.000000 0.021390 0.000000 
 0.021420 0.000000 0.021420 0.000000 
 0.021450 0.000000 0.021450 0.000000 
 0.021480 0.000000 0.021480 0.000000 
 0.021510 0.000000 0.021510 0.000000 
 0.021540 0.000000 0.021540 0.000000 
 0.021570 0.000000 0.021570 0.000000 
 0.021600 0.000000 0.021600 0.000000 
 0.021630 0.000000 0.021630 0.000000 
 0.021660 0.000000 0.021660 0.000000 
 0.021690 0.000000 0.021690 0.000000 
 0.021720 0.000000 0.021720 0.000000 
 0.021750 0.000000 0.021750 0.000000 
 0.021780 0.000000 0.021780 0.000000 
 0.021810 0.000000 0.021810 0.000000 
 0.021840 0.000000 0.021840 0.000000 
 0.021870 0.000000 0.021870 0.000000 
 0.021900 0.000000 0.021900 0.000000 
 0.021930 0.000000 0.021930 0.000000 
 0.021960 0.000000 0.021960 0.000000 
 0.021990 0.000000 0.021990 0.000000 
 0.022020 0.000000 0.022020 0.000000 
 0.022050 0.000000 0.022050 0.000000 
 0.022080 0.000000 0.022080 0.000000 
 0.022110 0.000000 0.022110 0.000000 
 0.022140 0.000000 0.022140 0.000000 
 0.022170 0.000000 0.022170 0.000000 
 0.022200 0.000000 0.022200 0.000000 
 0.022230 0.000000 0.022230 0.000000 
 0.022260 0.000000 0.022260 0.000000 
 0.022290 0.000000 0.022290 0.000000 
 0.022320 0.000000 0.022320 0.000000 
 0.022350 0.000000 0.022350 0.000000 
 0.022380 0.000000 0.022380 0.000000 
 0.022410 0.000000 0.022410 0.000000 
 0.022440 0.000000 0.022440 0.000000 
 0.022470 0.000000 0.022470 0.000000 
 0.022500 0.000000 0.022500 0.000000 
 0.022530 0.000000 0.022530 0.000000 
 0.022560 0.000000 0.022560 0.000000 
 0.022590 0.000000 0.022590 0.000000 
 0.022620 0.000000 0.022620 0.000000 
 0.022650 0.000000 0.022650 0.000000 
 0.022680 0.000000 0.022680 0.000000 
 0.022710 0.000000 0.022710 0.000000 
 0.022740 0.000000 0.022740 0.000000 
 0.022770 0.000000 0.022770 0.000000 
 0.022800 0.000000 0.022800 0.000000 
 0.022830 0.000000 0.022830 0.000000 
 0.022860 0.000000 0.022860 0.000000 
 0.022890 0.000000 0.022890 0.000000 
 0.022920 0.000000 0.022920 0.000000 
 0.022950 0.000000 0.022950 0.000000 
 0.022980 0.000000 0.022980 0.000000 
 0.023010 0.000000 0.023010 0.000000 
 0.023040 0.000000 0.023040 0.000000 
 0.023070 0.000000 0.023070 0.000000 
 0.023100 0.000000 0.023100 0.000000 
 0.023130 0.000000 0.023130 0.000000 
 0.023160 0.000000 0.023160 0.000000 
 0.023190 0.000000 0.023190 0.000000 
 0.023220 0.000000 0.023220 0.000000 
 0.023250 0.000000 0.023250 0.000000 
 0.023280 0.000000 0.023280 0.000000 
 0.023310 0.000000 0.023310 0.000000 
 0.023340 0.000000 0.023340 0.000000 
 0.023370 0.000000 0.023370 0.000000 
 0.023400 0.000000 0.023400 0.000000 
 0.023430 0.000000 0.023430 0.000000 
 0.023460 0.000000 0.023460 0.000000 
 0.023490 0.000000 0.023490 0.000000 
 0.023520 0.000000 0.023520 0.000000 
 0.023550 0.000000 0.023550 0.000000 
 0.023580 0.000000 0.023580 0.000000 
 0.023610 0.000000 0.023610 0.000000 
 0.023640 0.000000 0.023640 0.000000 
 0.023670 0.000000 0.023670 0.000000 
 0.023700 0.000000 0.023700 0.000000 
 0.023730 0.000000 0.023730 0.000000 
 0.023760 0.000000 0.023760 0.000000 
 0.023790 0.000000 0.023790 0.000000 
 0.023820 0.000000 0.023820 0.000000 
 0.023850 0.000000 0.023850 0.000000 
 0.023880 0.000000 0.023880 0.000000 
 0.023910 0.000000 0.023910 0.000000 
 0.023940 0.000000 0.023940 0.000000 
 0.023970 0.000000 0.023970 0.000000 
 0.024000 0.000000 0.024000 0.000000 
 0.024030 0.000000 0.024030 0.000000 
 0.024060 0.000000 0.024060 0.000000 
 0.024090 0.000000 0.024090 0.000000 
 0.024120 0.000000 0.024120 0.000000 
 0.024150 0.000000 0.024150 0.000000 
 0.024180 0.000000 0.024180 0.000000 
 0.024210 0.000000 0.024210 0.000000 
 0.024240 0.000000 0.024240 0.000000 
 0.024270 0.000000 0.024270 0.000000 
 0.024300 0.000000 0.024300 0.000000 
 0.024330 0.000000 0.024330 0.000000 
 0.024360 0.000000 0.024360 0.000000 
 0.024390 0.000000 0.024390 0.000000 
 0.024420 0.000000 0.024420 0.000000 
 0.024450 0.000000 0.024450 0.000000 
 0.024480 0.000000 0.024480 0.000000 
 0.024510 0.000000 0.024510 0.000000 
 0.024540 0.000000 0.024540 0.000000 
 0.024570 0.000000 0.024570 0.000000 
 0.024600 0.000000 0.024600 0.000000 
 0.024630 0.000000 0.024630 0.000000 
 0.024660 0.000000 0.024660 0.000000 
 0.024690 0.000000 0.024690 0.000000 
 0.024720 0.000000 0.024720 0.000000 
 0.024750 0.000000 0.024750 0.000000 
 0.024780 0.000000 0.024780 0.000000 
 0.024810 0.000000 0.024810 0.000000 
 0.024840 0.000000 0.024840 0.000000 
 0.024870 0.000000 0.024870 0.000000 
 0.024900 0.000000 0.024900 0.000000 
 0.024930 0.000000 0.024930 0.000000 
 0.024960 0.000000 0.024960 0.000000 
 0.024990 0.000000 0.024990 0.000000 
 0.025020 0.000000 0.025020 0.000000 
 0.025050 0.000000 0.025050 0.000000 
 0.025080 0.000000 0.025080 0.000000 
 0.025110 0.000000 0.025110 0.000000 
 0.025140 0.000000 0.025140 0.000000 
 0.025170 0.000000 0.025170 0.000000 
 0.025200 0.000000 0.025200 0.000000 
 0.025230 0.000000 0.025230 0.000000 
 0.025260 0.000000 0.025260 0.000000 
 0.025290 0.000000 0.025290 0.000000 
 0.025320 0.000000 0.025320 0.000000 
 0.025350 0.000000 0.025350 0.000000 
 0.025380 0.000000 0.025380 0.000000 
 0.025410 0.000000 0.025410 0.000000 
 0.025440 0.000000 0.025440 0.000000 
 0.025470 0.000000 0.025470 0.000000 
 0.025500 0.000000 0.025500 0.000000 
 0.025530 0.000000 0.025530 0.000000 
 0.025560 0.000000 0.025560 0.000000 
 0.025590 0.000000 0.025590 0.000000 
 0.025620 0.000000 0.025620 0.000000 
 0.025650 0.000000 0.025650 0.000000 
 0.025680 0.000000 0.025680 0.000000 
 0.025710 0.000000 0.025710 0.000000 
 0.025740 0.000000 0.025740 0.000000 
 0.025770 0.000000 0.025770 0.000000 
 0.025800 0.000000 0.025800 0.000000 
 0.025830 0.000000 0.025830 0.000000 
 0.025860 0.000000 0.025860 0.000000 
 0.025890 0.000000 0.025890 0.000000 
 0.025920 0.000000 0.025920 0.000000 
 0.025950 0.000000 0.025950 0.000000 
 0.025980 0.000000 0.025980 0.000000 
 0.026010 0.000000 0.026010 0.000000 
 0.026040 0.000000 0.026040 0.000000 
 0.026070 0.000000 0.026070 0.000000 
 0.026100 0.000000 0.026100 0.000000 
 0.026130 0.000000 0.026130 0.000000 
 0.026160 0.000000 0.026160 0.000000 
 0.026190 0.000000 0.026190 0.000000 
 0.026220 0.000000 0.026220 0.000000 
 0.026250 0.000000 0.026250 0.000000 
 0.026280 0.000000 0.026280 0.000000 
 0.026310 0.000000 0.026310 0.000000 
 0.026340 0.000000 0.026340 0.000000 
 0.026370 0.000000 0.026370 0.000000 
 0.026400 0.000000 0.026400 0.000000 
 0.026430 0.000000 0.026430 0.000000 
 0.026460 0.000000 0.026460 0.000000 
 0.026490 0.000000 0.026490 0.000000 
 0.026520 0.000000 0.026520 0.000000 
 0.026550 0.000000 0.026550 0.000000 
 0.026580 0.000000 0.026580 0.000000 
 0.026610 0.000000 0.026610 0.000000 
 0.026640 0.000000 0.026640 0.000000 
 0.026670 0.000000 0.026670 0.000000 
 0.026700 0.000000 0.026700 0.000000 
 0.026730 0.000000 0.026730 0.000000 
 0.026760 0.000000 0.026760 0.000000 
 0.026790 0.000000 0.026790 0.000000 
 0.026820 0.000000 0.026820 0.000000 
 0.026850 0.000000 0.026850 0.000000 
 0.026880 0.000000 0.026880 0.000000 
 0.026910 0.000000 0.026910 0.000000 
 0.026940 0.000000 0.026940 0.000000 
 0.026970 0.000000 0.026970 0.000000 
 0.027000 0.000000 0.027000 0.000000 
 0.027030 0.000000 0.027030 0.000000 
 0.027060 0.000000 0.027060 0.000000 
 0.027090 0.000000 0.027090 0.000000 
 0.027120 0.000000 0.027120 0.000000 
 0.027150 0.000000 0.027150 0.000000 
 0.027180 0.000000 0.027180 0.000000 
 0.027210 0.000000 0.027210 0.000000 
 0.027240 0.000000 0.027240 0.000000 
 0.027270 0.000000 0.027270 0.000000 
 0.027300 0.000000 0.027300 0.000000 
 0.027330 0.000000 0.027330 0.000000 
 0.027360 0.000000 0.027360 0.000000 
 0.027390 0.000000 0.027390 0.000000 
 0.027420 0.000000 0.027420 0.000000 
 0.027450 0.000000 0.027450 0.000000 
 0.027480 0.000000 0.027480 0.000000 
 0.027510 0.000000 0.027510 0.000000 
 0.027540 0.000000 0.027540 0.000000 
 0.027570 0.000000 0.027570 0.000000 
 0.027600 0.000000 0.027600 0.000000 
 0.027630 0.000000 0.027630 0.000000 
 0.027660 0.000000 0.027660 0.000000 
 0.027690 0.000000 0.027690 0.000000 
 0.027720 0.000000 0.027720 0.000000 
 0.027750 0.000000 0.027750 0.000000 
 0.027780 0.000000 0.027780 0.000000 
 0.027810 0.000000 0.027810 0.000000 
 0.027840 0.000000 0.027840 0.000000 
 0.027870 0.000000 0.027870 0.000000 
 0.027900 0.000000 0.027900 0.000000 
 0.027930 0.000000 0.027930 0.000000 
 0.027960 0.000000 0.027960 0.000000 
 0.027990 0.000000 0.027990 0.000000 
 0.028020 0.000000 0.028020 0.000000 
 0.028050 0.000000 0.028050 0.000000 
 0.028080 0.000000 0.028080 0.000000 
 0.028110 0.000000 0.028110 0.000000 
 0.028140 0.000000 0.028140 0.000000 
 0.028170 0.000000 0.028170 0.000000 
 0.028200 0.000000 0.028200 0.000000 
 0.028230 0.000000 0.028230 0.000000 
 0.028260 0.000000 0.028260 0.000000 
 0.028290 0.000000 0.028290 0.000000 
 0.028320 0.000000 0.028320 0.000000 
 0.028350 0.000000 0.028350 0.000000 
 0.028380 0.000000 0.028380 0.000000 
 0.028410 0.000000 0.028410 0.000000 
 0.028440 0.000000 0.028440 0.000000 
 0.028470 0.000000 0.028470 0.000000 
 0.028500 0.000000 0.028500 0.000000 
 0.028530 0.000000 0.028530 0.000000 
 0.028560 0.000000 0.028560 0.000000 
 0.028590 0.000000 0.028590 0.000000 
 0.028620 0.000000 0.028620 0.000000 
 0.028650 0.000000 0.028650 0.000000 
 0.028680 0.000000 0.028680 0.000000 
 0.028710 0.000000 0.028710 0.000000 
 0.028740 0.000000 0.028740 0.000000 
 0.028770 0.000000 0.028770 0.000000 
 0.028800 0.000000 0.028800 0.000000 
 0.028830 0.000000 0.028830 0.000000 
 0.028860 0.000000 0.028860 0.000000 
 0.028890 0.000000 0.028890 0.000000 
 0.028920 0.000000 0.028920 0.000000 
 0.028950 0.000000 0.028950 0.000000 
 0.028980 0.000000 0.028980 0.000000 
 0.029010 0.000000 0.029010 0.000000 
 0.029040 0.000000 0.029040 0.000000 
 0.029070 0.000000 0.029070 0.000000 
 0.029100 0.000000 0.029100 0.000000 
 0.029130 0.000000 0.029130 0.000000 
 0.029160 0.000000 0.029160 0.000000 
 0.029190 0.000000 0.029190 0.000000 
 0.029220 0.000000 0.029220 0.000000 
 0.029250 0.000000 0.029250 0.000000 
 0.029280 0.000000 0.029280 0.000000 
 0.029310 0.000000 0.029310 0.000000 
 0.029340 0.000000 0.029340 0.000000 
 0.029370 0.000000 0.029370 0.000000 
 0.029400 0.000000 0.029400 0.000000 
 0.029430 0.000000 0.029430 0.000000 
 0.029460 0.000000 0.029460 0.000000 
 0.029490 0.000000 0.029490 0.000000 
 0.029520 0.000000 0.029520 0.000000 
 0.029550 0.000000 0.029550 0.000000 
 0.029580 0.000000 0.029580 0.000000 
 0.029610 0.000000 0.029610 0.000000 
 0.029640 0.000000 0.029640 0.000000 
 0.029670 0.000000 0.029670 0.000000 
 0.029700 0.000000 0.029700 0.000000 
 0.029730 0.000000 0.029730 0.000000 
 0.029760 0.000000 0.029760 0.000000 
 0.029790 0.000000 0.029790 0.000000 
 0.029820 0.000000 0.029820 0.000000 
 0.029850 0.000000 0.029850 0.000000 
 0.029880 0.000000 0.029880 0.000000 
 0.029910 0.000000 0.029910 0.000000 
 0.029940 0.000000 0.029940 0.000000 
 0.029970 0.000000 0.029970 0.000000 
